#mmax= 10
#m-states: all states (FBR)
#Nr. of sites: 35
 
0.0  17.500000000000032 0.014285714285714679 
0.1  15.869112399547179 0.011653678820400692 
0.2  14.396211065868208 0.009336390937987438 
0.3  13.079344265463602 0.007370777543829088 
0.4  11.913066271091767 0.005888818109736738 
0.41  11.803116985584776 0.005776769007015958 
0.42  11.694002202812706 0.00567348566282766 
0.43  11.585434758192049 0.005577625208994408 
0.44  11.477514077736192 0.005493190692147487 
0.45  11.36991404633487 0.005422295565606139 
0.46  11.262439049267456 0.0053656072617949135 
0.47  11.154822516143325 0.005325750337260682 
0.48  11.047065690944326 0.005302934604548448 
0.49  10.939670577153668 0.005300474344688388 
0.5  10.833854605919695 0.005314983959656905 
0.51  10.73169670078451 0.005339232826177431 
0.52  10.63445727443581 0.005365226739122098 
0.53  10.542653503220702 0.0053867238359524006 
0.54  10.455885361031328 0.0054017301471855905 
0.55  10.373476748396207 0.005410928285262795 
0.56  10.29478615876678 0.005415197732830501 
0.57  10.219317230099188 0.00541590449130791 
0.58  10.146594357823016 0.005414253180059725 
0.59  10.076419176317463 0.005410533178536903 
0.6  10.008494910364231 0.005405568392915616 
0.7  9.422361444444153 0.005322576920442468 
0.8  8.952494328030948 0.005213692923087931 
0.9  8.55867320265582 0.005107579053068911 
1.0  8.219567925922854 0.005004280378835824 
1.1  7.922242255730329 0.004907981466441003 
1.2  7.657943682106313 0.004814239608819992 
1.3  7.420539799847439 0.00472377879251018 
1.4  7.205501218471377 0.004639236427774751 
1.5  7.009351702881681 0.004559130273813161 
1.6  6.829343459155314 0.00448291229687392 
1.7  6.663318063606391 0.0044109567165898644 
1.8  6.509460765398673 0.004342962311604581 
1.9  6.366363756683076 0.0042787684885770005 
2.0  6.232749789525126 0.004217485770867002 
2.1  6.107600004611973 0.004158986777430873 
2.2  5.99005117904717 0.004103188836655947 
2.3  5.879338071974047 0.004049872283406697 
2.4  5.774811326864394 0.003998859848151848 
2.5  5.675914193113997 0.003950094034519069 
2.6  5.582139576018486 0.00390329294800007 
2.7  5.493050940312995 0.003858149418399681 
2.8  5.408265795789542 0.0038147177700474932 
2.9  5.3274448677965704 0.003772883879774036 
3.0  5.2502904635228465 0.003732555323326614 
3.1  5.176506607141351 0.00369355796858839 
3.2  5.105904658531709 0.0036557155638217154 
3.3  5.038190268943113 0.0036196723493588934 
3.4  4.9731863743870734 0.003584028005671369 
3.5  4.910744485305445 0.0035503594247684456 
3.6  4.850698359324785 0.0035166353420216234 
3.7  4.792843501646123 0.00348486976734097 
3.8  4.737102231285747 0.003453788019745052 
3.9  4.683332237539564 0.0034240425301919064 
4.0  4.631428874880746 0.003394319649463573 
4.1  4.581249839445018 0.0033657103814966893 
4.2  4.532727276871334 0.003338012519588207 
4.3  4.485772054928897 0.0033113862081164402 
4.4  4.440290371972087 0.003285014720123547 
4.5  4.396207996123254 0.0032593621821980223 
4.6  4.3534564423034015 0.0032343653675275252 
4.7  4.311966545442405 0.003209960060945982 
4.8  4.271679843912577 0.0031861711747422916 
4.9  4.23253476581246 0.0031633487635088775 
5.0  4.194481975408253 0.0031406337843877807 
