#mmax= 10
#m-states: all states (FBR)
#Nr. of sites: 35
 
0.0  17.49999999999997 0.01428571428571157 
0.1  21.583705401820833 0.02101239312160097 
0.2  27.965111684790283 0.032246785571659276 
0.3  39.78080276773409 0.05538456683449933 
0.4  71.69415750624609 0.13069974795529304 
0.41  78.28031465026893 0.14764014210457044 
0.42  86.25540115535016 0.16840170463800952 
0.43  96.08470130876094 0.1939178679617577 
0.44  108.42232932806235 0.2253152582403659 
0.45  124.1464562649258 0.26360103000630486 
0.46  144.34956306846428 0.3091472842327445 
0.47  170.3964494024719 0.3613218326612818 
0.48  203.27119817935886 0.4172154160352666 
0.49  242.59652736198376 0.47167524418149476 
0.5  286.1964803562052 0.519620547349604 
0.51  329.48198664866857 0.5570402533649326 
0.52  368.91353172756976 0.584052138507793 
0.53  402.5814310495814 0.602523541526671 
0.54  430.6513561130507 0.6150150638167096 
0.55  454.2623687849502 0.6236787461008526 
0.56  474.3694516894981 0.629841124654281 
0.57  491.89019074576225 0.6344155250351426 
0.58  507.44274582980074 0.6379366048580575 
0.59  521.4296113982983 0.6407247487338362 
0.6  534.1362844397136 0.6429845983287741 
0.7  622.5455156097521 0.6537293766129362 
0.8  676.886821273884 0.6575733887465567 
0.9  716.0433579917817 0.6595798627945437 
1.0  746.5551752794709 0.6608270431289474 
1.1  771.4829584637941 0.6616858993891908 
1.2  792.5007917296658 0.6623177806732758 
1.3  810.6153655034403 0.6628043310999681 
1.4  826.4899638985646 0.6631918540653672 
1.5  840.5782901620445 0.663508399076123 
1.6  853.2119420028105 0.6637722237149477 
1.7  864.6339454846536 0.6639956421278843 
1.8  875.0407656021554 0.6641875400022366 
1.9  884.5696508912055 0.6643539740851685 
2.0  893.3477549341769 0.6644998863809014 
2.1  901.4707961900494 0.6646288546970489 
2.2  909.0162993720653 0.66474364043879 
2.3  916.0511014228895 0.6648464611698679 
2.4  922.6311179515187 0.6649390936644644 
2.5  928.8037858372019 0.6650229708622406 
2.6  934.6098745198473 0.6650992714041883 
2.7  940.0850492304246 0.6651689712801221 
2.8  945.2597070964317 0.6652328884705601 
2.9  950.1606123939389 0.6652917091056916 
3.0  954.8107323735755 0.6653460050569748 
3.1  959.2323917553131 0.6653962995229862 
3.2  963.4382173890355 0.6654429335865961 
3.3  967.452252696517 0.6654863885848326 
3.4  971.2910612070787 0.6655270108126254 
3.5  974.9586449444587 0.6655649431672237 
3.6  978.4680693873402 0.6656004482247202 
3.7  981.8388265248253 0.665633874517128 
3.8  985.071705956648 0.6656652798284446 
3.9  988.1784731883424 0.6656948782294592 
4.0  991.1641059644433 0.6657227749656656 
4.1  994.0429894996197 0.6657492038011481 
4.2  996.8171979646993 0.6657742204241357 
4.3  999.4929017422755 0.665797934294303 
4.4  1002.0771736936232 0.6658204597598452 
4.5  1004.5742041608414 0.6658418719016814 
4.6  1006.9887307577421 0.665862249836243 
4.7  1009.3256601362996 0.6658816712518527 
4.8  1011.5886511249123 0.6659001966028044 
4.9  1013.7814385970586 0.6659178850087397 
5.0  1015.9084102535198 0.6659347995869116 
