#mmax= 10
#m-states: all states (FBR)
#Nr. of sites: 35
 
0.0  2.7798929052033567e-21 
0.1  0.025780079877518586 
0.2  0.05654111377959964 
0.3  0.09903661373879578 
0.4  0.16602706016000474 
0.41  0.1750729820610173 
0.42  0.18475261661164663 
0.43  0.1951541986888395 
0.44  0.2063826637475006 
0.45  0.2185713270340111 
0.46  0.2318667522526379 
0.47  0.24642213926116685 
0.48  0.26228959223035064 
0.49  0.27924589168980535 
0.5  0.29672909620840443 
0.51  0.3137506704414428 
0.52  0.3295675393891805 
0.53  0.34379447857656537 
0.54  0.35648132345512007 
0.55  0.3678915124701011 
0.56  0.3782461752055119 
0.57  0.38776576357084946 
0.58  0.3966051326935316 
0.59  0.40486821511807586 
0.6  0.4126314700969806 
0.7  0.47259300093067474 
0.8  0.5139594654688183 
0.9  0.5454415687663078 
1.0  0.5707535004006936 
1.1  0.5918468906312502 
1.2  0.6098713415732445 
1.3  0.6255566567671766 
1.4  0.6394012495546538 
1.5  0.65175672550938 
1.6  0.6628849429165371 
1.7  0.6729822790711425 
1.8  0.682208013186182 
1.9  0.6906776091247295 
2.0  0.6984956324297872 
2.1  0.7057430802515069 
2.2  0.7124860263283415 
2.3  0.7187812613686146 
2.4  0.7246766814851594 
2.5  0.7302133677469446 
2.6  0.7354263313223326 
2.7  0.7403465130972773 
2.8  0.7450003458885811 
2.9  0.7494112367703717 
3.0  0.7535994493713245 
3.1  0.7575839603340278 
3.2  0.7613772612372953 
3.3  0.7649985814011305 
3.4  0.7684631959913022 
3.5  0.7717752667255282 
3.6  0.7749464467803646 
3.7  0.7779925479191989 
3.8  0.780915690943567 
3.9  0.7837258293691117 
4.0  0.7864278133175794 
4.1  0.7890333551619153 
4.2  0.7915451169654353 
4.3  0.7939685843249167 
4.4  0.7963097696870394 
4.5  0.7985725083572697 
4.6  0.8007610291858333 
4.7  0.8028797059734167 
4.8  0.8049318565307599 
4.9  0.8069206900335554 
5.0  0.8088503409987621 
