#mmax= 10
#m-states: all states (FBR)
#Nr. of sites: 35
 
0.0 1.4210854715202004e-14
0.1 -0.21304036628644243
0.2 -0.859083349797018
0.3 -1.9625968134013614
0.4 -3.5817925796242696
0.41 -3.7764276772372516
0.42 -3.977786296881114
0.43 -4.186155012984836
0.44 -4.401865715996923
0.45 -4.625311077584575
0.46 -4.856948419836485
0.47 -5.097312035518996
0.48 -5.346983316497827
0.49 -5.606503247282284
0.5 -5.876195912093792
0.51 -6.1559718189918895
0.52 -6.44528182001752
0.53 -6.7432880279785365
0.54 -7.049101469108467
0.55 -7.361930896691604
0.56 -7.68112498312837
0.57 -8.006155257880238
0.58 -8.33659029508938
0.59 -8.672068571657888
0.6 -9.012283979021333
0.7 -12.62785456515887
0.8 -16.53673027247101
0.9 -20.65806855651202
1.0 -24.945110280186114
1.1 -29.367358932581695
1.2 -33.903356342580665
1.3 -38.537174684159595
1.4 -43.25651680800948
1.5 -48.05160174273982
1.6 -52.914472343310294
1.7 -57.83851892672554
1.8 -62.81818144226697
1.9 -67.84871176365598
2.0 -72.92601764675494
2.1 -78.04653742060043
2.2 -83.2071463222246
2.3 -88.40508378170458
2.4 -93.63789489088528
2.5 -98.9033846265155
2.6 -104.19958242741619
2.7 -109.5247112528054
2.8 -114.8771552217069
2.9 -120.25544651308773
3.0 -125.65824477886449
3.1 -131.08432181838327
3.2 -136.53254646325814
3.3 -142.00188326412388
3.4 -147.49137069848277
3.5 -153.0001176065412
3.6 -158.52729783605457
3.7 -164.0721430313593
3.8 -169.63393678413456
3.9 -175.2120096476375
4.0 -180.80573506434894
4.1 -186.41452625371113
4.2 -192.03783209842643
4.3 -197.67513359085112
4.4 -203.32594280519245
4.5 -208.98979919044478
4.6 -214.6662679811608
4.7 -220.35493793983392
4.8 -226.05541954073252
4.9 -231.76734411290346
5.0 -237.49036131485127
