#mmax= 10
#m-states: all states (FBR)
#Nr. of sites: 35
 
0.0  8.881784197001256e-16 
0.1  0.006345582617602264 
0.2  0.026701457173590404 
0.3  0.06678894925504576 
0.4  0.14971935839567857 
0.41  0.16353599297034024 
0.42  0.1794040096991435 
0.43  0.19797782044535137 
0.44  0.22022316773874723 
0.45  0.24761072523578073 
0.46  0.282210555299528 
0.47  0.32688704031390514 
0.48  0.3842322867075093 
0.49  0.4538079714050351 
0.5  0.5296686346963184 
0.51  0.598557808216629 
0.52  0.6505941856837941 
0.53  0.6832777139234382 
0.54  0.7010540351912252 
0.55  0.7097681781756188 
0.56  0.713475615015088 
0.57  0.7147204557616313 
0.58  0.7148040465982891 
0.59  0.7143770543681544 
0.6  0.7137590467663733 
0.7  0.7090602283935716 
0.8  0.7071879027067703 
0.9  0.7062625316050063 
1.0  0.7056208332574587 
1.1  0.7052820919046824 
1.2  0.7050083845640863 
1.3  0.7048694346947261 
1.4  0.7046711925639422 
1.5  0.7045251957256043 
1.6  0.7044026881443397 
1.7  0.7043062005498174 
1.8  0.704209713524124 
1.9  0.7041382037907903 
2.0  0.7040650629759239 
2.1  0.7040025795646214 
2.2  0.7039433999665864 
2.3  0.703890160981383 
2.4  0.7038404348652897 
2.5  0.7038004077179325 
2.6  0.7037587400557979 
2.7  0.7037245016843529 
2.8  0.7036941680218709 
2.9  0.7036632940440296 
3.0  0.70363471487745 
3.1  0.7036070563704769 
3.2  0.7035811200964546 
3.3  0.7035563557796205 
3.4  0.7035340440498573 
3.5  0.7035119629637233 
3.6  0.7034919476429113 
3.7  0.7034720227393818 
3.8  0.7034531379759548 
3.9  0.7034350610932281 
4.0  0.7034180411178028 
4.1  0.7034011825704065 
4.2  0.703385381523466 
4.3  0.7033702016615827 
4.4  0.7033558752447321 
4.5  0.7033420090104252 
4.6  0.7033287617037225 
4.7  0.7033160096115684 
4.8  0.7033037540965376 
4.9  0.703291979233195 
5.0  0.7032805446420304 
