#mmax= 10
#m-states: all states (FBR)
#Nr. of sites: 35
 
0.0  4.440892098500625e-16 
0.1  0.022975390613028345 
0.2  0.07702574314684733 
0.3  0.16004983662743366 
0.4  0.29198635654653704 
0.41  0.31098458905832826 
0.42  0.33209385989649093 
0.43  0.355954580032292 
0.44  0.38348966737361645 
0.45  0.41599859209598894 
0.46  0.4550062713149667 
0.47  0.5021870395706517 
0.48  0.5576851520872371 
0.49  0.6178168442983626 
0.5  0.6752298139865128 
0.51  0.7202469757312496 
0.52  0.7493581163802 
0.53  0.764370701264896 
0.54  0.7700937993597375 
0.55  0.7708254462926781 
0.56  0.7691768780229185 
0.57  0.7666251127287682 
0.58  0.7638555161195508 
0.59  0.7611730676033409 
0.6  0.7587008123605808 
0.7  0.7442771434832904 
0.8  0.7384713608826099 
0.9  0.7354599054620317 
1.0  0.7335810720201368 
1.1  0.7323544987211462 
1.2  0.7314455801504126 
1.3  0.7307820597541312 
1.4  0.7302073551022963 
1.5  0.729741226026271 
1.6  0.7293493785898918 
1.7  0.7290165044150112 
1.8  0.7287212077483749 
1.9  0.7284679153540046 
2.0  0.7282371560285338 
2.1  0.7280318439615031 
2.2  0.7278449584002904 
2.3  0.7276754107182829 
2.4  0.7275199477365618 
2.5  0.7273793791089842 
2.6  0.7272480026411566 
2.7  0.7271284238135091 
2.8  0.7270182118030218 
2.9  0.7269141259375685 
3.0  0.7268170380917577 
3.1  0.7267256843171211 
3.2  0.7266394824459019 
3.3  0.7265587264895866 
3.4  0.7264825847259254 
3.5  0.7264103926259354 
3.6  0.7263425288386669 
3.7  0.7262775197332934 
3.8  0.7262158473735872 
3.9  0.7261570942742451 
4.0  0.7261014090800435 
4.1  0.7260477460110256 
4.2  0.7259965972339757 
4.3  0.7259476355753316 
4.4  0.7259008536784318 
4.5  0.7258559037238916 
4.6  0.7258128195884782 
4.7  0.7257714061274583 
4.8  0.7257315797914449 
4.9  0.7256932605977586 
5.0  0.7256562811519329 
