0.0  -2.2204460492503128e-16  0.0
0.1  0.0062986442552578955  0.0002513476878259671
0.2  0.026829825014144725  0.0005214234633165982
0.3  0.06551201739131454  0.0008223190415194824
0.4  0.14890710275599542  0.0012740058596749854
0.41  0.16252337170911826  0.0013371704026615425
0.42  0.18084897510002032  0.0014141572794464997
0.43  0.1982515208653002  0.0014902431135883451
0.44  0.2229962063079368  0.0015920685626865433
0.45  0.2465057427188438  0.0016918735731683602
0.46  0.2798749793140528  0.0018221738306127197
0.47  0.3270222603251606  0.0019984049689948285
0.48  0.38387745515824423  0.002200144604947344
0.49  0.45390931949677066  0.002439968925030818
0.5  0.5323976423075256  0.002721055811646218
0.51  0.60241252914392  0.0029495727384048435
0.52  0.6476037975501044  0.003115173106254926
0.53  0.6847059927293069  0.0032205757251109125
0.54  0.6951437857532304  0.003261931120555061
0.55  0.7100835589874738  0.0033036970549826013
0.56  0.7166174698603486  0.0033115080137305006
0.57  0.7122703190349282  0.0033055662756900812
0.58  0.71964495342824  0.0033215100802436127
0.59  0.7123998633804906  0.0032967681314287466
0.6  0.711588200625953  0.003290046355796864
0.7  0.7058341522443511  0.0032525605853678664
0.8  0.7077738119822173  0.003251627127338468
0.9  0.7074844716623272  0.003244361409120049
1.0  0.6996675954281419  0.0032201358912193703
1.1  0.7053926776538672  0.003238947570974677
1.2  0.7080742291055532  0.0032440668023115877
1.3  0.7043783217169393  0.0032332652044555635
1.4  0.7043801139584813  0.0032307525554647314
1.5  0.7089129249546906  0.0032462836551202293
1.6  0.6995286185136449  0.0032194055492624444
1.7  0.7052114233928385  0.003235108197496015
1.8  0.7060405579954478  0.0032388834777684074
1.9  0.7090127573301015  0.003242012853717466
2.0  0.7029440691739868  0.003227645890724371
2.1  0.6994489004074982  0.0032177799126907477
2.2  0.6972557856620792  0.0032088712629066885
2.3  0.7007209963792789  0.0032222714058505325
2.4  0.7022093315018035  0.0032255215311259924
2.5  0.7051616070754572  0.0032289576011368653
2.6  0.7052562501755288  0.003234765869761084
2.7  0.7050137243641358  0.003230461216296833
2.8  0.7065158910342619  0.0032374887435357167
2.9  0.7007587407336793  0.0032187150457024523
3.0  0.7020553993211281  0.0032222716960839974
3.1  0.7040987383931129  0.0032288813953987795
3.2  0.701614963103306  0.003221896064369348
3.3  0.7064880918055387  0.0032385395309761297
3.4  0.7075703566712672  0.00323907253774833
3.5  0.7013431650289804  0.003218473848020727
3.6  0.7061181005770688  0.003235501681179064
3.7  0.7020837146319309  0.0032254451536047873
3.8  0.7065311332444705  0.003236239879546929
3.9  0.6991076455001123  0.0032153265096826643
4.0  0.7058773594673837  0.003232353305975774
4.1  0.7039044015232756  0.0032280868260215197
4.2  0.697114755013145  0.003210557925554298
4.3  0.7072802869423759  0.003238138251358768
4.4  0.7014467942694689  0.0032260648326664677
4.5  0.703602347465727  0.0032267749021448627
4.6  0.7060271768374987  0.003230395318274621
4.7  0.7018984595675039  0.003223051040746596
4.8  0.6999372327330345  0.0032210287159367013
4.9  0.6969525174830618  0.003207413383833274
5.0  0.7013421532514105  0.0032191157235301263
0.0  -2.2204460492503128e-16  0.0
0.1  0.006410456646801548  0.0002535973101597844
0.2  0.026794513202765765  0.0005211275677181168
0.3  0.06702700179958346  0.0008381723197296702
0.4  0.15034065600890473  0.0012796784120144315
0.41  0.16420244803088901  0.0013468269372638915
0.42  0.18153448277291942  0.00141888522172807
0.43  0.19788705618308253  0.0014932579133801604
0.44  0.2211740398644096  0.0015853062776759433
0.45  0.25079013083404617  0.001703627137464997
0.46  0.2850921775503133  0.0018288896742589334
0.47  0.32774244609491593  0.0020039231568094247
0.48  0.3838773209371572  0.002201149329365821
0.49  0.45340020772907047  0.0024463106876033785
0.5  0.5278419010289468  0.0027000334780441448
0.51  0.6023677244582637  0.002954093814513782
0.52  0.6481583280247754  0.0031098313178499707
0.53  0.6787168428861972  0.0032116480196078493
0.54  0.6983423226192984  0.0032706961350331175
0.55  0.7122780196058864  0.0033097515196639153
0.56  0.7122429385112817  0.003303356910293165
0.57  0.714155825687662  0.003303338183722983
0.58  0.7159529370605275  0.003302610108844456
0.59  0.7142662065901537  0.0032943590768591477
0.6  0.7122148422236895  0.0032898027864708052
0.7  0.7063600444503728  0.003257889224408589
0.8  0.7043204298472866  0.003239308196031604
0.9  0.7088337129996694  0.0032510362819994404
1.0  0.7093659912713761  0.0032565231217405004
1.1  0.7046183351133614  0.0032315625007988003
1.2  0.7067544076986179  0.003242149184808016
1.3  0.7026604347846643  0.003229848982435473
1.4  0.70937710096907  0.003247015360817043
1.5  0.7024886040610655  0.003230447669045508
1.6  0.7019215010505842  0.003228023210147002
1.7  0.7012829715930253  0.003225414240032384
1.8  0.7080756479682121  0.0032409202843487668
1.9  0.7078634368328908  0.0032438267178956847
2.0  0.7064777664102732  0.003237386729072133
2.1  0.7004442414768275  0.0032209710327530576
2.2  0.7081922339646766  0.003247468399599425
2.3  0.7029805851373809  0.003225537041578982
2.4  0.7065222018941874  0.003233648504365673
2.5  0.7043140993538936  0.003231670328377286
2.6  0.7077588407045811  0.003243817376401439
2.7  0.7081883292002175  0.003240234926473112
2.8  0.7024446683321912  0.0032254199575474257
2.9  0.7046866257179341  0.0032295461784445836
3.0  0.7025813431425232  0.003227762105082522
3.1  0.6966057363257945  0.0032079550677499616
3.2  0.6977821459006034  0.0032072599542339072
3.3  0.708269049058518  0.003243295688264539
3.4  0.7012961369243699  0.0032220362206382917
3.5  0.7098566047845619  0.0032521192275659938
3.6  0.7038909044629914  0.0032309258400164322
3.7  0.7001277580463948  0.003219590406881775
3.8  0.7057632896877887  0.0032304736675603796
3.9  0.6994594558158139  0.003215446720154827
4.0  0.7006534726944473  0.003217905701675439
4.1  0.7106664994429777  0.0032504081406686176
4.2  0.7010969200172985  0.0032163772593814415
4.3  0.7015188703020946  0.0032203131193492907
4.4  0.7054638163034451  0.0032334643048917626
4.5  0.7109701367189663  0.003254428269536541
4.6  0.6984218970150445  0.003211284514826227
4.7  0.7045220113476975  0.0032283279584070022
4.8  0.7015565779459472  0.0032239694735628137
4.9  0.7010941172153055  0.0032187799669032217
5.0  0.7039102664631074  0.003229539441997693
