#mmax= 10
#m-states: all states (FBR)
#Nr. of sites: 35

0.0  0.0 0.0 0.0 NaN NaN 0.0 
0.1  0.00044 0.0019495733052031466 0.38008360723607215 -0.06837487547000674 10.448282508295781 0.0 
0.2  -0.00566 0.0039006963222376063 1.5215431798317987 -0.01134067565704552 2.4293946445258987 0.0 
0.3  0.00114 0.005902875184463453 3.484393544335445 -0.007773073689708913 1.032253442062653 0.0 
0.4  -0.00762 0.007967863843248218 6.348685422454225 -0.019418884681508437 0.4786433083983841 0.0 
0.41  0.00592 0.008135914912725839 6.619311146711468 0.016782342780876505 0.45218712016000095 0.0 
0.42  -0.0043 0.008405005743080455 7.064412154121542 0.005369037678493716 0.38840472900522016 0.0 
0.43  -0.0051 0.008617011223668232 7.425288242882427 -0.001727565727869922 0.35411886672923565 0.0 
0.44  -0.00266 0.008861710587868766 7.852991454314541 -0.0039176920262988186 0.32463687390525564 0.0 
0.45  -0.00122 0.009086231931450304 8.255961071210713 0.00013728036709382608 0.3196206336685785 0.0 
0.46  0.01866 0.00932271350915986 8.691298717387173 0.009195824334208352 0.2847060593259316 0.0 
0.47  -0.00388 0.009620975786673142 9.256317508775087 -0.011690471837839507 0.2687204916432453 0.0 
0.48  0.00924 0.00988045153103969 9.762332245722456 -0.0056459149949331 0.24052502566583955 0.0 
0.49  -0.00182 0.010141271879303566 10.284539532995328 -0.00036647695343865335 0.20980305964566304 0.0 
0.5  -0.01612 0.01042888724039582 10.876168907289074 0.005291913479318252 0.17900840653629357 0.0 
0.51  0.01428 0.010717794060677563 11.487110952709525 -0.012245518768568258 0.16980793532016492 0.0 
0.52  -0.00434 0.010945785021920425 11.981020974609754 -0.004273173532396849 0.1388894716028517 0.0 
0.53  0.00938 0.011179157834635798 12.497356989169894 -0.015433244119055473 0.13416399301143445 0.0 
0.54  0.01558 0.0113775246480362 12.944806711667123 0.0018380066804163854 0.11196085691823177 0.0 
0.55  0.00782 0.011527997112385752 13.28947174231742 -0.006483310027461284 0.10551052629523783 0.0 
0.56  -0.01578 0.011721232178778726 13.738728378883788 -0.006471176015312869 0.10008401764243446 0.0 
0.57  0.02574 0.011858127199343357 14.061518067580671 -0.021335065311939874 0.10401960627001205 0.0 
0.58  0.00016 0.012029723475062464 14.471424688646891 5.1112907406181696e-5 0.08871180434912684 0.0 
0.59  0.01152 0.012207512569300567 14.902336312963131 0.018064751909878475 0.07008999502131763 0.0 
0.6  0.01466 0.012312910578805857 15.160776692166921 0.009985916496887045 0.07330826286084191 0.0 
0.7  0.02754 0.013381636901592485 17.906820616606172 -0.0005176910612979165 0.05325431070966724 0.0 
0.8  -0.00296 0.014178276433305501 20.10235226192262 0.0008959077331133295 0.025750795789561742 0.0 
0.9  -0.02186 0.014803466243759543 21.91426128301283 -0.002129616735888439 -0.0007691031773005008 0.0 
1.0  -0.01213 0.015392816442060892 23.693879801898014 -0.01133859443388126 0.01726769118253868 0.0 
1.1  0.01219 0.015941065058977463 25.411755521455216 -0.00071296786510936 0.016836562713066883 0.0 
1.2  0.00276 0.016362670967602203 26.773700119401198 0.003382247525580082 0.03463206072204983 0.0 
1.3  0.00852 0.016837188274919604 28.349090900509015 0.001651815963455546 0.008678490543877704 0.0 
1.4  -0.04418 0.017267236688324757 29.815746285062858 -0.010299170061658843 0.015515987406332865 0.0 
1.5  -0.01401 0.017597921299612084 30.968683406734062 0.0043456431316658255 0.0139292972919427 0.0 
1.6  -0.01871 0.017929467756103084 32.14658140171401 0.006521421694180876 0.01152472341270716 0.0 
1.7  0.01634 0.018259339092054804 33.340346407864075 -0.006040747194717202 0.009143858738565935 0.0 
1.8  -0.00495 0.018524289094803737 34.31492864678646 -0.007870238116893061 -0.009690209159676666 0.0 
1.9  0.00082 0.018878197931465054 35.63863571395714 0.007671300019072351 0.0033419150229834216 0.0 
2.0  -0.01429 0.019260097805376658 37.09513674726748 0.0019907522522893666 -0.021887009723832396 0.0 
2.1  0.00358 0.019389786782590332 37.59638314743148 0.010279442775123288 0.01302636822226999 0.0 
2.2  0.01863 0.0196555461037318 38.63404926359263 -0.0077729627083809125 0.016114085593424754 0.0 
2.3  -0.00669 0.019923644795950855 39.69516219552195 -0.007621897187143278 0.009375222474240719 0.0 
2.4  0.01853 0.020197983710669234 40.79585459764598 0.0032476423000118524 0.0009067905297466261 0.0 
2.5  -0.00543 0.020428313153826066 41.73159783107831 0.009582725880768295 -0.014347945588029543 0.0 
2.6  -0.00467 0.020659054912471157 42.67965498764987 -0.004683276547148208 0.009931063426907638 0.0 
2.7  0.01964 0.020828031130493536 43.38068807728079 0.002259105279902995 -0.004829431239676385 0.0 
2.8  -0.00681 0.021104267107386162 44.539009013990146 -0.004998240125125059 0.010549604644334742 1.331493239e-314 
2.9  0.01113 0.021313174417365365 45.42514037450374 -0.0011189246387740765 -0.0025653311630264852 4.28828e-318 
3.0  -0.00919 0.02159972038981545 46.65479209182092 0.008450657540697471 -0.011490753768389705 2.95982268537446e-305 
3.1  -0.02868 0.02170488621478712 47.11020855968559 0.01822717865250187 0.0020002151014426595 4.175508908551504e-300 
3.2  -0.00743 0.021967666551883414 48.25783737347374 0.008204610867160072 0.0054388544584837994 6.947700621783163e-292 
3.3  -0.02161 0.02204785457040915 48.610789115791164 0.00524845187136769 0.024943854253510978 1.1350916508350873e-286 
3.4  -0.00334 0.022273474123281605 49.61076495204952 0.0027346854311561452 0.021079330756889725 3.7528630059585267e-299 
3.5  0.0118 0.022509701785380115 50.668667446674476 -0.016286725837144467 0.00366561648624808 4.0764445252535145e-284 
3.6  0.02457 0.022659735165861446 51.346359778697796 0.006480668894487176 0.010515222481540132 6.507212553982709e-274 
3.7  -0.02847 0.022865249239560625 52.28196227872279 -0.002929878139854591 0.006319488182783939 1.0995699826251591e-270 
3.8  0.00586 0.022942234417449418 52.634612006520065 -0.0013398407845988645 -0.00020731409440921666 2.0489675674272987e-266 
3.9  0.00421 0.02318736076607238 53.76536992959928 0.0004653654833743195 0.02895710853041633 7.816304147215666e-262 
4.0  -0.02214 0.023255866067662702 54.08353065570655 0.006481047646967791 0.004590767725855649 1.3730695464839095e-255 
4.1  0.00904 0.023437023610619955 54.92940757247573 0.002741020025124066 0.029186491044722818 1.4766679274381121e-255 
4.2  0.01392 0.023602619201527866 55.70836331723318 0.011931501014923114 -0.0059571633006552105 3.973546055218424e-257 
4.3  0.0211 0.023810082257316355 56.6920017100171 -0.00406665964708216 0.002324742302799887 2.1152977409274436e-243 
4.4  -0.0012 0.023932156465331967 57.274811308113065 -0.003941706823231085 -0.006031543475549572 3.136464808754386e-247 
4.5  -0.01964 0.024080854253522983 57.98875415794159 0.007426859530256542 0.0074370303661832615 5.6668887546557175e-247 
4.6  -0.02912 0.024271905807128437 58.91254115101151 0.004673278637261511 -0.01511422777969873 7.560115625430446e-237 
4.7  -0.0085 0.02435525424388119 59.31784092840927 0.0013936162211604086 -0.005312035964967432 2.6064300804944116e-260 
4.8  0.01531 0.024443770801950964 59.74979310183104 -0.001562582840378553 0.01799760073483414 6.92648712147261e-233 
4.9  0.00385 0.024682188798391413 60.92104438794385 -0.005705570400717367 0.011842888431608412 2.028961400917828e-236 
5.0  0.00783 0.024741042987373858 61.211920810308115 0.009954158863961109 -0.01113166328877746 2.8065677274496546e-239 
