#mmax= 10
#m-states: all states (FBR)
#Nr. of sites: 35
 
0.0  7.005484350541035e-41 
0.1  0.002481033694428602 
0.2  0.009691488010149532 
0.3  0.020902284978406623 
0.4  0.03467265762365751 
0.41  0.036098595680612244 
0.42  0.03751857213040351 
0.43  0.03892702668531195 
0.44  0.04031776716960657 
0.45  0.041683493808335366 
0.46  0.04301486730373298 
0.47  0.04430126231037335 
0.48  0.045529980009106436 
0.49  0.0466894792011936 
0.5  0.04777524861803475 
0.51  0.04879458089747784 
0.52  0.0497632181113369 
0.53  0.05069778636376424 
0.54  0.05160869649415849 
0.55  0.05250003777525064 
0.56  0.053373950401327905 
0.57  0.05423043142266351 
0.58  0.05506983336588027 
0.59  0.055892189723675656 
0.6  0.05669841837517152 
0.7  0.06400282694225808 
0.8  0.07029543918721826 
0.9  0.0759127943599884 
1.0  0.08104978099201192 
1.1  0.08582510777732068 
1.2  0.09031632536688722 
1.3  0.09457668492172078 
1.4  0.09864372017400914 
1.5  0.10254537680014006 
1.6  0.10630354576932213 
1.7  0.109934723465554 
1.8  0.11345147366597992 
1.9  0.11686639893872608 
2.0  0.12018744706917135 
2.1  0.1234219435893627 
2.2  0.12657702536811027 
2.3  0.1296587021679585 
2.4  0.13267217360068603 
2.5  0.1356212866746367 
2.6  0.13851082723808272 
2.7  0.1413442052398528 
2.8  0.1441246404981916 
2.9  0.14685482879397294 
3.0  0.14953735678977975 
3.1  0.15217509287777103 
3.2  0.15477091868984166 
3.3  0.1573264727112121 
3.4  0.15983849286156496 
3.5  0.1623166048072791 
3.6  0.16476049708910048 
3.7  0.167167293961854 
3.8  0.16954308864443882 
3.9  0.1718876955447992 
4.0  0.17420425686323834 
4.1  0.17648931511872404 
4.2  0.17874653475403487 
4.3  0.18097700268468173 
4.4  0.18318056844903485 
4.5  0.18535940581387683 
4.6  0.18751432213439406 
4.7  0.1896454699497397 
4.8  0.19175403393846868 
4.9  0.19384172417796589 
5.0  0.19590628502234259 
