#mmax= 10
#m-states: all states (FBR)
#Nr. of sites: 35
 
0.0  -2.7819293911767318e-8 
0.1  -2.0327275257241e-8 
0.2  -1.4922067534089206e-7 
0.3  3.576002102442397e-6 
0.4  -2.107946659071976e-6 
0.41  4.84978244440595e-6 
0.42  1.4432582913675665e-5 
0.43  -5.0979298363837535e-6 
0.44  -1.779634596244596e-5 
0.45  2.5281437549425195e-6 
0.46  -9.078185034872959e-5 
0.47  3.9255900672771495e-5 
0.48  8.811212602596988e-5 
0.49  -5.182303367584721e-5 
0.5  -0.0002452413006248911 
0.51  -0.0030211203124733926 
0.52  -0.002279289621147598 
0.53  -0.0023739771031926265 
0.54  0.0010460062970550769 
0.55  0.0020983763171498328 
0.56  0.003988285051169552 
0.57  0.0028561642326077434 
0.58  -3.374676423792841e-5 
0.59  0.00021633233919402125 
0.6  0.0005118301389284058 
0.7  -0.030934351090165037 
0.8  -0.12475205676041706 
0.9  0.13045413099109301 
1.0  -0.288063479718962 
1.1  -0.2430941145630306 
1.2  -0.2481507938828117 
1.3  -0.07323206613530607 
1.4  -0.172390016677415 
1.5  -0.18804382981849124 
1.6  -0.1993349423359308 
1.7  -0.18892494481156288 
1.8  -0.20761483243823148 
1.9  -0.19446857702477746 
2.0  -0.20293413173430289 
2.1  -0.2035824441924171 
2.2  -0.21003814529548756 
2.3  -0.21462936245869643 
2.4  -0.22101977327710995 
2.5  -0.21455407315010597 
2.6  -0.2190596474106357 
2.7  -0.21370355362382226 
2.8  -0.20529888718626632 
2.9  -0.20311564019512887 
3.0  -0.20040868721687125 
3.1  -0.1999646885572432 
3.2  -0.19907867575737476 
3.3  -0.1995831319266036 
3.4  -0.1969874552312516 
3.5  -0.19717089551947578 
3.6  -0.19515003448933682 
3.7  -0.1953897823703826 
3.8  -0.19555063191834082 
3.9  -0.19595768874007302 
4.0  -0.1960115809181861 
4.1  -0.1973995203769482 
4.2  -0.1978828598590175 
4.3  -0.1985183582224589 
4.4  -0.19856346050371593 
4.5  -0.19893147933318345 
4.6  -0.1991019641387035 
4.7  -0.19935998281198522 
4.8  -0.19953371217838087 
4.9  -0.19967474163239182 
5.0  -0.19999513400668073 
