#mmax= 10
#m-states: all states (FBR)
#Nr. of sites: 35

0.0  -2.2204460492503128e-16  0.0
0.1  -0.0  1.3055929298937612e-19
0.2  -0.0  2.618986617432262e-19
0.3  -0.0  2.470501821467516e-19
0.4  2.000020000268671e-5  1.4142347759124126e-5
0.41  4.000080002137398e-5  2.0000500014750485e-5
0.42  -0.0  3.040060476847542e-19
0.43  8.000320017064589e-5  2.828554411427271e-5
0.44  7.000245011435383e-5  2.6458571465411338e-5
0.45  6.000180007195222e-5  2.4495754786904505e-5
0.46  7.000245011435383e-5  2.6458571465411345e-5
0.47  0.00015001125112511004  3.873293219155276e-5
0.48  0.00019001805228668268  4.3593348946872144e-5
0.49  0.00023002645405631884  4.79640712118901e-5
0.5  0.0003500612642953807  5.917144954709604e-5
0.51  0.0004901200892307414  7.001750639360686e-5
0.52  0.0005301404996454317  7.282076296081121e-5
0.53  0.0006602178958794559  8.126761299009546e-5
0.54  0.0010605621973211702  0.0001030114267270313
0.55  0.0010905944820295721  0.00010446053362132547
0.56  0.0013709393079993036  0.00011712784441850381
0.57  0.001471081510009718  0.0001213333755809749
0.58  0.001711463718877508  0.00013087957205914103
0.59  0.0018817694180183597  0.00013724284654532783
0.6  0.002022042951638509  0.0001422711812061869
0.7  0.0047512694254773  0.00021823432887207357
0.8  0.007356996452991681  0.0002717388356819753
0.9  0.010535301913719835  0.00032543969519250405
1.0  0.013298028118007153  0.0003658821391592204
1.1  0.01674949276813285  0.00041098322099671303
1.2  0.020610953670926628  0.00045634454345389253
1.3  0.024600116847189313  0.0004990535570523759
1.4  0.027782380681372055  0.0005307748240498082
1.5  0.030974803898357852  0.0005608906220016353
1.6  0.0333189532790873  0.0005820702288252194
1.7  0.037816099095420594  0.0006208108504847771
1.8  0.04089491189934995  0.0006460885422468805
1.9  0.043419112517044084  0.0006661528058690594
2.0  0.04910620592611447  0.0007094532473791488
2.1  0.05103016515518674  0.0007235686182223511
2.2  0.054107757515352586  0.00074564656127336
2.3  0.056983124986093536  0.0007657579344019282
2.4  0.06073774331349329  0.0007913331414465619
2.5  0.06389871590594626  0.0008123119799509335
2.6  0.06760453743904636  0.0008363180544206563
2.7  0.06962877276711955  0.0008491808744875071
2.8  0.0736895782415471  0.000874490345389098
2.9  0.07672984082392938  0.0008930347185644665
3.0  0.08032103694716118  0.0009145254982460789
3.1  0.08106903732513332  0.0009189481646200418
3.2  0.08468678059784228  0.0009400902432942472
3.3  0.08688770326368749  0.0009527593669972036
3.4  0.0915123053831735  0.0009789336834828512
3.5  0.09473929079901919  0.0009968607622334164
3.6  0.098086979616572  0.0010151832235100312
3.7  0.1002623534643484  0.0010269463495023194
3.8  0.10185547927788696  0.0010354923121705633
3.9  0.10742925388798727  0.0010649560929517495
4.0  0.10900039795683492  0.0010731443069929346
4.1  0.11014968247869364  0.0010791027132339907
4.2  0.11378471092699938  0.001097779497303009
4.3  0.11650001059332027  0.0011115693745818698
4.4  0.11827682230364127  0.001120521337286309
4.5  0.12054171540710647  0.0011318522106472562
4.6  0.12518902887181788  0.0011548327804751016
4.7  0.12589195605471037  0.0011582781576429495
4.8  0.12832202080034097  0.0011701294948660583
4.9  0.1301994366645423  0.0011792222291305719
5.0  0.13325700652106304  0.0011939215617003882
