#mmax= 10
#m-states: all states (FBR)
#Nr. of sites: 35

0.0  1.0000000000000002  0.0
0.1  1.0  1.3055929298937612e-19
0.2  1.0  2.618986617432262e-19
0.3  1.0  2.470501821467516e-19
0.4  0.99998  1.4142064912168944e-5
0.41  0.99996  1.9999699994749894e-5
0.42  1.0  3.040060476847542e-19
0.43  0.99992  2.8283281270743567e-5
0.44  0.99993  2.645671936540876e-5
0.45  0.99994  2.4494285041617293e-5
0.46  0.99993  2.6456719365408766e-5
0.47  0.99985  3.872712225172403e-5
0.48  0.99981  4.358506621057224e-5
0.49  0.99977  4.795303947551137e-5
0.5  0.99965  5.915073953975456e-5
0.51  0.99951  6.9983197815474e-5
0.52  0.99947  7.278216795644198e-5
0.53  0.99934  8.1213976365522e-5
0.54  0.99894  0.00010290223461470064
0.55  0.99891  0.00010434667163967822
0.56  0.99863  0.00011696737927165046
0.57  0.99853  0.00012115501551887087
0.58  0.99829  0.0001306557679909199
0.59  0.99812  0.0001369848299938226
0.6  0.99798  0.0001419837934201504
0.7  0.9952600000000094  0.000217199898153222
0.8  0.9926700000005731  0.0002697469900165822
0.9  0.9895200000016455  0.00032202908718742215
1.0  0.9867900000256393  0.00036104883611030804
1.1  0.9833900000884883  0.00040415678973232486
1.2  0.9796000002284405  0.0004470351148716807
1.3  0.975700000020532  0.00048692655562624976
1.4  0.972600000322008  0.0005162315940417572
1.5  0.96950000038884  0.0005437834582486821
1.6  0.9672300092020023  0.0005629957927828285
1.7  0.9628900009521334  0.0005977725604143818
1.8  0.9599300018681401  0.000620199775566032
1.9  0.9575100015325895  0.0006378479741686218
2.0  0.9520800077897645  0.0006754562532912138
2.1  0.950250005661202  0.0006875710835620572
2.2  0.947330019072479  0.0007063733711124206
2.3  0.9446100095390748  0.0007233426097200276
2.4  0.9410700093185288  0.0007446998867951767
2.5  0.9381000093287343  0.0007620298759698133
2.6  0.9346300116811186  0.0007816479529723084
2.7  0.9327400141380544  0.0007920649808752428
2.8  0.9289600184903218  0.0008123665674222644
2.9  0.9261400250380102  0.0008270751966111074
3.0  0.9228200394981916  0.0008439424564135498
3.1  0.9221300278565031  0.0008473896966397615
3.2  0.9188000253307206  0.0008637549393519176
3.3  0.9167800412593651  0.0008734707717859429
3.4  0.9125500868044375  0.0008933260178380636
3.5  0.9096100472667713  0.0009067545650535275
3.6  0.9065700472094127  0.0009203347028636928
3.7  0.904600061941624  0.0009289757313705228
3.8  0.9031600675826733  0.0009352153066413046
3.9  0.8981400601205509  0.0009564797293494313
4.0  0.8967300606383077  0.000962320759483429
4.1  0.8957000546576702  0.0009665523592249257
4.2  0.8924500699498954  0.0009797133891576314
4.3  0.8900300875483037  0.0009893301877751148
4.4  0.8884500757736044  0.0009955272670179617
4.5  0.8864401083640912  0.00100331919625829
4.6  0.8823301009563755  0.0010189437237843283
4.7  0.8817101050756366  0.0010212655560821798
4.8  0.8795700936696647  0.0010292109094049763
4.9  0.8779203239586233  0.0010352631614175215
5.0  0.8752401207819235  0.0010449680518667904
