#mmax= 10
#m-states: all states (FBR)
#Nr. of sites: 35
 
0.0  9.451635877691413e-20 
0.1  1.7160904418569782 
0.2  3.5366091333591383 
0.3  5.6130700657880155 
0.4  8.260214123792752 
0.41  8.582493617937077 
0.42  8.920833536870413 
0.43  9.27765470836979 
0.44  9.655831138221409 
0.45  10.059035517323228 
0.46  10.491258355441865 
0.47  10.95665660155246 
0.48  11.456408052676121 
0.49  11.983784006788147 
0.5  12.522511460058087 
0.51  13.044385803034697 
0.52  13.528599305642176 
0.53  13.9647175921867 
0.54  14.354673852368164 
0.55  14.706349886768662 
0.56  15.026317642489909 
0.57  15.321043126714128 
0.58  15.595085134554923 
0.59  15.851520411550046 
0.6  16.09263189996092 
0.7  17.95658041390647 
0.8  19.240924973494067 
0.9  20.215932713644495 
1.0  20.997908691322515 
1.1  21.64808837221316 
1.2  22.20256477351137 
1.3  22.684258978416462 
1.4  23.108783699127585 
1.5  23.48715513256442 
1.6  23.827552715061046 
1.7  24.13611307714458 
1.8  24.417761056264336 
1.9  24.676137977513708 
2.0  24.9144551077146 
2.1  25.13522012660589 
2.2  25.340489750009873 
2.3  25.532022258477177 
2.4  25.711298782342087 
2.5  25.879581747451436 
2.6  26.037957819500484 
2.7  26.187375697524622 
2.8  26.328650641232088 
2.9  26.462500606021635 
3.0  26.589549157037528 
3.1  26.710378572307 
3.2  26.825393682545453 
3.3  26.935157713272925 
3.4  27.04009967478052 
3.5  27.140426276383216 
3.6  27.236477108221642 
3.7  27.32868499248082 
3.8  27.417167941002987 
3.9  27.502212925787234 
4.0  27.583987566705105 
4.1  27.662804713280384 
4.2  27.738772680550728 
4.3  27.812059039252116 
4.4  27.882838398375217 
4.5  27.95123703196275 
4.6  28.01738372476358 
4.7  28.081407408828703 
4.8  28.143412525209524 
4.9  28.20350162083603 
5.0  28.26178494395936 
