#mmax= 10
#m-states: all states (FBR)
#Nr. of sites: 35
 
0.0  5.779378358485123e-53 
0.1  -0.8395677260213463 
0.2  -1.6142112648527505 
0.3  -2.245825198668959 
0.4  -2.615294078352591 
0.41  -2.6300122278624887 
0.42  -2.6392445720744275 
0.43  -2.6424119529492467 
0.44  -2.6388205708063874 
0.45  -2.62761039816685 
0.46  -2.607788778852176 
0.47  -2.5783038666727873 
0.48  -2.538561916844199 
0.49  -2.489423689334766 
0.5  -2.4337221889723364 
0.51  -2.376863008025643 
0.52  -2.3233029664100395 
0.53  -2.275705320583478 
0.54  -2.234308854894081 
0.55  -2.198038462785224 
0.56  -2.1659476855025037 
0.57  -2.137007165305248 
0.58  -2.1105106229748483 
0.59  -2.0860010975354677 
0.6  -2.0631619166635815 
0.7  -1.888418382263528 
0.8  -1.7663031475542428 
0.9  -1.6709193755900307 
1.0  -1.5922896776989313 
1.1  -1.5252940907506516 
1.2  -1.466939160021056 
1.3  -1.415332648332456 
1.4  -1.369141214269356 
1.5  -1.327426465245501 
1.6  -1.289464655898784 
1.7  -1.2547155887257335 
1.8  -1.2226886079341492 
1.9  -1.1930992672729028 
2.0  -1.1656036051018341 
2.1  -1.1399553980546546 
2.2  -1.1159648548462646 
2.3  -1.0934593719442771 
2.4  -1.0722916118466683 
2.5  -1.0523272440553204 
2.6  -1.0334625545411749 
2.7  -1.0155942522171943 
2.8  -0.9986388810203287 
2.9  -0.982518555828995 
3.0  -0.9671678784124954 
3.1  -0.9525239209500574 
3.2  -0.9385668004774155 
3.3  -0.9252059456344881 
3.4  -0.9123510110762457 
3.5  -0.9000672077152554 
3.6  -0.888297917689247 
3.7  -0.8769383632280551 
3.8  -0.8660344489217072 
3.9  -0.8555347272374335 
4.0  -0.8454419139074058 
4.1  -0.835670637775264 
4.2  -0.8262387037259258 
4.3  -0.8171271722049477 
4.4  -0.8083062290158797 
4.5  -0.7997717478155836 
4.6  -0.7915087324452476 
4.7  -0.783497405732534 
4.8  -0.775729403163683 
4.9  -0.7681981596951473 
5.0  -0.7608733500014517 
