#mmax= 10
#m-states: all states (FBR)
#Nr. of sites: 19
 
0.0  9.500000000000021 0.02631578947368518 
0.1  11.651131089179778 0.03838007755273798 
0.2  14.96038432118318 0.05829139723855947 
0.3  20.886785640643613 0.09790418664223244 
0.4  35.06159552980697 0.20413633865930036 
0.41  37.60251990606973 0.2228815087633792 
0.42  40.49482950006458 0.24379532912632584 
0.43  43.79906683889607 0.26687493645075877 
0.44  47.599645786969795 0.29226393266947026 
0.45  51.945273049012506 0.3195787163523095 
0.46  56.902576496554026 0.3486222845174596 
0.47  62.544484003599756 0.37897616544472024 
0.48  68.86548042681348 0.4097969520708171 
0.49  75.82534170540207 0.4401900616593941 
0.5  83.33753621398142 0.46931285847919 
0.51  91.21658131309736 0.4962762279803826 
0.52  99.259250559517 0.5204991227690279 
0.53  107.19271620776449 0.5415347510941171 
0.54  114.8272672449347 0.5594017054644667 
0.55  121.98017163062639 0.5742332488403705 
0.56  128.59260684626028 0.5864491651367114 
0.57  134.61130632810156 0.596390460664204 
0.58  140.05836575634814 0.6044725933134832 
0.59  144.98559010062434 0.6110726791085159 
0.6  149.46460832692551 0.6165173746362433 
0.7  178.83616398295692 0.6409344756861978 
0.8  195.90453945997484 0.6488752773906864 
0.9  208.00445095465454 0.6529115122188589 
1.0  217.34934768499352 0.6553887208138294 
1.1  224.93789147007237 0.6570795501508265 
1.2  231.30531027333075 0.6583140633694039 
1.3  236.7748622848024 0.6592595379271377 
1.4  241.5560536094369 0.6600094160847403 
1.5  245.79010837791 0.6606197045729969 
1.6  249.58198844457584 0.6611271531682705 
1.7  253.00840059341135 0.6615563616556797 
1.8  256.12616761230214 0.6619241857588071 
1.9  258.979815150762 0.6622429895270601 
2.0  261.6073657727865 0.662522179805705 
2.1  264.035813975229 0.6627684824855035 
2.2  266.2929370800516 0.6629878500667026 
2.3  268.3965280122956 0.6631842224718172 
2.4  270.3641322489832 0.6633611177834968 
2.5  272.21022867000244 0.6635213169724314 
2.6  273.94585940401873 0.6636669435101459 
2.7  275.5827437990776 0.663799983929495 
2.8  277.129975329436 0.6639220053353653 
2.9  278.5955996901063 0.6640343148640913 
3.0  279.98601158066805 0.6641379662907768 
3.1  281.3079890503269 0.6642339659319673 
3.2  282.5666514218437 0.6643230956849137 
3.3  283.76714847249275 0.6644060751623644 
3.4  284.91393331307063 0.6644835195674279 
3.5  286.01063624417833 0.6645559380353316 
3.6  287.06117797466965 0.6646238356356728 
3.7  288.0683864874593 0.6646875926729945 
3.8  289.03543552122466 0.6647475834991645 
3.9  289.96484218019384 0.6648041315066484 
4.0  290.8589006040295 0.6648575115625281 
4.1  291.71987339069835 0.6649079888224791 
4.2  292.54984443519953 0.6649557933071157 
4.3  293.35045017180414 0.6650011174337376 
4.4  294.12350331706153 0.6650441552176319 
4.5  294.8705904453997 0.6650850787353282 
4.6  295.593126707356 0.6651240330225279 
4.7  296.29232930510716 0.6651611590276767 
4.8  296.96954703714175 0.6651965799380586 
4.9  297.62590236334955 0.6652304045088662 
5.0  298.2612889802151 0.6652626680107456 
