#mmax= 10
#m-states: all states (FBR)
#Nr. of sites: 19
 
0.0  9.500000000000009 0.026315789473682072 
0.1  8.634984820785444 0.021588318306860033 
0.2  7.851553621417177 0.017434178626834385 
0.3  7.149055210395698 0.01391750368526401 
0.4  6.527110912882478 0.011263977854403695 
0.41  6.468672142733377 0.011059030643895129 
0.42  6.4107737516816234 0.010869014564189206 
0.43  6.353488291746866 0.010697109048831921 
0.44  6.296592620766667 0.010542614494812086 
0.45  6.240138012401346 0.01038894530957235 
0.46  6.184202698044988 0.01027203475535976 
0.47  6.128683345339715 0.01017093555172055 
0.48  6.073702640126228 0.01009543306363625 
0.49  6.019327199773371 0.010039033976134815 
0.5  5.965719840233379 0.010008000694469499 
0.51  5.913123254639139 0.009997138131394245 
0.52  5.861748385419182 0.010002795300099954 
0.53  5.8118877863048315 0.010020312060257774 
0.54  5.763699489535443 0.010044652876760818 
0.55  5.71732460092029 0.010071394631288255 
0.56  5.672719867390972 0.010097779679039909 
0.57  5.629903692131033 0.01012096537148266 
0.58  5.588753444789345 0.010139596510053694 
0.59  5.549178412600413 0.01015311856272072 
0.6  5.511008090630464 0.010162389118696047 
0.7  5.186370628266833 0.010093405160515934 
0.8  4.928478358555228 0.009923122494008174 
0.9  4.712762363177532 0.009743694035158401 
1.0  4.527187325831176 0.009564387596803448 
1.1  4.364563332734277 0.0093987338879159 
1.2  4.220023369409138 0.00923202135630441 
1.3  4.090201124331768 0.009071628057770842 
1.4  3.9725923517753112 0.008920441074311669 
1.5  3.865309196215415 0.008778901809530781 
1.6  3.7668317791467465 0.00864201959745925 
1.7  3.6759588550488513 0.008511469473965527 
1.8  3.5917288877238676 0.008387464147695423 
1.9  3.5133683259865127 0.008272486133129475 
2.0  3.4401823507268623 0.008160456348470069 
2.1  3.371627801171233 0.008053636253349428 
2.2  3.30720427643817 0.007951220875479947 
2.3  3.2465134654368137 0.007853256889412186 
2.4  3.1891956288808556 0.007759100741151048 
2.5  3.134944051395336 0.007668927121557867 
2.6  3.0835015196649644 0.007582337190267463 
2.7  3.034613871802663 0.007498611698979807 
2.8  2.9880765710917685 0.007417961879671808 
2.9  2.9436989636814834 0.007339915113579343 
3.0  2.9013282076023588 0.00726474896949636 
3.1  2.860806983282798 0.007192165971081965 
3.2  2.8220095048717604 0.007120340108934919 
3.3  2.784807252524557 0.007052674140758719 
3.4  2.749092654234195 0.00698629399689743 
3.5  2.714769706305877 0.00692075968877337 
3.6  2.6817494420516876 0.006858716942158893 
3.7  2.649952646854266 0.006799963187645974 
3.8  2.6192993750690188 0.006739997472469672 
3.9  2.589724179935277 0.006683064556273766 
4.0  2.561164943457863 0.006627709001007398 
4.1  2.5335665442174893 0.006575180378946555 
4.2  2.5068696576487564 0.006522917412853602 
4.3  2.481030690767906 0.00647274443620971 
4.4  2.4560003646589124 0.00642289431137022 
4.5  2.431738187953872 0.006374372881063239 
4.6  2.4082026537826104 0.00632561224096273 
4.7  2.3853662792236205 0.006281964153876607 
4.8  2.3631870260460355 0.006238056998338237 
4.9  2.341630046063369 0.006191250992740649 
5.0  2.320683191856818 0.006150891273050574 
