#mmax= 10
#m-states: all states (FBR)
#Nr. of sites: 19
 
0.0  -8.900805616026137e-24 
0.1  0.0257578544972227 
0.2  0.05634078638398174 
0.3  0.09817246914206618 
0.4  0.16272306223762603 
0.41  0.17123983274192456 
0.42  0.18027241066313057 
0.43  0.1898648073075824 
0.44  0.20007463170902837 
0.45  0.2109280046670317 
0.46  0.22246262664846828 
0.47  0.23471665249308918 
0.48  0.24764770133183228 
0.49  0.26117516492231146 
0.5  0.275172982619331 
0.51  0.28941902275641496 
0.52  0.3036728704536209 
0.53  0.3176314076103636 
0.54  0.3310797655534825 
0.55  0.3438174794690448 
0.56  0.3557808411706324 
0.57  0.3669139122920624 
0.58  0.37724551879423146 
0.59  0.3868403586545901 
0.6  0.39578539630179116 
0.7  0.46130248727326006 
0.8  0.5046927070417907 
0.9  0.5373635604243359 
1.0  0.5634843964800086 
1.1  0.5851702631763375 
1.2  0.60364465440378 
1.3  0.6196874754873543 
1.4  0.6338244601318883 
1.5  0.6464223148865471 
1.6  0.6577591064132763 
1.7  0.6680417838056392 
1.8  0.6774275832795165 
1.9  0.6860412380640158 
2.0  0.6939895418550078 
2.1  0.7013498273540164 
2.2  0.7082009122765923 
2.3  0.7145948220724972 
2.4  0.7205822850108493 
2.5  0.7262057013097308 
2.6  0.7314980756235948 
2.7  0.7364932114759074 
2.8  0.7412181531770893 
2.9  0.7456965856168201 
3.0  0.7499480701421439 
3.1  0.7539923983913959 
3.2  0.7578453471874789 
3.3  0.7615216763001273 
3.4  0.765034944381716 
3.5  0.7683962438312264 
3.6  0.7716171137869599 
3.7  0.7747061767717386 
3.8  0.7776731538833118 
3.9  0.7805253853738581 
4.0  0.7832699300865378 
4.1  0.7859136445387356 
4.2  0.7884627315094751 
4.3  0.7909222536837599 
4.4  0.7932976875756954 
4.5  0.7955937734459939 
4.6  0.7978148443567066 
4.7  0.7999645669694666 
4.8  0.8020470806031511 
4.9  0.8040658812614428 
5.0  0.8060206006959718 
