#mmax= 10
#m-states: all states (FBR)
#Nr. of sites: 19
 
0.0 1.4210854715202004e-14
0.1 -0.11277135058992173
0.2 -0.45455324953325926
0.3 -1.0375152710948576
0.4 -1.8899261590973633
0.41 -1.9920157075635305
0.42 -2.09750648558891
0.43 -2.206512507257287
0.44 -2.3191602240970743
0.45 -2.435584622891953
0.46 -2.5559307074648294
0.47 -2.680348848789986
0.48 -2.808984271262598
0.49 -2.9419686180217517
0.5 -3.079401009312792
0.51 -3.2213304469827904
0.52 -3.3677426054150743
0.53 -3.5185495753113543
0.54 -3.673597407186589
0.55 -3.832678187143131
0.56 -3.9955521356715735
0.57 -4.161967003133988
0.58 -4.331675333091127
0.59 -4.50444401323341
0.6 -4.680061939104178
0.7 -6.560161046397677
0.8 -8.604766175179677
0.9 -10.766230534628448
1.0 -13.018170466111684
1.1 -15.343585451841221
1.2 -17.730602066587593
1.3 -20.17045747021075
1.4 -22.656417965221053
1.5 -25.183149666142157
1.6 -27.746325580696436
1.7 -30.34236262774104
1.8 -32.96825170558884
1.9 -35.621428669490655
2.0 -38.299687080444954
2.1 -41.00110814604383
2.2 -43.72401064929997
2.3 -46.46691032869747
2.4 -49.22848865279576
2.5 -52.00756653834836
2.6 -54.803086490360904
2.7 -57.61409527524776
2.8 -60.43972618673028
2.9 -63.27919289425082
3.0 -66.131776581537
3.1 -68.99681920548261
3.2 -71.87371489006668
3.3 -74.76190899575926
3.4 -77.66088605138735
3.5 -80.57016897647533
3.6 -83.48931596479017
3.7 -86.4179149099877
3.8 -89.35558269693473
3.9 -92.30196084619863
4.0 -95.25671401706819
4.1 -98.21952796604008
4.2 -101.19010757163225
4.3 -104.16817577883552
4.4 -107.15347050973742
4.5 -110.14574542019506
4.6 -113.1447684518397
4.7 -116.15031893891457
4.8 -119.16218885305878
4.9 -122.18018067834684
5.0 -125.20410670404897
