0.0  -2.2204460492503128e-16  0.0
0.1  0.00646974027264193  0.00025474991506626194
0.2  0.02756729139373306  0.0005286213695987814
0.3  0.06818628437650509  0.0008485739292087245
0.4  0.1523198504747306  0.001292006545739601
0.41  0.16125708904586394  0.0013342027571181777
0.42  0.17715612040165232  0.0014050053652849062
0.43  0.19531753583287279  0.0014773666222688993
0.44  0.21433662455708952  0.001553740741264916
0.45  0.24073466799651283  0.0016613143162916384
0.46  0.2638007538012577  0.0017607171397960796
0.47  0.2911994765375699  0.0018590146177716337
0.48  0.3287389857323646  0.0019923207310714565
0.49  0.3644565677536771  0.0021182488658774957
0.5  0.40558123497704635  0.002267528155633327
0.51  0.4446282223019582  0.002409030471502569
0.52  0.4982776449453857  0.0025857061978508318
0.53  0.5395129928469485  0.0027228816675649785
0.54  0.5800406589791142  0.0028581935868429624
0.55  0.6073507217615984  0.0029493783259783835
0.56  0.6345575265005429  0.0030397814095597287
0.57  0.6543272212286544  0.0031018882121118642
0.58  0.6699052421095327  0.003156033279531301
0.59  0.6816163822033707  0.003190412520251221
0.6  0.691249851578366  0.0032131663066310174
0.7  0.7092134581136267  0.003264866053591139
0.8  0.7095135001158759  0.003258487636652614
0.9  0.7094278547424331  0.0032556581472030104
1.0  0.7047569390712406  0.0032384949412902963
1.1  0.7067478130774115  0.0032472312525028252
1.2  0.705381629623654  0.003240841331738234
1.3  0.7028250057654148  0.003232386785973584
1.4  0.7015977870529907  0.003224660080590223
1.5  0.7021846991182087  0.003235385861669029
1.6  0.7024041029291059  0.0032301503623989336
1.7  0.7035353962837729  0.0032306525204920935
1.8  0.7010663984827414  0.0032194999973821567
1.9  0.7036043547551386  0.003232023234011881
2.0  0.7107574109294222  0.0032535248160083
2.1  0.703745981760153  0.0032314555813451372
2.2  0.7042668207289107  0.00323221117180091
2.3  0.7103660975622398  0.003250883593142952
2.4  0.7020363594066839  0.0032265284416207363
2.5  0.7052099017239566  0.003241607889522895
2.6  0.6969960665949992  0.003208775565882697
2.7  0.7009417324051442  0.003218805805905521
2.8  0.7028180546947567  0.0032268237810427055
2.9  0.7011763681114767  0.0032220485426498065
3.0  0.7040226697933402  0.003234070152921621
3.1  0.7076882135846555  0.0032414500890566252
3.2  0.7049051422348036  0.003229218864584279
3.3  0.6977835206779652  0.0032088636735067458
3.4  0.7008367463355676  0.0032196292813928724
3.5  0.7013168693392996  0.0032224913176508623
3.6  0.7077642460478142  0.0032408954209548735
3.7  0.7026852757448702  0.0032241122538410765
3.8  0.7056726570242527  0.003234133917233872
3.9  0.7018110985746956  0.0032189954463960413
4.0  0.7046114274047457  0.0032316060636649775
4.1  0.7045235357583556  0.0032309498462730745
4.2  0.7041783597464528  0.003225024230706048
4.3  0.7037279585431458  0.0032269218375903914
4.4  0.7027627659876341  0.00322060970202111
4.5  0.7078851435146983  0.0032387717115557563
4.6  0.7117900958707379  0.0032522506291218886
4.7  0.7046860506105228  0.0032278113282931545
4.8  0.6969556901216117  0.003207479906484037
4.9  0.702563359311192  0.0032244681102534165
5.0  0.7088520614583983  0.0032403474593251783
0.0  -2.2204460492503128e-16  0.0
0.1  0.006279663089195689  0.00025098799705869384
0.2  0.02606290870316183  0.0005140154790035401
0.3  0.06534082629504993  0.0008243623296937548
0.4  0.15006233263876356  0.0012807660023629226
0.41  0.16230352578843846  0.0013318231147784725
0.42  0.17727671144595936  0.0013968002805730176
0.43  0.1945525760974688  0.0014745268209400027
0.44  0.21257769733367265  0.0015660313507090734
0.45  0.2372511633739143  0.001649449747221076
0.46  0.26470042798785653  0.0017513773323506216
0.47  0.29453323683521204  0.0018719187525836542
0.48  0.3258432597786841  0.0019884390737010898
0.49  0.36838476479546  0.0021365257375077383
0.5  0.40587064162507397  0.002263117189435559
0.51  0.44838031593180383  0.0024179045881547326
0.52  0.4912025868769264  0.0025660186378544964
0.53  0.5407954322317957  0.0027273689822287597
0.54  0.5846970195115091  0.002868513494436033
0.55  0.6075085139319143  0.0029550198075466434
0.56  0.6353439621084668  0.0030381002732310907
0.57  0.6531296556636735  0.003098421302004242
0.58  0.6734418703396277  0.0031617218750375252
0.59  0.6853848425532021  0.0031993883177547392
0.6  0.685491002011826  0.003198809549693621
0.7  0.7018346995114396  0.0032485116485367603
0.8  0.7108239781379606  0.003264448059712925
0.9  0.704715248267612  0.003238418198447898
1.0  0.7075681687177499  0.0032518589467019463
1.1  0.7066307556185972  0.003245941850707606
1.2  0.7098543567540836  0.0032475665123236188
1.3  0.70850529254196  0.003248050665117659
1.4  0.7015283884712522  0.003222058942476596
1.5  0.7089911254121277  0.003248254191760606
1.6  0.7051000415512992  0.0032393857091099817
1.7  0.7047140332342996  0.003234282442419963
1.8  0.6954912205458366  0.0032060008283189387
1.9  0.7066563715580989  0.0032402101438847542
2.0  0.7119843382951047  0.0032552193618239915
2.1  0.7031166846433647  0.003232070357608312
2.2  0.7056406842200129  0.0032324508432429134
2.3  0.7048609825144803  0.0032364506697086103
2.4  0.7030743784695563  0.0032255175532922694
2.5  0.7018824427230705  0.0032258219058811446
2.6  0.703071716452516  0.0032272429046724073
2.7  0.7080231199294607  0.0032406898088254126
2.8  0.7035856730506795  0.0032274835082049392
2.9  0.7032552227886854  0.0032259452613167977
3.0  0.7101754021464443  0.003247413646829175
3.1  0.701398620114824  0.0032189942894990577
3.2  0.707565019104073  0.0032407324708665784
3.3  0.7005469898660299  0.0032185797671721375
3.4  0.6985269753726466  0.0032131277479355877
3.5  0.6985098380349489  0.0032142802815818433
3.6  0.7042454136533607  0.0032265697144548584
3.7  0.7020213936493677  0.0032223137307267552
3.8  0.7050005210444008  0.00323130852728413
3.9  0.7038511490199145  0.0032307771677505047
4.0  0.7033244307835004  0.003223518146290556
4.1  0.7031187393157974  0.003224962433454111
4.2  0.7038863211780856  0.0032329227399556875
4.3  0.7063985897230783  0.0032375074129348627
4.4  0.7028058699480672  0.003227098868771683
4.5  0.7068552698068945  0.0032409715531153773
4.6  0.706394191362952  0.0032360700568660125
4.7  0.7029881766592893  0.0032282371411886325
4.8  0.7025723915382145  0.003226769920231197
4.9  0.707346816959577  0.0032409224364296045
5.0  0.6984782591131945  0.0032107256729725347
