#mmax= 10
#m-states: all states (FBR)
#Nr. of sites: 19
 
0.0  -0.0 
0.1  0.006345393118192572 
0.2  0.026700902814770583 
0.3  0.06678840056950822 
0.4  0.14930029089165256 
0.41  0.16275637527397638 
0.42  0.1779247666729176 
0.43  0.19515023433271736 
0.44  0.2149047427712126 
0.45  0.2376016197646071 
0.46  0.26374917984803525 
0.47  0.2939195176786831 
0.48  0.32828879455117216 
0.49  0.3667192910576063 
0.5  0.4086225023907566 
0.51  0.452544719959079 
0.52  0.4966356853368897 
0.53  0.5384555021550292 
0.54  0.576185152304792 
0.55  0.6083551328193957 
0.56  0.634678276556196 
0.57  0.6552386218605215 
0.58  0.6707759607146369 
0.59  0.6822277550515631 
0.6  0.690540040132912 
0.7  0.7081698317474131 
0.8  0.7071670239153928 
0.9  0.7062833421594044 
1.0  0.7057274673969856 
1.1  0.7053523591978643 
1.2  0.7050830183044603 
1.3  0.7048679029950239 
1.4  0.7046995241016044 
1.5  0.7045621358725686 
1.6  0.7044463676936752 
1.7  0.7043436778428139 
1.8  0.7042565399231198 
1.9  0.7041786595638576 
2.0  0.7041091490347193 
2.1  0.7040465212047039 
2.2  0.7039899082178778 
2.3  0.7039384744413251 
2.4  0.7038914030701746 
2.5  0.7038483712707052 
2.6  0.7038082950273944 
2.7  0.703771523817557 
2.8  0.703737477717432 
2.9  0.7037054514427021 
3.0  0.7036755173581322 
3.1  0.7036475132770267 
3.2  0.7036210281197592 
3.3  0.7035961719693208 
3.4  0.7035727800550681 
3.5  0.7035507276791344 
3.6  0.7035297319974906 
3.7  0.7035098700175754 
3.8  0.7034909280130419 
3.9  0.7034728884138112 
4.0  0.7034556918491014 
4.1  0.703439269856478 
4.2  0.7034236355506387 
4.3  0.7034085937544066 
4.4  0.7033941908086659 
4.5  0.703380381659453 
4.6  0.7033671139769774 
4.7  0.7033543672147425 
4.8  0.7033421012901148 
4.9  0.7033302877245594 
5.0  0.7033189382756632 
