#mmax= 10
#m-states: all states (FBR)
#Nr. of sites: 19
 
0.0  0.0 
0.1  0.02297482074836066 
0.2  0.07702464527653913 
0.3  0.16004903265246598 
0.4  0.2913072542099523 
0.41  0.30977072592912225 
0.42  0.3298563218275165 
0.43  0.3518109361674849 
0.44  0.37599271907827014 
0.45  0.40254342224291595 
0.46  0.4316346374853688 
0.47  0.46339420073267573 
0.48  0.4973853039195217 
0.49  0.5328706865962461 
0.5  0.5688068817050943 
0.51  0.6036354322747917 
0.52  0.6359181247171584 
0.53  0.6641721852668176 
0.54  0.6877517000250238 
0.55  0.7063706304880046 
0.56  0.7204975565497387 
0.57  0.7306800970528288 
0.58  0.7377088271340606 
0.59  0.7423435068409671 
0.6  0.7452530247526925 
0.7  0.7437960060534139 
0.8  0.7384618412749242 
0.9  0.7354697153511618 
1.0  0.7336333643744425 
1.1  0.732388509117028 
1.2  0.7314828819312293 
1.3  0.7307813110591694 
1.4  0.7302215161550442 
1.5  0.729759996792764 
1.6  0.7293712626704243 
1.7  0.7290353924687643 
1.8  0.7287445593921202 
1.9  0.7284877017922895 
2.0  0.7282590092041964 
2.1  0.7280540375237201 
2.2  0.7278682187656914 
2.3  0.7276996811134335 
2.4  0.727545552998676 
2.5  0.7274040081644533 
2.6  0.7272727900983791 
2.7  0.7271519410987608 
2.8  0.727039854435472 
2.9  0.726935251655689 
3.0  0.7268375259228831 
3.1  0.7267459365076958 
3.2  0.7266593699151519 
3.3  0.7265783546849696 
3.4  0.7265019549432603 
3.5  0.7264297682979188 
3.6  0.7263613354141788 
3.7  0.7262964277177958 
3.8  0.7262347412937359 
3.9  0.7261760070708642 
4.0  0.7261200280661413 
4.1  0.7260665936674733 
4.2  0.7260155639909587 
4.3  0.7259666950398801 
4.4  0.7259198872542503 
4.5  0.7258750013563188 
4.6  0.7258319069388448 
4.7  0.7257905011548671 
4.8  0.7257506722705482 
4.9  0.7257123288580226 
5.0  0.7256754846183168 
