#mmax= 10
#m-states: all states (FBR)
#Nr. of sites: 19

0.0  0.0 0.0 0.0 NaN NaN 0.0 
0.1  -0.00278 0.001429245655383088 0.2042743143431433 -0.12278887851059454 19.432019010550462 0.0 
0.2  -0.00352 0.002859922706574231 0.8179157887578874 0.02508735397336889 4.588768990800284 0.0 
0.3  -0.00122 0.004269773697243714 1.8230967425674254 0.0009231875552280834 1.8462392760392374 0.0 
0.4  -0.00036 0.005763846885831475 3.3221930923309198 -0.003529520763187408 0.9003059274277603 0.0 
0.41  -0.00178 0.00592661113649239 3.5124719563195628 -0.005596919478804353 0.7905086676666748 0.0 
0.42  -0.00234 0.006043170562139087 3.6519910443104444 0.003088836444966523 0.7610721966118339 0.0 
0.43  0.00502 0.006229842382064017 3.881093610536107 0.0076003762688641625 0.7350296268276182 0.0 
0.44  -0.00658 0.0064075875029355675 4.105717760777606 -0.014308452091042504 0.6899036494128743 0.0 
0.45  0.0068 0.006554751501595805 4.2964767247672455 0.011376288073268053 0.5647060734644116 0.0 
0.46  0.01676 0.006717979036616844 4.513124233642338 -0.023134316668719856 0.5445560702264305 0.0 
0.47  -0.01134 0.006889382314829597 4.746358867988681 0.018795434694797646 0.5619102668002278 0.0 
0.48  0.01152 0.007081466964389772 5.014717436774369 0.01337642929700344 0.4913825183307332 0.0 
0.49  0.0005 0.007243377814612575 5.246652216522165 -0.000528384376261052 0.42106653359100266 0.0 
0.5  0.0112 0.007404815589394455 5.4831293912939145 0.0031970414045973308 0.36000252812762934 0.0 
0.51  0.0056 0.007619046324748852 5.804986689866899 -0.009901501609004463 0.36527727789426256 0.0 
0.52  -0.0121 0.007764505056691492 6.028753877538775 -0.00807138798673396 0.31585296174487354 0.0 
0.53  0.01756 0.00796803309227024 6.348955135951365 -0.0022944503826627734 0.3012679455905527 0.0 
0.54  -0.01136 0.008097812374317679 6.557456524965253 0.016920030407438044 0.2525530755417962 0.0 
0.55  0.00918 0.00823486705456464 6.78130354063541 0.006045908243869222 0.24212805389844627 0.0 
0.56  -0.0075 0.008386068254039411 7.032614076140762 0.002912274981025227 0.25012198975190314 0.0 
0.57  -0.00636 0.008523727004264063 7.265392204322042 -0.0014756296592520822 0.20836913011033031 0.0 
0.58  -0.00958 0.008675588446575193 7.526583489434897 -0.00321219454783712 0.21227133291133438 0.0 
0.59  -0.00106 0.008716991948114108 7.598594862348621 -0.008329981566591899 0.1764458725814273 0.0 
0.6  0.00902 0.008895638128868396 7.913237771977722 -0.0006887160406493792 0.1385448308806767 0.0 
0.7  0.01032 0.009741000146126602 9.488708384683846 -0.003219087240432453 0.13497313407834133 0.0 
0.8  0.00062 0.01031099700914481 10.631665932259322 0.01250313122068271 0.05724566555545474 0.0 
0.9  -0.00708 0.010822747805187948 11.713187005470056 -0.003121543335623164 0.07867602076183111 0.0 
1.0  0.00536 0.011270713508639545 12.702898299382992 -0.006752253501410426 0.03872852809280891 0.0 
1.1  -0.0079 0.011645923414453732 13.56275321753217 0.006561957721441211 0.03640645527664477 0.0 
1.2  -0.00464 0.011952088237129623 14.28524132281323 0.012611790938249852 0.03186978875720037 0.0 
1.3  0.00908 0.012267831125867577 15.049968053280532 -0.002304344467264236 0.0470111127343249 0.0 
1.4  0.00178 0.012595156001239007 15.863795469554699 0.006429649267928455 0.03264424004486344 0.0 
1.5  0.00612 0.012888308133376752 16.610848654086535 -0.003306590863249871 0.016824264520190813 0.0 
1.6  0.00214 0.013090564076183973 17.136286783267835 -0.009137406620432194 0.03393019853449797 0.0 
1.7  0.02042 0.013252727514887864 17.563478658386586 -0.01017557302715419 0.03325810904534343 0.0 
1.8  0.03466 0.013638557363096344 18.60102469464695 -0.0014040471226504816 0.046487952250180875 0.0 
1.9  -0.0123 0.013807591882581698 19.064959359593598 0.011325549545715274 0.010765868047403426 0.0 
2.0  -0.02662 0.013975638337502492 19.531846694066942 -0.002236617063490462 0.00786908766516392 0.0 
2.1  -0.01164 0.014178824192948967 20.10390554945549 -0.01521619533737873 -0.009330707553650619 0.0 
2.2  0.01882 0.014424414674897112 20.806373871338717 0.014007273659964833 0.021905332865045146 0.0 
2.3  0.00938 0.014595864159017974 21.30392505485055 0.00014759303047495606 -0.01539878016207119 0.0 
2.4  -0.00398 0.014781719338029181 21.849922658826586 -0.005393669154504689 0.0008692700528070141 0.0 
2.5  0.01464 0.014928177558190153 22.28504852088521 0.003978413772270431 0.02727189041409428 0.0 
2.6  -0.00542 0.015131186198178832 22.895279576395758 0.006512767070379987 0.011858681841526497 0.0 
2.7  -0.01682 0.015199048686901752 23.101108098680985 -0.00204776858351644 0.01930642354550427 0.0 
2.8  -0.00622 0.015443600556993878 23.85047981639816 -0.014129468343913544 0.0326148666491064 0.0 
2.9  0.01938 0.015508547620795864 24.051504930649305 0.010646768996674622 0.012804285760242173 0.0 
3.0  -0.00216 0.015703503409882563 24.66000193441932 0.00792536381301662 0.006225478512109639 0.0 
3.1  0.0326 0.01587712484144822 25.20830932309322 -0.004325590732358765 0.01126974782451784 0.0 
3.2  0.02456 0.015951542639541978 25.44517125811258 0.0005042685531080658 0.054320110150268164 0.0 
3.3  -0.00342 0.01616335656900991 26.125409557695576 0.0060782347450052425 -0.02029793017479653 0.0 
3.4  0.01158 0.016308161104097114 26.595611859718595 -3.269222672259368e-5 -0.0007992812559698415 0.0 
3.5  0.00318 0.016421345726887148 26.96605954819548 -0.01020965632872156 -0.02091612973440027 0.0 
3.6  0.00124 0.01654345554844014 27.368592148321483 -0.008618515774437407 -0.026668779052760883 0.0 
3.7  0.0053 0.016675050215006752 27.80572996729967 -0.017000252033267563 0.018786648552808316 0.0 
3.8  -0.01668 0.01675439121162714 28.070962487224875 -0.003039053045191532 0.014872393219958369 0.0 
3.9  0.03471 0.01692411641463637 28.642571641616424 0.0029059260798453192 0.018989443133683448 0.0 
4.0  0.01784 0.017088140255433704 29.20045373893739 0.015227900800554726 0.016294574119327887 0.0 
4.1  0.0093 0.017139803757007493 29.37728728287282 0.0028275793498273726 -0.00657648347132378 0.0 
4.2  0.01312 0.017257011812610173 29.7804456700567 -0.0021432570949340953 -0.010845419672076417 0.0 
4.3  0.00794 0.01732100371617353 30.00171697356973 0.006692973875121568 0.003579686658920167 0.0 
4.4  -0.00246 0.017526146500075574 30.716581114211138 -0.006953817574245248 0.017540227645765682 0.0 
4.5  0.00104 0.017628587488933097 31.07670968549685 0.014958291526513129 -0.029690366607999064 0.0 
4.6  -0.04692 0.017705985433045 31.35019201552017 -0.004433905504423182 4.8493016481909734e-5 0.0 
4.7  -0.017 0.017853232126955998 31.873789737897376 -0.006898307253196482 0.04437107466437418 0.0 
4.8  -0.0324 0.01786721843978373 31.92374947749478 -0.016343562809488777 0.007489751351636986 0.0 
4.9  -0.0067 0.018013639166252888 32.44911960119601 -0.0069544107609239856 0.012016873026010177 0.0 
5.0  -0.03064 0.018073236520412806 32.66418783227832 0.007847006185258841 -0.008402834846178209 0.0 
