#mmax= 10
#m-states: all states (FBR)
#Nr. of sites: 19
 
0.0  -4.2997757488308895e-46 
0.1  0.002480983974424279 
0.2  0.009690998251857038 
0.3  0.020901368388700742 
0.4  0.03468292037044743 
0.41  0.03611250627911159 
0.42  0.03753735222504708 
0.43  0.038952162630026536 
0.44  0.040351888429568786 
0.45  0.041730057013471614 
0.46  0.04308012930112112 
0.47  0.04439469308249776 
0.48  0.04566596330896019 
0.49  0.046887000148257946 
0.5  0.048052104775992706 
0.51  0.04915817225352459 
0.52  0.050205677422897554 
0.53  0.05119809524139056 
0.54  0.05214196949981044 
0.55  0.05304548881476537 
0.56  0.053916038924477376 
0.57  0.05476084675605249 
0.58  0.055585252177217076 
0.59  0.056392330882993 
0.6  0.05718461455867384 
0.7  0.06449926298486386 
0.8  0.0708917115619481 
0.9  0.07660436626846275 
1.0  0.08182327687774356 
1.1  0.08666896885323933 
1.2  0.09122186701373855 
1.3  0.09553667158523055 
1.4  0.09965277245065157 
1.5  0.10359986793108096 
1.6  0.10739887067130542 
1.7  0.1110676718289262 
1.8  0.11462091676009924 
1.9  0.11807032143249861 
2.0  0.12142330895439415 
2.1  0.12469126535419045 
2.2  0.12787636913102235 
2.3  0.1309875745104371 
2.4  0.13402953990031072 
2.5  0.13700598592320687 
2.6  0.1399225928300377 
2.7  0.14278237763131954 
2.8  0.1455881080730953 
2.9  0.1483432660272324 
3.0  0.15105070497419532 
3.1  0.1537124565304533 
3.2  0.15632998161128983 
3.3  0.1589075138326329 
3.4  0.16144554498189867 
3.5  0.16394616754973748 
3.6  0.16641070285707327 
3.7  0.16884170795107026 
3.8  0.17123834484907524 
3.9  0.17360388478906907 
4.0  0.1759392683161829 
4.1  0.17824536063843463 
4.2  0.18052307006648594 
4.3  0.18277406025117204 
4.4  0.1849985000950396 
4.5  0.18719744561804472 
4.6  0.18937159272558265 
4.7  0.19152307193147333 
4.8  0.1936510802793399 
4.9  0.1957558137175062 
5.0  0.19784587282841046 
