#mmax= 10
#m-states: all states (FBR)
#Nr. of sites: 19
 
0.0  6.144254674225417e-8 
0.1  2.0334347593108438e-9 
0.2  1.5251458863801343e-8 
0.3  7.195919044943979e-8 
0.4  1.3246958952955178e-6 
0.41  -1.3736512292757366e-6 
0.42  1.5120364402703319e-5 
0.43  5.313334501222597e-6 
0.44  2.1245040820289896e-6 
0.45  1.3741471686017125e-5 
0.46  0.0004460187011723302 
0.47  0.00017050555984249554 
0.48  2.4960331473121756e-5 
0.49  3.089185033442612e-5 
0.5  6.505585069461308e-6 
0.51  1.1194184707723226e-5 
0.52  -0.00015665610746787946 
0.53  -4.926657736360893e-5 
0.54  5.5269121717758616e-5 
0.55  7.68779310369575e-5 
0.56  5.6684544616986594e-5 
0.57  0.00037115545017354695 
0.58  0.00029922978919348815 
0.59  0.00039255094098553903 
0.6  0.0004930797858642773 
0.7  0.0008304791285561972 
0.8  0.0040009581165728935 
0.9  0.0035315801806692416 
1.0  0.030646632955015865 
1.1  0.037247376046205594 
1.2  0.027599899098191237 
1.3  0.04387197553425148 
1.4  0.04306735656484426 
1.5  0.03621703313868133 
1.6  0.027364863965124425 
1.7  0.03164025956963918 
1.8  0.025244764480159065 
1.9  0.023680620214603872 
2.0  0.022852115852669948 
2.1  0.02410991068515699 
2.2  0.023591806286026345 
2.3  0.02367624676809615 
2.4  0.023775728706094137 
2.5  0.022296272270507265 
2.6  0.022484806240789457 
2.7  0.02108232273434077 
2.8  0.01912104329938655 
2.9  0.019222447689117902 
3.0  0.01936410826461199 
3.1  0.018943279480025596 
3.2  0.01892712968649305 
3.3  0.01914398102110781 
3.4  0.018847468610022997 
3.5  0.018039107237707123 
3.6  0.01802758588788289 
3.7  0.017448785026250906 
3.8  0.017484772674924546 
3.9  0.017496019845385014 
4.0  0.017483285163345363 
4.1  0.017495270541141524 
4.2  0.016965430860999907 
4.3  0.0171170365762285 
4.4  0.017174196478380192 
4.5  0.017167033781888455 
4.6  0.01721695904084607 
4.7  0.017218376411370254 
4.8  0.017237104263134635 
4.9  0.017271454969583006 
5.0  0.01730266321471109 
