#mmax= 10
#m-states: all states (FBR)
#Nr. of sites: 19

0.0  -2.2204460492503128e-16  0.0
0.1  -0.0  6.774759959999701e-19
0.2  -0.0  1.5737465585750968e-19
0.3  8.000320017064589e-5  2.8285544114272716e-5
0.4  0.001280819899722391  0.00011321012836195172
0.41  0.0015311716452306636  0.00012378852170792393
0.42  0.0018517133634744023  0.00013614137423406572
0.43  0.0019418842373413955  0.00013941988213593328
0.44  0.002823983691101963  0.00016816667830516247
0.45  0.003415827301169346  0.0001849784340002209
0.46  0.003947782248097447  0.00019888751999974684
0.47  0.004369532517942846  0.00020926386778824687
0.48  0.0054850152305732725  0.00023452378277931542
0.49  0.006591677449394848  0.0002571675816289617
0.5  0.007649180531615565  0.0002771026350282651
0.51  0.009616086718962774  0.0003108466898970991
0.52  0.010545407876383972  0.0003255965704820512
0.53  0.012092824354139593  0.0003488030941169759
0.54  0.01348045441387843  0.0003684000695135567
0.55  0.01493091338842094  0.0003878541832580061
0.56  0.01711564048072129  0.0004154891687130901
0.57  0.019029925906741487  0.0004383188466413102
0.58  0.02052929125247899  0.00045543028026308617
0.59  0.02166295663625634  0.00046796924084794683
0.6  0.02315604371719908  0.00048400889025995757
0.7  0.03738000829030481  0.0006171532111319731
0.8  0.04929529171657655  0.0007108517651686363
0.9  0.06262036197490894  0.000803885797295687
1.0  0.07450805013102989  0.0008795157057956551
1.1  0.08526381076833393  0.0009434257069353264
1.2  0.0930587142410402  0.0009875583367957236
1.3  0.10441650592835086  0.0010491129337601105
1.4  0.11398649037840805  0.001098809259296837
1.5  0.1225518766321818  0.0011418364551361458
1.6  0.13043902891016276  0.0011803806879944403
1.7  0.13800996559411038  0.0012165050607244948
1.8  0.14833757466402164  0.0012645392222620185
1.9  0.15459743697670583  0.0012930184098686884
2.0  0.16211900091021725  0.0013266571826645957
2.1  0.1663970158744846  0.001345524794789031
2.2  0.17584257740741194  0.0013865506244407054
2.3  0.18073079495075692  0.0014074606602875548
2.4  0.1871612294271248  0.0014346557694147504
2.5  0.19194767961973933  0.0014546792305442353
2.6  0.20017188704559222  0.0014886735104265398
2.7  0.20211595547212646  0.0014966358684564733
2.8  0.20892008394163966  0.0015242988888454643
2.9  0.21236434089642062  0.0015381829979415147
3.0  0.22254332735176233  0.001578771481839516
3.1  0.22824392095149265  0.001601231298592043
3.2  0.23057051744739324  0.0016103421418746597
3.3  0.2374705167738271  0.001637192915043279
3.4  0.2434734874454962  0.0016603458473892056
3.5  0.2488051494205298  0.0016807503404197785
3.6  0.25014137820664983  0.0016858490250697862
3.7  0.25567607121811237  0.0017068493130547526
3.8  0.25972501620164967  0.0017221273405351783
3.9  0.2666750696189724  0.0017481878154750096
4.0  0.2690132371163945  0.0017569024479155721
4.1  0.27247482034948256  0.0017697724421442728
4.2  0.27816432465220975  0.0017908167104816544
4.3  0.28204698197701067  0.0018050868966442855
4.4  0.2884649979777348  0.0018285946695869373
4.5  0.2932930897862314  0.0018461661772409186
4.6  0.29339377065443045  0.001846511374043968
4.7  0.2958015504854816  0.0018552381097941878
4.8  0.2986380018734796  0.0018655092532177666
4.9  0.3040921609593509  0.001885185382845902
5.0  0.30836896768726024  0.001900486084586593
