#mmax= 10
#m-states: all states (FBR)
#Nr. of sites: 19

0.0  1.0000000000000002  0.0
0.1  1.0  6.774759959999701e-19
0.2  1.0  1.5737465585750968e-19
0.3  0.99992  2.8283281270743574e-5
0.4  0.99872  0.00011306521939764842
0.41  0.99847  0.00012359912526971082
0.42  0.99815  0.0001358895126917327
0.43  0.99806  0.00013914940756458956
0.44  0.99718  0.0001676924482723419
0.45  0.99659  0.00018434765754028016
0.46  0.99606  0.00019810390317094782
0.47  0.99564  0.0002083514773246901
0.48  0.99453  0.00023324093768751258
0.49  0.99343  0.00025547799061765946
0.5  0.99238  0.0002749911129493497
0.51  0.99043  0.0003078718870747839
0.52  0.98951  0.00032218106245769445
0.53  0.98798  0.0003446104809256898
0.54  0.98661  0.0003634671925827702
0.55  0.98518  0.0003821061842621224
0.56  0.98303  0.00040843831752002894
0.57  0.9811500000000629  0.0004300565363821491
0.58  0.9796800000000134  0.0004461759369681464
0.59  0.9785700000000032  0.0004579406600165768
0.6  0.9771100000000067  0.0004729299267619104
0.7  0.9633100000000919  0.0005945098598155977
0.8  0.9519000000079016  0.0006766597952696418
0.9  0.9393000000063482  0.000755089929404942
1.0  0.9282000018972703  0.000816366479788206
1.1  0.918270002929621  0.0008663195266713819
1.2  0.9111400018319061  0.0008998039047971697
1.3  0.9008500099022126  0.0009450933967663349
1.4  0.892270010031178  0.00098043454881514
1.5  0.8846600105710968  0.0010101370504712064
1.6  0.877710006252982  0.0010360319410404994
1.7  0.8710900107730619  0.0010596854064519846
1.8  0.8621400291825301  0.0010902098819834305
1.9  0.8567600079700011  0.0011078064631444555
2.0  0.8503400072842087  0.00112810967837066
2.1  0.8467100101355638  0.001139269312633473
2.2  0.8387500111460092  0.0011629693517041476
2.3  0.8346600231466629  0.001174751147293628
2.4  0.82931001642704  0.0011897743997004945
2.5  0.8253500499905  0.0012006195756498266
2.6  0.8185900359617709  0.001218613302435397
2.7  0.8170001868070776  0.0012227517841111115
2.8  0.8114600817435043  0.0012369077009440732
2.9  0.8086700123296173  0.0012438824639105725
3.0  0.8004803233063166  0.0012637755062096883
3.1  0.7959300921302367  0.0012744681750101834
3.2  0.7940804365024124  0.0012787411909380595
3.3  0.7886201417043242  0.0012911233086587463
3.4  0.7839002589551086  0.0013015455397234375
3.5  0.7797318897942773  0.0013105346392078888
3.6  0.7786906853962461  0.0013127549328061851
3.7  0.7743927762768957  0.0013217717782227822
3.8  0.7712636416519797  0.0013282142040496007
3.9  0.7659219023323927  0.0013389753372629292
4.0  0.7641331406619286  0.0013425073853623566
4.1  0.761492603051425  0.0013476686237771196
4.2  0.7571723892014489  0.0013559569672972737
4.3  0.7542382480966259  0.0013614655785871611
4.4  0.7494130356601996  0.0013703726823272064
4.5  0.7458035212666067  0.0013768772358295873
4.6  0.7457284369004227  0.00137699604068466
4.7  0.7439350469211402  0.0013801766502596266
4.8  0.7418279011457457  0.0013838868138825032
4.9  0.7377928676187385  0.0013908763296028076
5.0  0.7346442080223389  0.0013961810944685933
