#mmax= 10
#m-states: all states (FBR)
#Nr. of sites: 19
 
0.0  -1.6021450108847046e-22 
0.1  0.9081824662053364 
0.2  1.869316101067616 
0.3  2.958731099181884 
0.4  4.323750567095707 
0.41  4.486442631765826 
0.42  4.655858305941422 
0.43  4.832601359802425 
0.44  5.0174917109238555 
0.45  5.210856130936156 
0.46  5.413180516904253 
0.47  5.624963871921383 
0.48  5.845471613215018 
0.49  6.073407370761251 
0.5  6.306808268405115 
0.51  6.542292628867827 
0.52  6.776263385150262 
0.53  7.0042244991227225 
0.54  7.223069310337574 
0.55  7.4299368493287865 
0.56  7.624033787615649 
0.57  7.804673488718467 
0.58  7.972428625430323 
0.59  8.128378872251616 
0.6  8.2739201528251 
0.7  9.345392611956214 
0.8  10.05667707102138 
0.9  10.591189805843806 
1.0  11.017506542368178 
1.1  11.370624908815728 
1.2  11.670849051684199 
1.3  11.931098481870553 
1.4  12.160076827565508 
1.5  12.363862772251942 
1.6  12.547024158300248 
1.7  12.712975550630631 
1.8  12.86431386071279 
1.9  13.003094893652495 
2.0  13.131049234370554 
2.1  13.249475637633179 
2.2  13.359618233339742 
2.3  13.462355866070435 
2.4  13.558510137603614 
2.5  13.648768119710981 
2.6  13.73368074732437 
2.7  13.813788661761592 
2.8  13.889530443912044 
2.9  13.96129306253979 
3.0  14.02939764358005 
3.1  14.094160854943373 
3.2  14.15583815179261 
3.3  14.21467435783112 
3.4  14.2708839030642 
3.5  14.324649124243786 
3.6  14.376153394575757 
3.7  14.425541363971874 
3.8  14.472961882366695 
3.9  14.51853997244645 
4.0  14.562389231736864 
4.1  14.604618885441207 
4.2  14.645328355526882 
4.3  14.684601935539904 
4.4  14.722525190443074 
4.5  14.759174875296733 
4.6  14.794620519418343 
4.7  14.828924550569079 
4.8  14.862149600909598 
4.9  14.894350892323482 
5.0  14.925546458493958 
