#mmax= 10
#m-states: all states (FBR)
#Nr. of sites: 19
 
0.0  -1.1134816371597437e-55 
0.1  -0.44454108525532776 
0.2  -0.8551819461559446 
0.3  -1.1916266546246925 
0.4  -1.394735446818438 
0.41  -1.4041256424111834 
0.42  -1.4109549140050714 
0.43  -1.4150348282659415 
0.44  -1.4161483401613448 
0.45  -1.4141520469295854 
0.46  -1.4088532372318239 
0.47  -1.4000641270457774 
0.48  -1.3878129892420368 
0.49  -1.3722544021596441 
0.5  -1.3536945812571577 
0.51  -1.3327502192523573 
0.52  -1.3101517169850863 
0.53  -1.2868591621361771 
0.54  -1.2636335303748887 
0.55  -1.2412222188859798 
0.56  -1.219978646544266 
0.57  -1.2002230674613446 
0.58  -1.182009287134157 
0.59  -1.1652524164689948 
0.6  -1.14978301939286 
0.7  -1.0419478410375338 
0.8  -0.972208344269146 
0.9  -0.9186457182057618 
1.0  -0.8747874057280224 
1.1  -0.8375601716416542 
1.2  -0.8052452724161576 
1.3  -0.7767239230981764 
1.4  -0.7512365451915181 
1.5  -0.728261104294094 
1.6  -0.7073602428612746 
1.7  -0.688223442129126 
1.8  -0.6706173616814922 
1.9  -0.6543526085002095 
2.0  -0.639237480980412 
2.1  -0.6251787452608849 
2.2  -0.6120018123610798 
2.3  -0.5996490687654856 
2.4  -0.5880290074083263 
2.5  -0.5770654961358261 
2.6  -0.5667153860996627 
2.7  -0.5569108551952586 
2.8  -0.5476036867244364 
2.9  -0.5387545214370296 
3.0  -0.5303323810214571 
3.1  -0.5222976838982487 
3.2  -0.5146219024179899 
3.3  -0.5072841844288278 
3.4  -0.5002549041933119 
3.5  -0.49351673528170986 
3.6  -0.4870453464104815 
3.7  -0.48083018208057865 
3.8  -0.4748451124670823 
3.9  -0.46908303571700377 
4.0  -0.4635304901791825 
4.1  -0.45817328374396654 
4.2  -0.4529991883563304 
4.3  -0.4480013692322255 
4.4  -0.44316681408055614 
4.5  -0.43848695326884213 
4.6  -0.43395332099762396 
4.7  -0.4295623451186803 
4.8  -0.42530215005287825 
4.9  -0.4211650296175097 
5.0  -0.4171756459664666 
