#mmax= 10
#m-states: all states (FBR)
#Nr. of sites: 20
 
0.0  10.000000000000009 0.024999999999999245 
0.1  9.087114494765176 0.02049637693605144 
0.2  8.260651879693743 0.01653843975381253 
0.3  7.519691275871785 0.013186626813742719 
0.4  6.863728645365955 0.010658248901994627 
0.41  6.802071182171442 0.010463711714720936 
0.42  6.741019245306893 0.010284989183661941 
0.43  6.680421816501014 0.010116443594262559 
0.44  6.6203817561256 0.009963126484398455 
0.45  6.560814748883755 0.00983389486933306 
0.46  6.501645454511442 0.00971922962180205 
0.47  6.442934490861208 0.009625234358482837 
0.48  6.384738457115523 0.009551684252454562 
0.49  6.32717272022174 0.009506012660449592 
0.5  6.270409608480655 0.009481237500894468 
0.51  6.214731460445717 0.009475825634203017 
0.52  6.1604072054816585 0.009485677970952233 
0.53  6.107781846582357 0.009505952256978478 
0.54  6.05701346083122 0.009531931859822595 
0.55  6.008200177451251 0.0095588988978913 
0.56  5.961403358319294 0.009583764175455367 
0.57  5.916491373717572 0.009605043156603488 
0.58  5.873352223477657 0.009621068102751429 
0.59  5.83187801966914 0.009632043459875339 
0.6  5.791874928278687 0.009638263981548323 
0.7  5.451104521946545 0.009559442935360263 
0.8  5.179980261642877 0.00939424401731237 
0.9  4.9531282795253935 0.009220256919883485 
1.0  4.757968211605325 0.009054058653830688 
1.1  4.586920652075075 0.008892315356605396 
1.2  4.434896232065599 0.008733183866551197 
1.3  4.298353920380833 0.008581467645635277 
1.4  4.174658435461572 0.008437400613885204 
1.5  4.061811127328559 0.008302223635947459 
1.6  3.9582359277982833 0.00817136002566321 
1.7  3.8626633802911337 0.0080471201689849 
1.8  3.774094992741855 0.007929176935394633 
1.9  3.691688213519777 0.007819753085458347 
2.0  3.6147329245216793 0.007713334098291225 
2.1  3.5426352959228393 0.0076116390870190065 
2.2  3.474885980689037 0.007514290707786975 
2.3  3.4110653733428014 0.007421124500496479 
2.4  3.35080401108969 0.007331866419138189 
2.5  3.293760178199655 0.00724619341222188 
2.6  3.239667986907189 0.007163950658794382 
2.7  3.1882689951575034 0.007084545964362254 
2.8  3.1393360492162476 0.0070079045642285065 
2.9  3.0926874406832185 0.006934037034108442 
3.0  3.0481406091977887 0.006862665981921867 
3.1  3.0055408869886056 0.0067936604965377345 
3.2  2.964755078846215 0.006727186699669985 
3.3  2.9256429446514325 0.006662584130083693 
3.4  2.8880990991558946 0.0065999856589767925 
3.5  2.852019471663474 0.006536506785633778 
3.6  2.8173099607047245 0.006477723788837486 
3.7  2.7838836253324963 0.006420714983525144 
3.8  2.751662196172371 0.006365154674013662 
3.9  2.7205763266742813 0.0063112077498806984 
4.0  2.690558407689944 0.006260005047174166 
4.1  2.6615601458917086 0.0062096916480218756 
4.2  2.633486439601298 0.006160327192084036 
4.3  2.6063365627804482 0.006112019281423797 
4.4  2.580025930886719 0.006064172048067418 
4.5  2.554528799556002 0.006018999841189143 
4.6  2.5297952318801467 0.005973873671756058 
4.7  2.5057882985569635 0.0059300661902697005 
4.8  2.4824729695662753 0.005888606063155444 
4.9  2.459819635375128 0.005845368722233402 
5.0  2.437797080312338 0.0058057913947173745 
