#mmax= 10
#m-states: all states (FBR)
#Nr. of sites: 20
 
0.0  10.000000000000004 0.025000000000000022 
0.1  12.271874725881418 0.036495271562314247 
0.2  15.773513639019562 0.05549934334859874 
0.3  22.06788749301333 0.09346916528862925 
0.4  37.33497780669961 0.19774041463673342 
0.41  40.113180166676564 0.21658238944914854 
0.42  43.285594411126986 0.23771109876325835 
0.43  46.95594418886521 0.2614018391709927 
0.44  51.16061594343676 0.2872862262198286 
0.45  56.055507961774246 0.3157513681938924 
0.46  61.67299484968588 0.34607292547011836 
0.47  68.11513345541472 0.37793195153290204 
0.48  75.36761708564374 0.4102560662393113 
0.49  83.41361899974174 0.4422270178897646 
0.5  92.11824858942535 0.47271349067210644 
0.51  101.25105889816308 0.5007501941988795 
0.52  110.53258327906966 0.5256422606335752 
0.53  119.62755940028362 0.5469684637059459 
0.54  128.30467413248243 0.5648266096201258 
0.55  136.3722681358764 0.5794590807796006 
0.56  143.72910675744666 0.5912755336059159 
0.57  150.39359290483583 0.6008140699229367 
0.58  156.3779203853646 0.6084693323006336 
0.59  161.7687197039612 0.614671534914318 
0.6  166.64111138604727 0.6197373832583705 
0.7  198.6968909599584 0.6424060617310909 
0.8  217.48568484243737 0.6498639913780346 
0.9  230.8290073070329 0.6536662266804072 
1.0  241.14579679225807 0.6560040444685038 
1.1  249.52373674349164 0.6575991823057656 
1.2  256.55940597770797 0.6587653452269486 
1.3  262.60474075539094 0.6596588609614299 
1.4  267.8905128991213 0.6603677731512309 
1.5  272.5734344644292 0.6609450441792677 
1.6  276.76707366546583 0.6614250469361058 
1.7  280.5563578932623 0.6618310279236166 
1.8  284.00413782128743 0.6621789322313865 
1.9  287.1601056438529 0.6624805055251057 
2.0  290.0660240754356 0.6627446304988344 
2.1  292.7543841195229 0.6629779617076829 
2.2  295.2514881548034 0.6631855762526564 
2.3  297.5791737356781 0.6633714856436648 
2.4  299.75553672542435 0.6635388625300334 
2.5  301.7978042403038 0.6636904789626463 
2.6  303.71825771455076 0.6638283393637197 
2.7  305.5292687614277 0.6639542664274917 
2.8  307.24139243739353 0.6640697921976866 
2.9  308.86223913269464 0.6641760384948419 
3.0  310.40070910275955 0.6642741617891859 
3.1  311.86318417161596 0.6643650175619504 
3.2  313.2556333845572 0.6644493799235316 
3.3  314.5838701228356 0.6645279232335137 
3.4  315.85266135009834 0.6646012289477283 
3.5  317.06607751493596 0.6646697743922064 
3.6  318.2280112627497 0.6647340144866434 
3.7  319.3424968262898 0.6647943685586494 
3.8  320.4123369490616 0.6648511476168901 
3.9  321.44037271351027 0.6649046539422365 
4.0  322.4294837366532 0.6649551779527242 
4.1  323.38031926790944 0.6650028324245398 
4.2  324.30010884853357 0.6650481866138753 
4.3  325.1844347089826 0.6650909855812419 
4.4  326.0396674002627 0.6651317178354927 
4.5  326.8661084387457 0.6651704454554709 
4.6  327.6654726459787 0.6652073169866733 
4.7  328.439112604923 0.665242456812436 
4.8  329.188195931723 0.6652759719077896 
4.9  329.91432521812686 0.6653079867689591 
5.0  330.61849795573255 0.6653385974840849 
