#mmax= 10
#m-states: all states (FBR)
#Nr. of sites: 20
 
0.0  6.1594627422645745e-24 
0.1  0.02576011557150495 
0.2  0.05636425936107801 
0.3  0.09826876483004192 
0.4  0.16309427543665592 
0.41  0.17166996578480312 
0.42  0.18076928464117165 
0.43  0.19045841264102897 
0.44  0.2007502735219063 
0.45  0.21175621003988224 
0.46  0.22346440462763356 
0.47  0.23593039651211978 
0.48  0.2490973621680778 
0.49  0.2629091418070642 
0.5  0.2772006954331423 
0.51  0.29173142379737965 
0.52  0.306217055611294 
0.53  0.32033270938633873 
0.54  0.33385335350941275 
0.55  0.34659556707427713 
0.56  0.35846527584440174 
0.57  0.36948500484554836 
0.58  0.37967080742342146 
0.59  0.38911498858466514 
0.6  0.3978983588722052 
0.7  0.46257989437811836 
0.8  0.505729641215151 
0.9  0.5382660540831035 
1.0  0.5643006193272069 
1.1  0.5859152070865041 
1.2  0.6043399626986143 
1.3  0.6203428819077964 
1.4  0.6344471129403502 
1.5  0.6470198306822994 
1.6  0.6583335370913582 
1.7  0.6685948133821773 
1.8  0.6779610913887864 
1.9  0.6865568543134134 
2.0  0.6944890567521607 
2.1  0.7018406540900628 
2.2  0.7086795605251912 
2.3  0.7150633805400609 
2.4  0.7210397092627159 
2.5  0.7266531067331241 
2.6  0.7319370088217979 
2.7  0.7369239581830624 
2.8  0.7416416817754627 
2.9  0.7461112614535953 
3.0  0.7503561614509219 
3.1  0.7543936297490071 
3.2  0.758239988861291 
3.3  0.7619104217194627 
3.4  0.7654181494843839 
3.5  0.7687744410487308 
3.6  0.7719892837905123 
3.7  0.7750739049096924 
3.8  0.7780359364656031 
3.9  0.7808831737626467 
4.0  0.7836232991030689 
4.1  0.786258621551453 
4.2  0.7888075738022329 
4.3  0.7912597409603656 
4.4  0.793631358845567 
4.5  0.7959238137540174 
4.6  0.7981415273264246 
4.7  0.8002881579873884 
4.8  0.8023669124772234 
4.9  0.8043825913609388 
5.0  0.8063375608362288 
