#mmax= 10
#m-states: all states (FBR)
#Nr. of sites: 20
 
0.0 2.842170943040401e-14
0.1 -0.1190381644187967
0.2 -0.47983637168513665
0.3 -1.0953330756873498
0.4 -1.9956676522443217
0.41 -2.103541333432929
0.42 -2.215023094841598
0.43 -2.330239496828786
0.44 -2.4493259122644653
0.45 -2.5724334835153133
0.46 -2.699725298383671
0.47 -2.8313675503458855
0.48 -2.9675269567475624
0.49 -3.1083509221074053
0.5 -3.253951640456293
0.51 -3.404380204017272
0.52 -3.5596119170011016
0.53 -3.7195358696715317
0.54 -3.883965101705982
0.55 -4.0526559047646415
0.56 -4.225333329983571
0.57 -4.401715956999894
0.58 -4.581534335882998
0.59 -4.764538957118755
0.6 -4.9505071656316355
0.7 -6.939358686368692
0.8 -9.100511102686264
0.9 -11.384470399371352
1.0 -13.763603956896915
1.1 -16.220071324550215
1.2 -18.741399292979487
1.3 -21.318377202905538
1.4 -23.94392403052025
1.5 -26.612427936833754
1.6 -29.31933484694582
1.7 -32.060872286282546
1.8 -34.833872318812396
1.9 -37.63563383541138
2.0 -40.463832698222035
2.1 -43.31644746527246
2.2 -46.191706615790686
2.3 -49.0880461747513
2.4 -52.00407655953633
2.5 -54.93855507902679
2.6 -57.89036747285207
2.7 -60.858508767853316
2.8 -63.842065495134314
2.9 -66.84020872915278
3.0 -69.85218083882725
3.1 -72.87728811794292
3.2 -75.91489188766364
3.3 -78.96440744832735
3.4 -82.02529139133955
3.5 -85.09704074650395
3.6 -88.17918982605478
3.7 -91.2713040997516
3.8 -94.37297982274629
3.9 -97.48383888689544
4.0 -100.60352787143734
4.1 -103.73171531499736
4.2 -106.86809037406759
4.3 -110.01236056303281
4.4 -113.16424993128567
4.5 -116.32349896008024
4.6 -119.48986214253037
4.7 -122.6631075679195
4.8 -125.843015697337
4.9 -129.02937836406616
5.0 -132.2219976038553
