0.0  -0.0  0.0
0.1  0.005976815006669693  0.0002448185384710009
0.2  0.027290801197417187  0.0005259485223793336
0.3  0.06724358242476414  0.0008344091853350358
0.4  0.15076345842031455  0.0012830304639533051
0.41  0.16378582576879736  0.0013381819376450195
0.42  0.17815244404077765  0.0014093940238037058
0.43  0.19691388970626772  0.0014822175546249535
0.44  0.21388291518139205  0.0015594745239064175
0.45  0.23970751998744072  0.0016576652705974169
0.46  0.2681726469869723  0.001768018944490687
0.47  0.29577336996754666  0.0018765134005411495
0.48  0.3338449889487743  0.0020131280101371796
0.49  0.3741146874604836  0.0021593355991967825
0.5  0.4163239646873594  0.0023136712072001886
0.51  0.4669550173108605  0.002479359063353593
0.52  0.5087499820897471  0.0026216388245519358
0.53  0.5529724567646443  0.0027731708386833564
0.54  0.5911335433372652  0.002895337929765528
0.55  0.6211704004349168  0.002997500326515681
0.56  0.6473056763389938  0.003071977209499386
0.57  0.6622900658852957  0.003131394757178152
0.58  0.6843960868418367  0.003199233274175942
0.59  0.6887092372027067  0.0032067886750078486
0.6  0.6895258292124122  0.0032129209171346982
0.7  0.7029988441696279  0.0032402056530767124
0.8  0.7100559669234199  0.0032577082758423474
0.9  0.7083831204464386  0.0032479129108758612
1.0  0.7069042880064332  0.00323700739652157
1.1  0.7047972710082538  0.0032358243150523098
1.2  0.7094215718022119  0.003252524630556834
1.3  0.6985721945809085  0.0032163253821155353
1.4  0.7027523809314328  0.00322917326150669
1.5  0.7028776538581856  0.003226738007407514
1.6  0.699974689143896  0.003221533456996166
1.7  0.7065185331789752  0.0032404121611422643
1.8  0.708746883574732  0.0032452174259335314
1.9  0.7055363837234799  0.0032354119961081106
2.0  0.7074727923369027  0.0032439101971394537
2.1  0.7073498033692918  0.0032392202440914963
2.2  0.7039178521197437  0.003232356985197436
2.3  0.7039120830804434  0.00323310452638162
2.4  0.7127214610101605  0.003254293530262715
2.5  0.6988543739805867  0.0032124883322036325
2.6  0.7038917471002686  0.0032303577441772048
2.7  0.7027314920097297  0.00322783890052386
2.8  0.7080289636996541  0.0032420909256126854
2.9  0.707088451099967  0.0032365899622110207
3.0  0.6998710731853255  0.003218027053309706
3.1  0.6974523162056463  0.0032051706185324404
3.2  0.7002914310061918  0.0032225017355496676
3.3  0.7007105056209721  0.0032178166027812777
3.4  0.7044712014233523  0.003230617626051986
3.5  0.6992134713451048  0.003218000951035734
3.6  0.7029303084953178  0.0032277358602893777
3.7  0.7058271761805038  0.003236651229447658
3.8  0.7018576476658517  0.0032199514019745222
3.9  0.7026513827957778  0.0032233138562871165
4.0  0.7031107368204804  0.003223739173215339
4.1  0.7017459966322863  0.003222727058767927
4.2  0.7060231751293209  0.003233966317549326
4.3  0.7045056062042752  0.0032290528851857056
4.4  0.7025095445101098  0.0032267020609335955
4.5  0.7013856504078627  0.0032170054541317793
4.6  0.7030203870409294  0.0032249629972134946
4.7  0.7053254771794976  0.0032300202707349693
4.8  0.7029264316155128  0.0032228918855672574
4.9  0.7024132032169488  0.003225271006534422
5.0  0.700244551563333  0.0032143342944430126
0.0  -0.0  0.0
0.1  0.00594767595556265  0.00024424238736513485
0.2  0.02667535922668666  0.0005198796428555082
0.3  0.06676091584792125  0.0008304637270095076
0.4  0.14868069364037972  0.00127412543960747
0.41  0.16186608933505794  0.0013343995302799142
0.42  0.1766142549542085  0.0013966168810878835
0.43  0.194201316616582  0.001474314251628515
0.44  0.2171842557438083  0.0015799898838958295
0.45  0.24059540057894216  0.0016637139045360435
0.46  0.26429153264494265  0.0017532393425172938
0.47  0.2988158414462915  0.0018835764969987547
0.48  0.33570633923390586  0.002018120516215129
0.49  0.3753021091665359  0.0021625701231866084
0.5  0.41859228919923014  0.0023123631713855668
0.51  0.46238395550724465  0.0024652093839095017
0.52  0.5095753507052004  0.002627595274893157
0.53  0.5546893958322052  0.002777447450096377
0.54  0.5883188420945415  0.0028895429681684956
0.55  0.62403793893488  0.0030005768848603556
0.56  0.647642011250504  0.003077882058209056
0.57  0.6703684287172046  0.0031533080555315586
0.58  0.678937055180019  0.003182787922595294
0.59  0.6936535569731069  0.0032237564187502787
0.6  0.6976380339106679  0.0032370321956182086
0.7  0.7070721555876004  0.003257810673191746
0.8  0.702398437748535  0.003236063992458684
0.9  0.7050447770554271  0.003240378231886333
1.0  0.7096573239593629  0.003253561003744801
1.1  0.7134290645263561  0.003262584137747235
1.2  0.7102620959519936  0.0032533195601954067
1.3  0.7057584732499338  0.003238402388988774
1.4  0.7089245975662053  0.0032431115529550658
1.5  0.7027105083381675  0.0032299492459711334
1.6  0.70382121508882  0.003234056153515231
1.7  0.7040191230653665  0.0032289420773314865
1.8  0.7095684538546627  0.003246301841778514
1.9  0.7018026425216111  0.003225815587959986
2.0  0.7025466689312817  0.0032330038497739035
2.1  0.7051614365018141  0.003233881330706318
2.2  0.7100983781535247  0.0032524494076675483
2.3  0.7003020619209688  0.0032190202557181896
2.4  0.7033424893366964  0.003228231210703711
2.5  0.7057775362655694  0.003232164291391326
2.6  0.6980387738295843  0.0032138117591393304
2.7  0.704787221879708  0.003232650136027191
2.8  0.7035275721478726  0.0032281963267329116
2.9  0.6989137918252672  0.003216884698728995
3.0  0.7008616346072953  0.003219939510677788
3.1  0.7053160331817695  0.0032370862596146593
3.2  0.7022300461504851  0.0032265098713216535
3.3  0.7051639943330874  0.0032329863965822794
3.4  0.7043925816155133  0.0032293007261815936
3.5  0.7020575856164167  0.0032223918082240036
3.6  0.7025047747440738  0.0032223765438542567
3.7  0.7003816437636439  0.0032204710945808635
3.8  0.702363077516665  0.00322188472727319
3.9  0.7006041159838805  0.00321545157022085
4.0  0.7015669836485053  0.003218776898971554
4.1  0.7048793857951864  0.00322950522013084
4.2  0.7065545785980191  0.003236362491642064
4.3  0.7025459370028501  0.003224835064367327
4.4  0.6994909353821281  0.0032148199707083846
4.5  0.7051865442998657  0.0032345981595075565
4.6  0.6994111026830392  0.003216116940330919
4.7  0.7053548668136845  0.003234381256859456
4.8  0.6954096145734783  0.0032020388863595703
4.9  0.7085225896354347  0.0032437666889181013
5.0  0.705121192084627  0.0032319849643419624
