#mmax= 10
#m-states: all states (FBR)
#Nr. of sites: 20
 
0.0  0.0 
0.1  0.022975111634663516 
0.2  0.07702564257750845 
0.3  0.16004780574141392 
0.4  0.29148209008753 
0.41  0.3100508148251304 
0.42  0.330285680911169 
0.43  0.35258106561616903 
0.44  0.37704258159066817 
0.45  0.40430965171463507 
0.46  0.43432330050877394 
0.47  0.46730001057047954 
0.48  0.5026893171257986 
0.49  0.5398302278612216 
0.5  0.5773555434209586 
0.51  0.613497983681966 
0.52  0.6465145612627846 
0.53  0.6748317801948801 
0.54  0.6978505484936758 
0.55  0.7154996967050882 
0.56  0.7282834419416929 
0.57  0.7371483526650564 
0.58  0.7429135227939417 
0.59  0.7464490820634273 
0.6  0.7484127523909694 
0.7  0.743981217539807 
0.8  0.738472755821727 
0.9  0.7354710232442928 
1.0  0.7336360463249617 
1.1  0.7323916522341928 
1.2  0.7314844124617578 
1.3  0.7307852988286367 
1.4  0.730223974594314 
1.5  0.7297625771596078 
1.6  0.729372680810358 
1.7  0.7290373554892643 
1.8  0.7287458079426381 
1.9  0.7284890986048101 
2.0  0.7282603329352395 
2.1  0.7280548512367734 
2.2  0.7278693844244424 
2.3  0.727700716402283 
2.4  0.7275465500183168 
2.5  0.727404897441118 
2.6  0.7272736410119963 
2.7  0.7271527477758497 
2.8  0.7270405039808486 
2.9  0.7269359157441183 
3.0  0.7268381337162069 
3.1  0.7267465335193534 
3.2  0.7266599341904094 
3.3  0.7265789878608305 
3.4  0.7265025587272307 
3.5  0.7264303230387527 
3.6  0.7263618789266176 
3.7  0.7262969253582163 
3.8  0.7262352268613722 
3.9  0.7261764910407 
4.0  0.7261205066652533 
4.1  0.7260673075071493 
4.2  0.7260160087138224 
4.3  0.7259673469229586 
4.4  0.7259205205672624 
4.5  0.7258755340354502 
4.6  0.725832490798296 
4.7  0.7257910628199339 
4.8  0.7257511825376136 
4.9  0.7257128720995701 
5.0  0.7256759258688025 
