#mmax= 10
#m-states: all states (FBR)
#Nr. of sites: 20
 
0.0  -0.0 
0.1  0.006345489979364175 
0.2  0.02670144613367643 
0.3  0.06678769329138325 
0.4  0.14941108797551536 
0.41  0.16294006350349768 
0.42  0.17821867378409104 
0.43  0.1956878197917661 
0.44  0.21567797782913675 
0.45  0.23896460826754864 
0.46  0.2659414151799235 
0.47  0.2973109809199387 
0.48  0.33322487665159756 
0.49  0.37370397219050033 
0.5  0.4179021758545654 
0.51  0.46412458546857965 
0.52  0.5100512618293269 
0.53  0.5529086222607087 
0.54  0.5907241319488334 
0.55  0.6221699074041435 
0.56  0.6469435826549595 
0.57  0.665757078959167 
0.58  0.6794495224459945 
0.59  0.689197069159394 
0.6  0.6959832886613159 
0.7  0.7085090499656116 
0.8  0.7071884555937178 
0.9  0.7062829664914443 
1.0  0.7057307721440969 
1.1  0.7053578842817134 
1.2  0.7050860898365947 
1.3  0.7048757629287123 
1.4  0.7047060407642258 
1.5  0.7045673948767924 
1.6  0.7044493279108786 
1.7  0.7043476353675576 
1.8  0.7042589526693135 
1.9  0.704180829982408 
2.0  0.7041111926835865 
2.1  0.7040484780596198 
2.2  0.703991983745792 
2.3  0.7039405078318126 
2.4  0.7038934420468661 
2.5  0.7038501414704932 
2.6  0.7038100943619252 
2.7  0.7037731077316534 
2.8  0.7037387720380686 
2.9  0.703706760328851 
3.0  0.7036768179914904 
3.1  0.703648760349529 
3.2  0.7036222490581314 
3.3  0.7035974356110483 
3.4  0.7035739891216494 
3.5  0.7035518316960027 
3.6  0.7035307944455444 
3.7  0.7035108535791889 
3.8  0.7034919053233563 
3.9  0.7034738612886033 
4.0  0.7034566566009782 
4.1  0.7034403157866118 
4.2  0.7034245304255334 
4.3  0.703409572033949 
4.4  0.703395149732151 
4.5  0.7033812995180565 
4.6  0.7033680472379463 
4.7  0.7033552892047005 
4.8  0.7033430019307337 
4.9  0.7033312005498404 
5.0  0.7033198152951928 
