#mmax= 10
#m-states: all states (FBR)
#Nr. of sites: 20

0.0  0.0 0.0 0.0 NaN NaN 0.0 
0.1  -0.00014 0.001447349561166038 0.20948207522075227 0.020108936222144096 18.851421229992013 0.0 
0.2  -0.00524 0.0029081626498701865 0.8457409998099985 -0.03330680982075354 4.241355752146239 0.0 
0.3  -0.00624 0.004410057268341434 1.944860511005111 -0.00020364525743178023 1.8601890340695686 0.0 
0.4  0.00044 0.005905281262350497 3.4872346787467885 0.009219406916700316 0.856233650691228 0.0 
0.41  -0.00284 0.0060804184937297365 3.6971489058890596 -0.00614742636832054 0.7593306442994048 0.0 
0.42  -0.00794 0.006243281136517361 3.8978559349593507 0.0033846769215306978 0.7479101523327119 0.0 
0.43  -0.00686 0.0064163183443007995 4.116914109541096 -0.00015256871629660003 0.7057600015968437 0.0 
0.44  -0.0052 0.006569700237424238 4.316096120961209 0.0032086198806872885 0.6000714416772537 0.0 
0.45  0.00296 0.006750849437195383 4.557396812368122 0.007516764591001554 0.6028846905884948 0.0 
0.46  -0.00156 0.006923557974087471 4.793565502055021 0.0051561491552183855 0.5388553279348689 0.0 
0.47  -0.01226 0.007092883758669681 5.030900001400014 -0.0036444174348809755 0.49968296562257697 0.0 
0.48  0.0018 0.0072949091671519525 5.321569975699759 0.01310403915371759 0.4097921782871756 0.0 
0.49  -0.00594 0.007456420263506574 5.559820314603145 0.0007288798211835106 0.4169708424297842 0.0 
0.5  -0.00836 0.0076483649284576375 5.849748607886081 -0.012689244814765754 0.34359167539283497 0.0 
0.51  -0.01042 0.00783080630914049 6.132152745127451 0.0106375372249082 0.35185017415340525 0.0 
0.52  2.0e-5 0.008038025012057437 6.460984609446096 0.01079564111211411 0.2666821775833008 0.0 
0.53  0.0069 0.008160232214459216 6.658938979389794 0.01316649863440373 0.27839844751743836 0.0 
0.54  -0.00518 0.008340888884302068 6.957042738027381 -0.008709021790088253 0.22073341962581328 0.0 
0.55  2.0e-5 0.008499618958001843 7.224352243122433 -0.0034542903096517795 0.2318545593402006 0.0 
0.56  -0.00654 0.008609896258790571 7.413031358713587 -0.002342433426478057 0.19750380491478392 0.0 
0.57  0.00042 0.00880138471376685 7.74643728797288 -0.001287595441416528 0.18934889426821577 0.0 
0.58  0.00028 0.008870219051627772 7.868078602386028 -0.0012926824560267297 0.2045274773489636 0.0 
0.59  0.00144 0.008995064667687704 8.091118837588372 0.005050964624690659 0.1825428059432368 0.0 
0.6  0.00636 0.009127651869143917 8.331402864428643 -0.014454776170822674 0.17199960161268013 0.0 
0.7  -0.01614 0.010006657600615868 10.013319633596332 0.007946987407291464 0.06999752610742194 0.0 
0.8  0.002 0.01061381583271847 11.265308653086526 0.0005693928608134957 0.07515465612983885 0.0 
0.9  0.009 0.011137523532828313 12.404443044430447 0.0022661438004494563 0.04658290464141235 0.0 
1.0  0.00226 0.011552388649142436 13.3457683500835 0.000131201633061046 0.02151270466385302 0.0 
1.1  0.01498 0.011896905957420762 14.153637135971362 -0.004969692066544167 0.04401249713849387 0.0 
1.2  0.03902 0.012341778542453916 15.231949759097592 0.01359248326481592 0.03128971441308792 0.0 
1.3  0.01512 0.012617579240450955 15.92033058890589 -0.005746427670199121 0.03890043773955698 0.0 
1.4  0.0065 0.012929317428715704 16.71672491724917 -0.01833658793995631 -0.003828046988362477 0.0 
1.5  -0.00048 0.01313347336302266 17.248812257722573 -0.005549738796987495 0.02309153447720247 0.0 
1.6  -0.00648 0.013418158613081219 18.004698056580573 -0.004598023194399407 0.029740477804120147 0.0 
1.7  -0.01128 0.013677243811747413 18.70669982859829 -0.0018402498135582025 0.0037910671175658273 0.0 
1.8  -0.01304 0.0139385882508389 19.42842424264242 -0.0005171433929677865 -0.03331716961642961 0.0 
1.9  -0.0087 0.014183034043692725 20.115845468454683 -0.007909822090537038 0.00608016468217798 0.0 
2.0  0.00832 0.014375471272892 20.665417431774316 0.00600749205869728 -0.005150894184951849 0.0 
2.1  -0.00234 0.014592192246703217 21.29320745647455 -0.01499324845409651 -0.004262398641176723 0.0 
2.2  -0.01272 0.01478985359676336 21.87397694136941 0.0050015005482329285 9.582910148520085e-6 0.0 
2.3  0.02988 0.014943216014400936 22.329970485304862 0.016653255285152047 0.04861234420667415 0.0 
2.4  -0.00222 0.015164044651691778 22.994825019850204 0.002318264586940262 0.013588583268451249 0.0 
2.5  0.01544 0.01531302585877819 23.448876095160955 -0.017915935160519397 -0.014363411758962386 0.0 
2.6  -0.0138 0.01555999089759269 24.21133167331674 -0.0011232951679221123 0.004207562200438275 0.0 
2.7  -0.02374 0.01568437515874449 24.59996241202412 0.002463448681929663 -0.0015184201134732511 0.0 
2.8  0.00578 0.015829976999279502 25.0588171797718 -0.007060261650207969 0.0065192020593571876 0.0 
2.9  0.00242 0.015911319025672613 25.31700731367313 -0.006499129203033007 0.011488978213937795 0.0 
3.0  0.0124 0.016080032589347596 25.856744807448074 0.008927833115461272 0.0128474178723752 0.0 
3.1  0.0179 0.016327396048930073 26.658386173861736 -0.001754918465737279 0.007510173992042457 0.0 
3.2  -0.00256 0.01643769559404129 27.01978364423645 0.0007210477222133518 0.03527044594336193 0.0 
3.3  -0.02996 0.016547004623726318 27.380336201762017 -0.012368449999655718 -0.007034673069968189 0.0 
3.4  -0.00678 0.01669192399093841 27.862032651926516 0.005323784332887992 0.019500164579090207 0.0 
3.5  -0.01548 0.01681434003808384 28.272203091630924 0.0012846227367553234 0.0006217233490879437 0.0 
3.6  -0.0131 0.017017096688794982 28.958157971579713 -0.0008016034475004588 0.027556363138747653 0.0 
3.7  0.01584 0.017128841902365993 29.339722491624904 -0.015680718437448157 0.014170857709061124 0.0 
3.8  -0.0029 0.01730697290727388 29.953131121311213 0.012979427536772717 -0.011829425508159463 0.0 
3.9  0.0043 0.01739241329029415 30.249604006040055 0.010513145082552034 -0.013719046543549496 0.0 
4.0  0.00404 0.01746879756516984 30.51588883728837 0.003360432726160972 -0.0028875878493592744 0.0 
4.1  -0.04534 0.01764547977453616 31.13629564735647 0.0034825488289463506 0.015420560729677568 0.0 
4.2  0.00532 0.01773079977859453 31.438126078860783 -0.0037496314574364488 0.032459966276253915 0.0 
4.3  0.02946 0.017839655367103822 31.825330361703625 -0.002813466944952963 -0.004213049158769522 0.0 
4.4  -0.00878 0.017875805563952792 31.95444245602456 -0.0029993198205948745 0.03733521759634417 0.0 
4.5  0.00386 0.018033377471539554 32.52027030310303 0.0016658964403777389 0.020535369380782154 0.0 
4.6  0.02414 0.018241148538373348 33.27394999990001 0.00874549518408843 0.004595617810123631 0.0 
4.7  0.00956 0.018265574789100496 33.36312223762237 0.006175412626947814 0.03766436441938614 0.0 
4.8  0.0018 0.018347123310463072 33.66169337693375 0.006828486753478207 0.02046964466374801 0.0 
4.9  -0.03842 0.018562442853214303 34.45642846788468 0.0031035351873915356 -0.009991270567212052 0.0 
5.0  -0.02196 0.018567202939437328 34.474102499425015 0.002031227852123047 0.0008929726758704071 0.0 
