#mmax= 10
#m-states: all states (FBR)
#Nr. of sites: 20
 
0.0  -4.939791780048803e-45 
0.1  0.0024809803747949818 
0.2  0.009691166373573751 
0.3  0.020901553675311612 
0.4  0.0346817917034702 
0.41  0.03611097972049144 
0.42  0.037535184757417614 
0.43  0.03894939654570231 
0.44  0.04034795060228585 
0.45  0.04172462695644054 
0.46  0.04307268985723658 
0.47  0.044384159814398014 
0.48  0.045651161924394 
0.49  0.04686640794060579 
0.5  0.048024111795288225 
0.51  0.04912140918804746 
0.52  0.05015936268368142 
0.53  0.05114278287843419 
0.54  0.05207893846232223 
0.55  0.05297655947043635 
0.56  0.05384405608207878 
0.57  0.05468717662164233 
0.58  0.05551180971354787 
0.59  0.05632031879410265 
0.6  0.05711483275322758 
0.7  0.06444121530258268 
0.8  0.07082466804102705 
0.9  0.07652688242261795 
1.0  0.08173636194193641 
1.1  0.08657483951851999 
1.2  0.0911206503715765 
1.3  0.0954294208085856 
1.4  0.09953995468443784 
1.5  0.10348167081467029 
1.6  0.10727603931152532 
1.7  0.11094104344438949 
1.8  0.11449023084480824 
1.9  0.1179370248608628 
2.0  0.1212869612792146 
2.1  0.12454903626053436 
2.2  0.12773125448223 
2.3  0.13083872161320517 
2.4  0.13387747633214755 
2.5  0.13685135923732134 
2.6  0.13976492352991063 
2.7  0.14262140319997424 
2.8  0.14542411788272525 
2.9  0.14817722834661695 
3.0  0.15088157451415704 
3.1  0.15354073981560754 
3.2  0.1561563253990436 
3.3  0.15873132800730733 
3.4  0.1612665300644718 
3.5  0.16376329628723393 
3.6  0.16622629192187696 
3.7  0.16865376827289347 
3.8  0.1710485113379458 
3.9  0.17341191405978099 
4.0  0.17574507429586983 
4.1  0.1780541222227619 
4.2  0.18032442259646633 
4.3  0.18257742113420417 
4.4  0.18479980582486422 
4.5  0.18699594789954846 
4.6  0.1891674858443854 
4.7  0.19131586778598186 
4.8  0.19344322249742343 
4.9  0.19554558818846354 
5.0  0.19762741484010993 
