#mmax= 10
#m-states: all states (FBR)
#Nr. of sites: 20
 
0.0  -9.526289720249603e-8 
0.1  -1.4961156356779797e-8 
0.2  3.9316894066039653e-7 
0.3  -1.1457142107934609e-5 
0.4  1.9001400346761258e-6 
0.41  2.706932393503805e-6 
0.42  1.924412735976001e-5 
0.43  -6.646397401129989e-6 
0.44  -3.675641075718252e-6 
0.45  7.207558356277835e-6 
0.46  1.1783702655546775e-5 
0.47  6.344105198164699e-5 
0.48  0.0006344810593105329 
0.49  0.00021402356432439934 
0.5  6.171303351192865e-5 
0.51  0.00031712120052160585 
0.52  0.0005399664361322806 
0.53  0.0003928960389845507 
0.54  0.0003071160094636865 
0.55  0.00034036637623095117 
0.56  -1.0845951991297063e-5 
0.57  -0.00011299409458816161 
0.58  -0.00028080129556613245 
0.59  -0.00048361272303776087 
0.6  -0.0005002830893962791 
0.7  0.00412763089412246 
0.8  -0.013188450814439593 
0.9  -0.02491613246186805 
1.0  -0.019761852369315814 
1.1  -0.01457025770447468 
1.2  -0.007934325780089423 
1.3  0.009451630914754915 
1.4  0.01649330223206301 
1.5  0.004775532411804574 
1.6  0.002662178029890979 
1.7  0.0015687203886328139 
1.8  0.005402629807293296 
1.9  0.006421785219566194 
2.0  0.00530590716733344 
2.1  0.007171256098942366 
2.2  0.004806096343921563 
2.3  0.004541949331482364 
2.4  0.0037525075963836477 
2.5  0.004329225798547588 
2.6  0.0030789649270445006 
2.7  0.003433062739183976 
2.8  0.0028976337848572817 
2.9  0.002714723060343739 
3.0  0.00258979363220937 
3.1  0.0024760581456134277 
3.2  0.002961868361149659 
3.3  0.0031496846178138958 
3.4  0.0035334478791449577 
3.5  0.003430585640688451 
3.6  0.0049061680360159435 
3.7  0.004985611760167977 
3.8  0.005110719529256103 
3.9  0.0051800150190170315 
4.0  0.005272514894601811 
4.1  0.0053277657960457666 
4.2  0.005393043428835183 
4.3  0.005471683555969283 
4.4  0.006053859216060887 
4.5  0.006135925278363403 
4.6  0.006325035434328896 
4.7  0.006399200942016937 
4.8  0.006479445310663379 
4.9  0.006527257648314149 
5.0  0.006570855327784364 
