#mmax= 10
#m-states: all states (FBR)
#Nr. of sites: 20

0.0  -0.0  0.0
0.1  -0.0  3.3686062129808394e-19
0.2  -0.0  8.935098609336485e-20
0.3  0.00011994603112577781  3.4625658253278465e-5
0.4  0.0015607242175258113  0.00012495884497880022
0.41  0.0018895329723023066  0.00013744676267924585
0.42  0.0023301819307086297  0.00015265882918024819
0.43  0.0032039610231491145  0.0001791079393504711
0.44  0.003329421340552406  0.00018247654415296189
0.45  0.004400862961912836  0.00020984048618045005
0.46  0.004856812067445676  0.00022054160963808067
0.47  0.005879750028151426  0.0002426901654311791
0.48  0.007036255303003592  0.0002655734589916281
0.49  0.008498880278220624  0.0002918680197250165
0.5  0.00962877793744429  0.00031101523521725674
0.51  0.01084547102282155  0.00032987593088310425
0.52  0.013415561698104796  0.0003669381458963433
0.53  0.014265346078971867  0.00037934128730332403
0.54  0.016152156453077  0.00041325863920234064
0.55  0.017638372469222452  0.0004284252083803979
0.56  0.02025084809842915  0.00045186881099009834
0.57  0.022535191228642785  0.0004783118199054819
0.58  0.022603334231518613  0.0004802100503145756
0.59  0.025217865247411736  0.0005157973160395917
0.6  0.02685622781344556  0.0005222558427439293
0.7  0.041807583666917954  0.0006541938589292703
0.8  0.05735040166868835  0.0007817124374835511
0.9  0.06676198267363785  0.000873570541423854
1.0  0.07694391250230924  0.0009327151000519973
1.1  0.08892335260405232  0.0010112679255686635
1.2  0.09727193032298281  0.001043521348077597
1.3  0.1038654678045848  0.00111119481740353
1.4  0.11217875632498163  0.0011485999804314124
1.5  0.11978758077858996  0.0011994071067423686
1.6  0.12634087964581517  0.001209502902822508
1.7  0.13246707549766848  0.0012626379081111796
1.8  0.1359443549556232  0.0013076108822355301
1.9  0.14280448439255194  0.0013455722823787375
2.0  0.14615666285244716  0.0013519814730790216
2.1  0.15136635370727028  0.0013910214522721014
2.2  0.15349286015338628  0.0014264179210435634
2.3  0.15777773719297564  0.0014463885963588929
2.4  0.16187771272073623  0.0015114444583083724
2.5  0.16439363856493047  0.0014552754801934894
2.6  0.16560090746651895  0.0015105035008488397
2.7  0.16872935784615664  0.001550979738132549
2.8  0.17150058270234864  0.0015183481096143067
2.9  0.17428442004394187  0.0015445598659305803
3.0  0.17502664616537797  0.0015738152960451312
3.1  0.1789542233048901  0.0015913253893771481
3.2  0.18273613271358774  0.0016043837402574602
3.3  0.1820270345259202  0.0016243410957385033
3.4  0.1828455028759692  0.0016084518805971712
3.5  0.18185589179528766  0.001633058120184378
3.6  0.18567404198381982  0.0016677711100592466
3.7  0.18478210590890823  0.0017015656807527187
3.8  0.18817306399557965  0.0016974502501567632
3.9  0.18657596812612345  0.0017035393264825094
4.0  0.18716693525322645  0.001700646602782738
4.1  0.18984922261857318  0.0017515374400738138
4.2  0.1892803538041436  0.0017548149589338355
4.3  0.1897265990069353  0.001732789924128146
4.4  0.19306398412793657  0.0017883156548469752
4.5  0.19203901555824437  0.0017353983065500865
4.6  0.18993465899468498  0.0018137640269453477
4.7  0.19106416790829894  0.0017951905626428352
4.8  0.19157851246148144  0.0017613282364081664
4.9  0.19241923589360055  0.0017940996956918285
5.0  0.1927301454256753  0.0018186536972014528
