#mmax= 10
#m-states: all states (FBR)
#Nr. of sites: 20

0.0  1.0  0.0
0.1  1.0  3.3686062129808394e-19
0.2  1.0  8.935098609336485e-20
0.3  0.9998800611621118  3.4621505292066455e-5
0.4  0.9984404930791453  0.00012476397079523376
0.41  0.9981122510712778  0.00013718729770024175
0.42  0.9976725308357176  0.0001523035204626757
0.43  0.9968011661827189  0.00017853500281713326
0.44  0.9966761150366639  0.0001818700131116903
0.45  0.9956088066454191  0.00020891903603201243
0.46  0.9951549631731935  0.000219473077417541
0.47  0.9941375018731954  0.00024126739479094492
0.48  0.9929884411837977  0.000263711375063886
0.49  0.9915371331080681  0.000289397979524072
0.5  0.9904174303162419  0.00030803491005307695
0.51  0.9892131290582105  0.0003263176017898655
0.52  0.9866740258796936  0.0003620483376603754
0.53  0.9858359218577827  0.00037396826766739044
0.54  0.9839775901243658  0.00040663723990039393
0.55  0.9825162730557951  0.00042093473902106096
0.56  0.9799528231702823  0.00044281011703234554
0.57  0.97771682953142  0.00046765351608539133
0.58  0.9776502072406408  0.00046947745520908336
0.59  0.9750974490380369  0.000502952647090872
0.6  0.9735011938587236  0.000508416686410909
0.7  0.9590543005313231  0.0006274074337872985
0.8  0.9442631400108694  0.0007381422408037684
0.9  0.9354178204907824  0.0008171534519036543
1.0  0.9259417859078842  0.0008636398854853973
1.1  0.9149156967927075  0.0009252248987657696
1.2  0.9073092476874723  0.0009467965692701016
1.3  0.9013465493949948  0.0010015716143722733
1.4  0.8938844557177308  0.0010267156683453293
1.5  0.8871088556769735  0.0010640046659530522
1.6  0.8813143734422317  0.0010659522929775793
1.7  0.8759317732491539  0.0011059846618234278
1.8  0.8728912032070855  0.0011414020363212504
1.9  0.8669235494112802  0.0011665082990292125
2.0  0.8640223323779629  0.0011681421857015304
2.1  0.8595327479623142  0.0011956284913459683
2.2  0.8577068880725864  0.001223448476149243
2.3  0.8540395821097739  0.0012352731124026914
2.4  0.8505452090403941  0.0012855518427448399
2.5  0.8484079900369386  0.0012346673451009988
2.6  0.8473843514825337  0.0012799770294788908
2.7  0.8447374940263229  0.0013101707372756921
2.8  0.8423997771515526  0.001279056109177573
2.9  0.8400579343624617  0.001297519770472804
3.0  0.8394346527566164  0.0013211150965386962
3.1  0.8361441744379176  0.0013305774539628533
3.2  0.8329879250042408  0.0013364322827076045
3.3  0.8335788047033132  0.0013540163090161718
3.4  0.8328968259614706  0.0013396744660611423
3.5  0.8337214778645365  0.0013615156293988015
3.6  0.8305442734283479  0.0013851577448489463
3.7  0.8312853962956072  0.0014144867012475283
3.8  0.8284713162689153  0.0014062888430483732
3.9  0.829795521546008  0.001413589303892689
4.0  0.8293052845418016  0.001410355214825787
4.1  0.8270838300765673  0.001448668294458756
4.2  0.8275544661268108  0.0014522049564918316
4.3  0.8271852563014365  0.0014333382775064871
4.4  0.8244292220666591  0.00147433968413512
4.5  0.8252746693116239  0.0014321802635620746
4.6  0.8270131700498962  0.0015000067376465373
4.7  0.8260795786518071  0.001482970263587694
4.8  0.8256547983711088  0.0014542491098969252
4.9  0.8249609427464867  0.0014800621763391157
5.0  0.8247044943939819  0.0014998518778282699
