#mmax= 10
#m-states: all states (FBR)
#Nr. of sites: 20
 
0.0  1.1702979210302692e-22 
0.1  0.9586722278387959 
0.2  1.9735446341553726 
0.3  3.1246253115681353 
0.4  4.5698074561335735 
0.41  4.742467125605313 
0.42  4.922351309972076 
0.43  5.1104477078662445 
0.44  5.3069091446170535 
0.45  5.513428417449186 
0.46  5.729746635059494 
0.47  5.956646803078143 
0.48  6.193121138467195 
0.49  6.4381889899060525 
0.5  6.689148599736144 
0.51  6.942136660863901 
0.52  7.192662044739828 
0.53  7.435647216915714 
0.54  7.66766642807607 
0.55  7.88598297108846 
0.56  8.089285010900184 
0.57  8.278092800009635 
0.58  8.452809559947235 
0.59  8.615007153126307 
0.6  8.76606000000457 
0.7  9.883801897679701 
0.8  10.630698031077346 
0.9  11.192720198230232 
1.0  11.641325405274939 
1.1  12.012942104756979 
1.2  12.329065597682616 
1.3  12.60315634989698 
1.4  12.844355365622679 
1.5  13.059080068748852 
1.6  13.252072080169688 
1.7  13.426929301263234 
1.8  13.586387899528042 
1.9  13.73262401397719 
2.0  13.86745611553827 
2.1  13.992325557235592 
2.2  14.108414585502246 
2.3  14.216713880630685 
2.4  14.318050882685114 
2.5  14.413182961750534 
2.6  14.502692968012397 
2.7  14.58713423342805 
2.8  14.66698197666106 
2.9  14.742608670418974 
3.0  14.814403329522682 
3.1  14.88266855403209 
3.2  14.947682109841505 
3.3  15.009704754703215 
3.4  15.068958821108346 
3.5  15.125637411603863 
3.6  15.179921285267792 
3.7  15.231988498996849 
3.8  15.281976014891592 
3.9  15.330017176285372 
4.0  15.376241352525291 
4.1  15.420711153419964 
4.2  15.463670172848765 
4.3  15.50503172769166 
4.4  15.545009116013135 
4.5  15.583643069961623 
4.6  15.621010254234687 
4.7  15.65717546004832 
4.8  15.692197283771694 
4.9  15.726143707409914 
5.0  15.759065071816082 
