#mmax= 10
#m-states: all states (FBR)
#Nr. of sites: 20
 
0.0  -1.2241309826368084e-62 
0.1  -0.46923003198020186 
0.2  -0.9026237062948905 
0.3  -1.2575187797973388 
0.4  -1.4710162228371113 
0.41  -1.4807377756940538 
0.42  -1.487734901789815 
0.43  -1.4917378676866941 
0.44  -1.4926539477008338 
0.45  -1.4900604266914235 
0.46  -1.4839229471344568 
0.47  -1.4739692693478668 
0.48  -1.4602712572737166 
0.49  -1.442915295571832 
0.5  -1.42233538650644 
0.51  -1.399239608713687 
0.52  -1.374537988125243 
0.53  -1.349325738575279 
0.54  -1.324452711397228 
0.55  -1.300667196677194 
0.56  -1.2784447698565513 
0.57  -1.2578777079442158 
0.58  -1.2390642189022276 
0.59  -1.2218223700176694 
0.6  -1.2059911814326714 
0.7  -1.0947839044954526 
0.8  -1.0218348479894772 
0.9  -0.9656651706512654 
1.0  -0.9196136380580079 
1.1  -0.8805531701133994 
1.2  -0.8466063064089444 
1.3  -0.8166415936488485 
1.4  -0.7898602197560265 
1.5  -0.7657032857851624 
1.6  -0.7437348754338808 
1.7  -0.7236278470018661 
1.8  -0.7051271631411024 
1.9  -0.6880437820223353 
2.0  -0.6721640372472173 
2.1  -0.6573531295243997 
2.2  -0.6435029355236118 
2.3  -0.630509650369528 
2.4  -0.6182964066935113 
2.5  -0.6067739338211747 
2.6  -0.5958898003982355 
2.7  -0.5855790279498625 
2.8  -0.5757900229272667 
2.9  -0.5664947028006646 
3.0  -0.5576362619551665 
3.1  -0.5491895888009554 
3.2  -0.5411223214769755 
3.3  -0.5334067420334234 
3.4  -0.5260139809050512 
3.5  -0.5189230316779786 
3.6  -0.5121248932480562 
3.7  -0.5055843057126931 
3.8  -0.4992932220451337 
3.9  -0.49323687479508416 
4.0  -0.48739866956698 
4.1  -0.4817973439423571 
4.2  -0.4763262706063418 
4.3  -0.47109664944471363 
4.4  -0.4660132979473618 
4.5  -0.46109060863529155 
4.6  -0.4563212350326179 
4.7  -0.451700458287939 
4.8  -0.44722594670444976 
4.9  -0.44287447155207804 
5.0  -0.4386514159277352 
