#mmax= 10
#m-states: all states (FBR)
#Nr. of sites: 6
 
0.0  3.0000000000000027 0.08333333333333381 
0.1  2.7572697210033272 0.07012159150858133 
0.2  2.5335197798769973 0.05851142296607237 
0.3  2.330677522124434 0.04872675079075772 
0.4  2.1506711182454863 0.041157681177597105 
0.41  2.1339371009955093 0.04054078708581765 
0.42  2.1173495772008204 0.039948349852961806 
0.43  2.1010337695011416 0.039385447731067225 
0.44  2.084972700763216 0.038852375756394886 
0.45  2.069105248338393 0.03834516274904487 
0.46  2.053471263394677 0.037851878862630195 
0.47  2.0380913383643255 0.03741916551561253 
0.48  2.0229216442564755 0.03699853635277095 
0.49  2.0079869381900357 0.03658974793817282 
0.5  1.993283443773598 0.036197193968820485 
0.51  1.9788206526336576 0.03584304468103561 
0.52  1.9645959485314568 0.03553404167797536 
0.53  1.9506310963104223 0.03525521526327102 
0.54  1.9369088280994813 0.03502025823505028 
0.55  1.9233918670633559 0.03471561229492437 
0.56  1.9101454453273146 0.03451201907581658 
0.57  1.8971515888707626 0.034331937666904455 
0.58  1.8844004088163395 0.034175546722890915 
0.59  1.8719017310215043 0.03404009695878618 
0.6  1.8596481248789476 0.033925565284391945 
0.7  1.7502615966408863 0.03357529403448678 
0.8  1.6618891949812238 0.03379788117654958 
0.9  1.5891356597470916 0.03393866661646194 
1.0  1.527483965379123 0.03387755482018695 
1.1  1.473931196969537 0.03366452191946989 
1.2  1.426572460066286 0.03336002448688413 
1.3  1.3841128709278392 0.033005954505996304 
1.4  1.3456585839544182 0.03263172494354438 
1.5  1.3105607241514046 0.03225105164863007 
1.6  1.2783393875940248 0.031888341633861006 
1.7  1.2485518096636612 0.031508195826638885 
1.8  1.2209061393317302 0.03113968857631011 
1.9  1.1951711650158943 0.030793741747091596 
2.0  1.1710842915620574 0.03044798879390742 
2.1  1.1484946762818178 0.03012736252670456 
2.2  1.1272424839665733 0.029805003990543866 
2.3  1.1071915613368022 0.029492627961434925 
2.4  1.0882364318113786 0.02919266108475349 
2.5  1.0702711015395714 0.028899590713956647 
2.6  1.0532170610319365 0.028615763531155358 
2.7  1.0369948990494608 0.02834052552716726 
2.8  1.0215368062441172 0.02807344756506236 
2.9  1.0067824272542898 0.02781418718515516 
3.0  0.9926862171779964 0.02754868538252664 
3.1  0.9791827029138799 0.027313133263831113 
3.2  0.96625407548423 0.027080567798439148 
3.3  0.9538391019674595 0.026834263340452247 
3.4  0.9419108723802374 0.02660742269426164 
3.5  0.9304390459263089 0.026389259649522878 
3.6  0.9193868298421963 0.026174984453737005 
3.7  0.9087415468334064 0.025952428614118617 
3.8  0.8984848910917909 0.02575057219548227 
3.9  0.8885727797516492 0.02555310879407069 
4.0  0.8789985693265893 0.0253735344898407 
4.1  0.8697361995823311 0.025186491966536217 
4.2  0.8607757867886059 0.025015417251439076 
4.3  0.8520947208754924 0.024832558067277466 
4.4  0.8436817574139839 0.024656921252425024 
4.5  0.8355232486313872 0.024486012874178065 
4.6  0.8276057511392894 0.024317654803086786 
4.7  0.8199159334902509 0.024141211062962076 
4.8  0.8124516150256933 0.024005500654462608 
4.9  0.8051904533640332 0.023848533989525134 
5.0  0.7981274615275468 0.02369434859906605 
