#mmax= 10
#m-states: all states (FBR)
#Nr. of sites: 6
 
0.0  2.999999999999999 0.0833333333333327 
0.1  3.5810660891189947 0.11619954865230042 
0.2  4.39518405290662 0.164102065847208 
0.3  5.5882572548235165 0.23317614788665963 
0.4  7.364387670962637 0.32411632311890104 
0.41  7.581173759245514 0.3340130931586144 
0.42  7.80553094417561 0.3439888056332385 
0.43  8.03737530934666 0.35400731571604516 
0.44  8.276476586985368 0.3640361220930518 
0.45  8.522604265359224 0.3740525141654195 
0.46  8.776084812722722 0.3840471911879717 
0.47  9.03602781179853 0.3939706539185477 
0.48  9.302176152853553 0.4037980812378674 
0.49  9.574103006828768 0.41350057911376803 
0.5  9.852026221925101 0.4230826932046946 
0.51  10.134750252743146 0.4324924924996232 
0.52  10.4216041639537 0.44170488608432934 
0.53  10.712820532725479 0.4507280791899393 
0.54  11.005963137722908 0.45948501987283596 
0.55  11.301708496676198 0.46800579163515155 
0.56  11.59973486092939 0.47628692020958485 
0.57  11.897790041260848 0.48427146244425445 
0.58  12.19658537851424 0.49199285668277126 
0.59  12.493985079028405 0.49940520350391804 
0.6  12.790264826094765 0.5065314837848723 
0.7  15.540339128713098 0.561955201760072 
0.8  17.693149416213465 0.5941549395540362 
0.9  19.271815469755733 0.6125824031402198 
1.0  20.4448368032622 0.6237010039491968 
1.1  21.353606586104004 0.6309235864926488 
1.2  22.086480345944857 0.6359405988816296 
1.3  22.69877951910777 0.6396368110519821 
1.4  23.22380027706307 0.6424849515135895 
1.5  23.682507596006047 0.6447549191313382 
1.6  24.08911717334548 0.6466127068456908 
1.7  24.454384291261984 0.648168970097948 
1.8  24.785387616061996 0.6494942105729955 
1.9  25.087212734028963 0.6506363919539799 
2.0  25.364867288731773 0.6516349662175263 
2.1  25.62122995144516 0.6525148774236158 
2.2  25.8591278721883 0.6532968094662823 
2.3  26.080774974919837 0.6539967117431933 
2.4  26.288013157318723 0.6546271147246583 
2.5  26.482491622044204 0.6551982620655792 
2.6  26.665355131853758 0.6557177701547976 
2.7  26.837817337774872 0.6561926344210224 
2.8  27.00088086263969 0.6566285132015015 
2.9  27.155361878673954 0.6570299548823714 
3.0  27.301818705878997 0.657400289312529 
3.1  27.441459394908197 0.657744710801053 
3.2  27.5740973617135 0.6580636959051642 
3.3  27.70083739022179 0.6583614116516602 
3.4  27.822029188220373 0.6586398026985525 
3.5  27.93792418198804 0.6589002336620076 
3.6  28.0491843075275 0.6591451679780065 
3.7  28.155717868801435 0.6593748315231185 
3.8  28.257852761698118 0.6595906860028256 
3.9  28.35623931467902 0.6597948065900179 
4.0  28.450894866504022 0.6599876242955458 
4.1  28.54213210768938 0.6601701917057086 
4.2  28.63005898419754 0.6603431222861408 
4.3  28.714918029797843 0.6605071985342506 
4.4  28.796896000251955 0.6606631629790243 
4.5  28.87614562483849 0.6608115702408817 
4.6  28.9527975288718 0.6609529032919381 
4.7  29.027023219118153 0.6610877087119214 
4.8  29.098909396092058 0.6612164188575833 
4.9  29.168608923797237 0.6613394083941866 
5.0  29.236226558261734 0.6614570717543304 
