#mmax= 10
#m-states: all states (FBR)
#Nr. of sites: 6
 
0.0  0.0 
0.1  0.025637037634498018 
0.2  0.05523574717904538 
0.3  0.09341266130548757 
0.4  0.14559397636419427 
0.41  0.15176829180340465 
0.42  0.15812859574383337 
0.43  0.16467596577672974 
0.44  0.17140748167754136 
0.45  0.17831078899125313 
0.46  0.1853999535900485 
0.47  0.1926549181095919 
0.48  0.20006524903849673 
0.49  0.2076237822088635 
0.5  0.21533837637843992 
0.51  0.22317745195685873 
0.52  0.2311243602942453 
0.53  0.2391902340776868 
0.54  0.247309269131249 
0.55  0.2554995591493997 
0.56  0.26375475714867164 
0.57  0.272017748794449 
0.58  0.28030666810096455 
0.59  0.2885669300923429 
0.6  0.29680542392626724 
0.7  0.3740144044685164 
0.8  0.4358208769002042 
0.9  0.4821687656771723 
1.0  0.5172345941683993 
1.1  0.544761573699341 
1.2  0.5671700106514539 
1.3  0.5860164524767754 
1.4  0.6022545113176512 
1.5  0.6164929942824575 
1.6  0.6291508805986826 
1.7  0.6405428674205768 
1.8  0.6508826466180316 
1.9  0.6603246765210316 
2.0  0.6690167847200444 
2.1  0.6770482976254806 
2.2  0.6845060414217425 
2.3  0.6914563603279439 
2.4  0.6979571897915247 
2.5  0.7040587279587298 
2.6  0.7097967972093562 
2.7  0.7152088615558624 
2.8  0.7203261303007973 
2.9  0.7251737423436231 
3.0  0.729769810454753 
3.1  0.7341511163608835 
3.2  0.7383124231582006 
3.3  0.7422885154970597 
3.4  0.7460898259269713 
3.5  0.7497243466057619 
3.6  0.7532128903813726 
3.7  0.7565531930120425 
3.8  0.7597552152317267 
3.9  0.7628389741905148 
4.0  0.7658052326578937 
4.1  0.7686640984906565 
4.2  0.7714185895461796 
4.3  0.774076656368071 
4.4  0.7766441558727455 
4.5  0.7791258162473315 
4.6  0.7815256554186882 
4.7  0.7838495222394045 
4.8  0.7860994138103361 
4.9  0.7882807153584603 
5.0  0.7903965886478757 
