#mmax= 10
#m-states: all states (FBR)
#Nr. of sites: 6
 
0.0 2.652567308019727e-28
0.1 -0.03130277507951007
0.2 -0.12587265559702324
0.3 -0.28588913800797294
0.4 -0.5154992257311433
0.41 -0.5425074909260919
0.42 -0.570276884984
0.43 -0.5988132165391278
0.44 -0.6281223394212981
0.45 -0.658209423324652
0.46 -0.6890795417973581
0.47 -0.7207367145478856
0.48 -0.7531847930437919
0.49 -0.7864267820295886
0.5 -0.8204643847685805
0.51 -0.8552989235941082
0.52 -0.8909302631360897
0.53 -0.9273574296526176
0.54 -0.964578129705606
0.55 -1.0025890770688626
0.56 -1.0413852939247694
0.57 -1.0809609029408356
0.58 -1.1213086735740028
0.59 -1.1624201143967048
0.6 -1.2042856869938388
0.7 -1.6615940698734164
0.8 -2.1783178133920376
0.9 -2.7393452291515104
1.0 -3.3332902520554484
1.1 -3.9525715908143155
1.2 -4.592176040222569
1.3 -5.248662395756341
1.4 -5.919551807752995
1.5 -6.602980104572765
1.6 -7.2974929306049745
1.7 -8.001922436224987
1.8 -8.715308072031064
1.9 -9.436845763542706
2.0 -10.165852045799994
2.1 -10.901738245613785
2.2 -11.643992814491241
2.3 -12.392166565638448
2.4 -13.145862366910592
2.5 -13.904726957950984
2.6 -14.668443828031457
2.7 -15.436728223905291
2.8 -16.209322629635977
2.9 -16.985993214612648
3.0 -17.766526733226158
3.1 -18.55072841471521
3.2 -19.33841896127018
3.3 -20.129433876786052
3.4 -20.923621107482475
3.5 -21.720839782756713
3.6 -22.52095922270763
3.7 -23.323858061911224
3.8 -24.1294233551221
3.9 -24.937549475482115
4.0 -25.748137540625834
4.1 -26.56109487528395
4.2 -27.376334626117348
4.3 -28.1937754004351
4.4 -29.01333958874288
4.5 -29.834954708675284
4.6 -30.658552961814863
4.7 -31.48406899662966
4.8 -32.31144159580538
4.9 -33.14061284661207
5.0 -33.97152751685758
