#mmax= 10
#m-states: all states (FBR)
#Nr. of sites: 6
 
0.0  -0.0 
0.1  0.006345511766007031 
0.2  0.02667698806117476 
0.3  0.0659358502847157 
0.4  0.1351013165806307 
0.41  0.14425094303464894 
0.42  0.1538704131692761 
0.43  0.16396573728348976 
0.44  0.1745379791854879 
0.45  0.18558865818876663 
0.46  0.197137278707452 
0.47  0.20915523481593185 
0.48  0.22163463734022215 
0.49  0.23455737237735008 
0.5  0.24793384917904024 
0.51  0.26170694361487273 
0.52  0.27584011345706 
0.53  0.2903333582385426 
0.54  0.30505877542427706 
0.55  0.3200341850475865 
0.56  0.33522566091361133 
0.57  0.3504999687219497 
0.58  0.3658709443337087 
0.59  0.38120525636296543 
0.6  0.3964902144636818 
0.7  0.5334666551446109 
0.8  0.6217810482103395 
0.9  0.6668866200625282 
1.0  0.6876886263536013 
1.1  0.6970475129057239 
1.2  0.7012621250103137 
1.3  0.7031756880675715 
1.4  0.704034960866353 
1.5  0.7044008446235621 
1.6  0.7045331198872034 
1.7  0.7045548616474464 
1.8  0.704524526505345 
1.9  0.7044712169507272 
2.0  0.7044093269408842 
2.1  0.7043456737792988 
2.2  0.7042838564379512 
2.3  0.7042251386169641 
2.4  0.7041700992361288 
2.5  0.7041188627824333 
2.6  0.7040712912818861 
2.7  0.7040270869577878 
2.8  0.703985951255095 
2.9  0.7039476281852863 
3.0  0.7039120537590631 
3.1  0.7038784213669477 
3.2  0.7038469670214905 
3.3  0.7038175615756936 
3.4  0.7037897736919294 
3.5  0.7037635453216798 
3.6  0.7037386294338455 
3.7  0.7037152370601503 
3.8  0.7036929829875314 
3.9  0.7036717868327897 
4.0  0.7036515394251633 
4.1  0.7036322848222023 
4.2  0.7036138713985771 
4.3  0.7035963569710676 
4.4  0.703579589949473 
4.5  0.7035635161686912 
4.6  0.7035480940387177 
4.7  0.7035333714737456 
4.8  0.7035190182724412 
4.9  0.703505336476372 
5.0  0.7034921701357721 
