#mmax= 10
#m-states: all states (FBR)
#Nr. of sites: 6
 
0.0  0.0 
0.1  0.022975181005892575 
0.2  0.07697055584412203 
0.3  0.1585074746910446 
0.4  0.27096647976095056 
0.41  0.2839544783610934 
0.42  0.29723911922524127 
0.43  0.31079439548942445 
0.44  0.32459303671239725 
0.45  0.338606872987188 
0.46  0.35283354438792675 
0.47  0.3672086327645134 
0.48  0.3817005811021701 
0.49  0.39626781436764164 
0.5  0.41089869945166735 
0.51  0.42551704637680454 
0.52  0.4400699721103707 
0.53  0.4545483909697745 
0.54  0.46882123377033535 
0.55  0.48290815771615486 
0.56  0.4967754136532476 
0.57  0.5103110628496751 
0.58  0.5235379335448109 
0.59  0.5363567534388598 
0.6  0.5487760558000704 
0.7  0.6459851683468386 
0.8  0.696798012785569 
0.9  0.718920165493547 
1.0  0.727642384885801 
1.1  0.7307721816720996 
1.2  0.731654320226529 
1.3  0.7316625739932037 
1.4  0.7313512225913109 
1.5  0.7309439775092548 
1.6  0.7305308913555913 
1.7  0.730144573692942 
1.8  0.7297934183652522 
1.9  0.7294787947732339 
2.0  0.729197323464316 
2.1  0.7289447182200913 
2.2  0.7287177817641368 
2.3  0.7285124191792912 
2.4  0.7283255984647117 
2.5  0.7281552648231611 
2.6  0.7279991838778803 
2.7  0.7278554390987348 
2.8  0.7277224926613732 
2.9  0.7275991496599546 
3.0  0.7274849022056392 
3.1  0.7273772537510401 
3.2  0.7272765029437431 
3.3  0.7271825414245506 
3.4  0.7270938459919114 
3.5  0.7270101932777283 
3.6  0.7269307885022652 
3.7  0.7268561895883092 
3.8  0.7267851728528587 
3.9  0.7267176605301761 
4.0  0.726653206815992 
4.1  0.7265918742032569 
4.2  0.7265332760202721 
4.3  0.7264775176244741 
4.4  0.7264241566978286 
4.5  0.7263730080937805 
4.6  0.7263239402153935 
4.7  0.7262770815317018 
4.8  0.7262314652975721 
4.9  0.7261879542670341 
5.0  0.7261460859813236 
