0.0  -0.0  0.0
0.1  0.006147707743000354  0.0002483079975954688
0.2  0.025739621699574403  0.0005105267304608672
0.3  0.06544926124021755  0.0008221338130370991
0.4  0.13704228690881837  0.0012167971769895232
0.41  0.14432894494783702  0.001249732690389577
0.42  0.15567104164655376  0.0012997868102648613
0.43  0.16473628289816936  0.001346176555255809
0.44  0.17035352775149068  0.0013723371057438093
0.45  0.1836815047006206  0.0014302088632628734
0.46  0.19848160039282836  0.0015002798124182624
0.47  0.20796862889894516  0.0015311400114162836
0.48  0.22399609352864144  0.001595544165731527
0.49  0.23258452288203943  0.0016287549412287673
0.5  0.24901281350429338  0.0017009516989539089
0.51  0.26061235689311063  0.0017461361461304935
0.52  0.2747007518640249  0.0017919511147749046
0.53  0.28951862665777534  0.0018416482289751492
0.54  0.30478215082919136  0.0019014344256555735
0.55  0.31991289049575816  0.0019569944446308726
0.56  0.3359940498691674  0.002012586557522936
0.57  0.34992628943479875  0.0020666053829734624
0.58  0.36880782511622956  0.0021355852071800073
0.59  0.379919536218176  0.00217377839398312
0.6  0.3990444246689173  0.002244453889385209
0.7  0.5303920345039401  0.0026803785613724943
0.8  0.6215145797264026  0.002972052187503047
0.9  0.663286617232716  0.0031254946979503975
1.0  0.6824935817913731  0.0031701853486603244
1.1  0.6915832554255977  0.003202046155655261
1.2  0.7035572546810743  0.0032320823968679654
1.3  0.7042197684557127  0.0032386569696007048
1.4  0.7047585594242073  0.003241051040397015
1.5  0.7058082131000992  0.003241250177317574
1.6  0.7042621565907532  0.003237800206142042
1.7  0.7120691133526142  0.00325911160421331
1.8  0.7078654844101215  0.003244364235840202
1.9  0.7064493400320704  0.003243617095730757
2.0  0.7038029720055533  0.003232349062405432
2.1  0.7048513163021181  0.0032341452128334556
2.2  0.706336298593772  0.003237269211402044
2.3  0.700978585871994  0.0032197774584999585
2.4  0.7059705514124184  0.003233830707679891
2.5  0.7032169111548978  0.003231107981032862
2.6  0.7076900484191782  0.003239672163488121
2.7  0.7000155607381714  0.0032214809950835803
2.8  0.6962055754569563  0.0032057027285078824
2.9  0.7050170485628231  0.0032361229691257884
3.0  0.7064030150117184  0.0032431478732846382
3.1  0.7099519679975262  0.0032500547422493475
3.2  0.7059103961725308  0.003233749921427597
3.3  0.7041733516289506  0.003229930960200104
3.4  0.7026503315753372  0.003225655983365346
3.5  0.698447760009398  0.0032125061953647903
3.6  0.7035603694723475  0.0032279244156534115
3.7  0.7071074834973382  0.0032398278833186966
3.8  0.7054013520423527  0.003229857894797498
3.9  0.6978594563151966  0.0032128940738623195
4.0  0.7025436551018641  0.0032250789844137998
4.1  0.7062915437986632  0.003232355358060321
4.2  0.7009935591177131  0.0032198757503845562
4.3  0.69612609221411  0.0032067503318819806
4.4  0.7046644516548447  0.0032352227653829756
4.5  0.7024461166200072  0.003226722393945119
4.6  0.7056192161947575  0.003235776077004211
4.7  0.7025551480259131  0.003223285683006692
4.8  0.7095151088140045  0.00324840706275243
4.9  0.7056278186763126  0.0032298986145614583
5.0  0.7057097230053896  0.0032354488324701646
0.0  -0.0  0.0
0.1  0.006722558757831736  0.0002597163887968021
0.2  0.026658167633254185  0.0005197086291318755
0.3  0.06483859056338963  0.000819064438142108
0.4  0.13699721897684292  0.0012193020433649733
0.41  0.14406370660223447  0.0012500810369164717
0.42  0.1557880751669768  0.0013019479327715145
0.43  0.163212279436498  0.0013383263215660263
0.44  0.17576317713893083  0.001391634146676199
0.45  0.18408665167122984  0.0014260449256415155
0.46  0.1991398001035044  0.001494780315030252
0.47  0.20984418682130487  0.0015361458313003294
0.48  0.22138325324500105  0.0015837607194112502
0.49  0.23558428138762497  0.001640042813046065
0.5  0.24824161561835137  0.001690669601465415
0.51  0.26022659990176616  0.001738515726256262
0.52  0.277169369006811  0.0018007025088033774
0.53  0.2902316237795753  0.001849683242899476
0.54  0.30751627392038416  0.0019190541219386288
0.55  0.32084658961460544  0.001962346040860856
0.56  0.33591447961437415  0.0020169272570557243
0.57  0.3530454437609643  0.0020781201577792442
0.58  0.36499064931497377  0.002119991706344995
0.59  0.38433876429354946  0.0021824067699230706
0.6  0.39788958087925325  0.0022349208002876903
0.7  0.5384419504705635  0.002700901068223926
0.8  0.6295380776899203  0.0030006735144033673
0.9  0.6665368824905888  0.003124438335967887
1.0  0.6884357490522027  0.003188273714507183
1.1  0.7004508580401739  0.003222418002022563
1.2  0.7032987049733394  0.0032321053285559744
1.3  0.704525098541285  0.0032365909596395884
1.4  0.7054360988888994  0.0032378425432151056
1.5  0.7047250491696944  0.003237320181777619
1.6  0.7074168994387618  0.0032423140553323603
1.7  0.7065426328141952  0.003239753210130519
1.8  0.7023108953409962  0.0032310926731238493
1.9  0.70217041655308  0.003226509295747631
2.0  0.7042931609127858  0.0032336912989261893
2.1  0.7020186176953744  0.003231118155665832
2.2  0.7079497466952336  0.0032396654899475895
2.3  0.7077369229229115  0.0032418625315838163
2.4  0.7061921464111861  0.0032394815406109156
2.5  0.7024928064573489  0.0032336172905020836
2.6  0.7046584059535103  0.0032290899610227393
2.7  0.706163372105319  0.0032352509833023305
2.8  0.7004544855122554  0.003222330790415007
2.9  0.7069605030405378  0.0032432201328597057
3.0  0.7029979648437858  0.003225570487258714
3.1  0.7041918349998555  0.0032301314261261936
3.2  0.7051349554301869  0.0032316055344663985
3.3  0.7029921227741824  0.0032260806247775744
3.4  0.7020974887353745  0.0032243703069117415
3.5  0.7047609210529046  0.0032340768211996163
3.6  0.7010910904217388  0.003220436576009053
3.7  0.6990869231839569  0.0032146106682976387
3.8  0.6991128980520688  0.0032131288445442665
3.9  0.7106565225310961  0.0032462672713254852
4.0  0.7013862796430934  0.0032260232461575737
4.1  0.7025154024116896  0.0032226121441386135
4.2  0.7054453917575066  0.003233365059719339
4.3  0.7074974464032511  0.0032403760312018715
4.4  0.7018673714096763  0.0032196675736761654
4.5  0.7032344640982735  0.0032247310017104705
4.6  0.7004071810370395  0.003218576362573717
4.7  0.7044218784065889  0.0032281775515685318
4.8  0.7013817002290388  0.0032211901379018077
4.9  0.7063101476220306  0.0032375120704579846
5.0  0.700301818169275  0.0032155546501267764
