#mmax= 10
#m-states: all states (FBR)
#Nr. of sites: 6

0.0  0.0 0.0 0.0 NaN NaN 0.0 
0.1  -0.00058 0.0007681162255969863 0.05900025360253603 -0.18821812922142067 66.45026714152507 0.0 
0.2  -0.0002 0.0014794666228796385 0.21888214882148824 -0.025279473694804433 16.958026990830543 0.0 
0.3  0.00238 0.0022277327002874115 0.4962792983929841 -0.011737143770743919 7.328801910946687 0.0 
0.4  -0.00484 0.002975475471003381 0.8853454278542789 -0.018180294795173798 3.482173010683921 0.0 
0.41  -0.0025 0.003025959197393553 0.9156429064290634 -0.0002884537949377992 3.3426255184793403 0.0 
0.42  -0.00256 0.0031229524479761007 0.975283199231992 -0.0018583823872499034 3.132084797399835 0.0 
0.43  -0.00388 0.003208481322919614 1.0294352399523996 -0.012118634332688092 2.8802473744778823 0.0 
0.44  0.00212 0.0032377862635756057 1.0483259888598881 0.006160856020783231 2.7513691141586225 0.0 
0.45  -0.00052 0.0033380396524138557 1.1142508721087216 -0.0011068062361262853 2.5353592065830703 0.0 
0.46  -0.00146 0.0034134579535936875 1.1651695200952006 0.009718845375605785 2.318278185248621 0.0 
0.47  0.00096 0.0034903456288920866 1.2182512609126095 0.016667542247362017 2.1747684221026704 0.0 
0.48  0.0035 0.0035627523674884175 1.2693204432044325 0.005840524185175242 2.09608025719764 0.0 
0.49  -0.0005 0.00362917748385114 1.3170929209292093 0.019672469726585824 1.9894864509825325 0.0 
0.5  0.00108 0.0036821900984657496 1.3558523921239205 0.011811328608775623 1.829111168871373 0.0 
0.51  -0.0046 0.00378089028554301 1.4295131351313506 -0.010738090573763775 1.7870609785046252 0.0 
0.52  -0.00258 0.003846619476997173 1.4796481400814006 -0.007371602088055705 1.730888328591024 0.0 
0.53  0.00218 0.003914857051931445 1.5326105737057363 -0.005240638860464867 1.5407289561926607 0.0 
0.54  0.00366 0.0039943492076001475 1.5954825592255923 -0.001666419487669447 1.5051499804167836 0.0 
0.55  -0.00242 0.004031141765931754 1.6250103937039382 0.001253929491517712 1.3978269344589789 0.0 
0.56  -0.00158 0.004112389105306249 1.6911744153441528 -0.00512168738498046 1.277819883440154 0.0 
0.57  -0.00104 0.004168664409811566 1.737776296162961 -0.0013349971048947757 1.2098518098106794 0.0 
0.58  -0.0007 0.004211386049476417 1.7735772457724583 -0.001437600596016935 1.201891350785285 0.0 
0.59  -0.00122 0.00428958845598167 1.8400569121691213 -0.005603202269397455 1.076411150961441 0.0 
0.6  0.0031 0.004354640459203869 1.8962893528935287 -0.007519485531546362 1.0263327997379923 0.0 
0.7  -0.00346 0.004929231507774065 2.429732325723258 -0.013724663656055082 0.609894857726581 0.0 
0.8  0.0134 0.005358963667064356 2.871849158491585 0.0034664885561641393 0.38383514670979535 0.0 
0.9  -0.0006 0.005703711223687367 3.2532321723217237 0.0018160104335428566 0.2525500419774489 0.0 
1.0  -0.00194 0.005963280805997628 3.5560717971179723 0.011306088808873245 0.19423411748949304 0.0 
1.1  0.00428 0.006151113328329417 3.7836195177951804 -0.004731402559089574 0.1439971116331189 0.0 
1.2  -0.00222 0.006420900481679338 4.122796299562996 -0.002195947039584617 0.12199172605013331 0.0 
1.3  0.00168 0.006597242379363527 4.352360701207013 0.007205404881681163 0.0795818442745806 0.0 
1.4  0.00944 0.006738572767851474 4.540836294762947 -0.014150020651071807 0.13229862263385472 0.0 
1.5  0.0087 0.006907743500536387 4.771692026920269 0.012205380812305464 0.07249801336987804 0.0 
1.6  -0.00288 0.007061360753010487 4.986281568415683 -0.007899894188909419 0.08515387175598033 0.0 
1.7  -0.00412 0.007179383378219672 5.154354569145691 -0.009951643450354998 0.0866673228695638 0.0 
1.8  -0.00444 0.0073397235356255615 5.387154157941579 0.0011705706324910959 0.03757141078088466 0.0 
1.9  0.01394 0.007412732711359727 5.494860625006253 -0.016679287849366117 0.07996135342719501 0.0 
2.0  0.00666 0.007571190769839096 5.732292967329673 0.006921339817433624 0.0866955361797741 0.0 
2.1  0.00298 0.007660032503650333 5.867609795697958 0.001639632010559641 0.05815417900042563 0.0 
2.2  -0.00598 0.007747815349014641 6.002864268242686 0.005630594488200109 0.056463781493341525 0.0 
2.3  -0.0036 0.00786061627945818 6.178928829288297 0.008813835953850884 0.07436339258645308 0.0 
2.4  0.00062 0.007968552637355878 6.349783113431132 -0.004663027789792001 0.043540649475472204 0.0 
2.5  0.00248 0.00805916794699552 6.495018799787998 0.013426205606524381 0.038128744900764566 0.0 
2.6  -0.01132 0.008145881298534942 6.635538212982133 0.012079044191001807 0.04200699783590345 0.0 
2.7  -0.00776 0.008226352445205925 6.767287455274551 -0.004320492202338595 0.05789514338185864 0.0 
2.8  -0.00286 0.00832577992683652 6.931861139011391 -0.0009186298303879833 0.05235605019363421 0.0 
2.9  -0.01402 0.008434971599445895 7.114874588345884 -0.005549061361986609 0.065885246394628 0.0 
3.0  -0.00078 0.00847440334602506 7.181551207112072 -0.006896047414158713 0.030094070707424425 0.0 
3.1  -0.00656 0.008593876204081726 7.385470821108213 -0.009634735529407306 0.05359542983483534 0.0 
3.2  -0.00988 0.008653032567009444 7.4874972605726065 -0.00234244210103191 0.041907483438065274 0.0 
3.3  0.00472 0.008717415738013847 7.599333714937149 0.001882428709835489 0.03376431537304203 0.0 
3.4  0.0024 0.008808082550883717 7.758231822318222 0.013052865151591118 0.05767557066678686 0.0 
3.5  -0.0128 0.00887436471774129 7.8754349143491424 -0.002902366586264307 0.07443370136678595 0.0 
3.6  -0.00166 0.008925669113276113 7.96675691196912 0.016027352425538228 0.03109132190157471 0.0 
3.7  0.00598 0.00903960505445871 8.171445954059543 -0.009690523875411057 0.05824788079920751 0.0 
3.8  -0.01654 0.009071939554740917 8.230008728487284 0.007561809411098519 0.05333804393152741 0.0 
3.9  0.00082 0.009154650804498964 8.380763135231355 0.004884413759521681 0.03146742775077671 0.0 
4.0  0.00586 0.00921885602865479 8.498730647706477 0.007547483599894731 0.07261734861114144 0.0 
4.1  -0.00276 0.009274048948751513 8.600798390383904 0.005430455341046712 0.04524343222393146 0.0 
4.2  0.01356 0.009317200725877576 8.681022936629365 -0.0005388813155122432 0.05536848365180358 0.0 
4.3  -0.00032 0.0094027274281897 8.84112830888309 0.0029583022541750264 0.047669711662596814 0.0 
4.4  0.00552 0.009478681013196799 8.98453937499375 -0.005506957292330048 0.012225815631161208 0.0 
4.5  -0.0169 0.009499518214544518 9.024084630846307 -0.0007731526309570213 0.044692916601520416 0.0 
4.6  -0.00166 0.00953018786219909 9.082448068880689 0.0013747951951816467 0.046976085830400915 0.0 
4.7  0.0124 0.009634240529792988 9.281859058590586 0.002206548708907199 0.027413070870092593 0.0 
4.8  0.0056 0.009685815636808575 9.38150245502455 0.0014753105816971734 0.07483443959321034 0.0 
4.9  0.00784 0.00972425477634711 9.456113095530958 -0.007494568798936303 0.024928873201721213 0.0 
5.0  0.01508 0.009801810378234568 9.60754866908669 -0.002657045967408629 0.03051497260305025 0.0 
