#mmax= 10
#m-states: all states (FBR)
#Nr. of sites: 6
 
0.0  0.0 
0.1  0.002480776801986844 
0.2  0.009688669771064454 
0.3  0.02089662605006864 
0.4  0.03475584429070537 
0.41  0.036212134547802345 
0.42  0.037673120097466026 
0.43  0.03913317584416286 
0.44  0.040588803285407815 
0.45  0.04204148152154641 
0.46  0.04348533087718278 
0.47  0.04491736549819755 
0.48  0.046336935219489894 
0.49  0.047739704018416845 
0.5  0.049122933833715764 
0.51  0.05048493810382865 
0.52  0.05182395694240235 
0.53  0.053134999482307044 
0.54  0.054419333589774556 
0.55  0.055674050393267116 
0.56  0.05689762477551508 
0.57  0.058089104350613416 
0.58  0.0592471315967709 
0.59  0.06037173546542072 
0.6  0.061462194133628634 
0.7  0.07058983867144866 
0.8  0.07730645293906344 
0.9  0.08281812242843593 
1.0  0.08779913200907616 
1.1  0.09250468385860107 
1.2  0.09702733566132009 
1.3  0.1013893928071438 
1.4  0.1056031029860782 
1.5  0.10968039337968775 
1.6  0.11362813554543272 
1.7  0.11745718333959712 
1.8  0.12117408401994183 
1.9  0.12478714346970184 
2.0  0.12830318684965442 
2.1  0.1317312777661743 
2.2  0.1350740947989339 
2.3  0.13834176478951793 
2.4  0.14153616886066703 
2.5  0.1446616309527047 
2.6  0.14772437787923987 
2.7  0.15072731367377287 
2.8  0.15367315887489302 
2.9  0.1565665048567802 
3.0  0.1594112654521646 
3.1  0.16220290506912616 
3.2  0.16495799157733104 
3.3  0.167663167838829 
3.4  0.1703261341613013 
3.5  0.17295287398972842 
3.6  0.1755360518093812 
3.7  0.17808631345194498 
3.8  0.1806067371295419 
3.9  0.1830900350070545 
4.0  0.18554344971201212 
4.1  0.18796319760543528 
4.2  0.19035630269474296 
4.3  0.19272002983242276 
4.4  0.19505548999079353 
4.5  0.19736396145124183 
4.6  0.19964789398276434 
4.7  0.20190414318614353 
4.8  0.20414077536984462 
4.9  0.20635180704670306 
5.0  0.20853984320214472 
