#mmax= 10
#m-states: all states (FBR)
#Nr. of sites: 6
 
0.0  -3.203972736094856e-14 
0.1  -2.242875474524264e-10 
0.2  2.3138570586226905e-8 
0.3  9.72286169973781e-8 
0.4  -4.5194387433223235e-7 
0.41  2.0138581182073132e-6 
0.42  5.009087828165535e-7 
0.43  1.5644903042724247e-7 
0.44  -2.2478450215600209e-7 
0.45  1.76094007291921e-8 
0.46  -1.541861172066942e-7 
0.47  -3.0291596464411206e-8 
0.48  -4.621974062995633e-8 
0.49  -6.794864448530388e-8 
0.5  -2.5356665599849002e-8 
0.51  -2.5992318167858025e-9 
0.52  -1.9757167710173532e-8 
0.53  -6.96047474322484e-9 
0.54  -7.69522823278011e-9 
0.55  -5.5968272392891815e-9 
0.56  -2.4761557509804204e-8 
0.57  -1.1732648889310227e-7 
0.58  -2.1893042572393918e-7 
0.59  -1.2139413072554026e-7 
0.6  -1.3715322021813318e-7 
0.7  -8.784254709291227e-8 
0.8  -9.52554636349086e-8 
0.9  -9.263847852495992e-8 
1.0  -9.183507256445047e-8 
1.1  -3.009658147827179e-7 
1.2  -4.646756259047811e-6 
1.3  -1.0285392790836653e-5 
1.4  -1.198988861113794e-5 
1.5  -1.3972889515555673e-5 
1.6  -1.807322364370058e-5 
1.7  -1.9384331156937436e-5 
1.8  -1.9446766608892536e-5 
1.9  -2.272309490985211e-5 
2.0  -2.017166055349873e-5 
2.1  -2.3307251131648804e-5 
2.2  -2.6158174835409485e-5 
2.3  -1.934866464945852e-5 
2.4  -3.224559789975763e-5 
2.5  -3.3796927501554705e-5 
2.6  -3.4283734597746595e-5 
2.7  -2.6570196435716165e-5 
2.8  -2.3195470557962652e-5 
2.9  -2.0926274346858103e-5 
3.0  -1.5419004188626973e-5 
3.1  -1.2564590893183935e-5 
3.2  -1.0526145935509991e-5 
3.3  1.4034551263822406e-8 
3.4  -2.673371251055288e-6 
3.5  -8.133857169721482e-6 
3.6  -7.532786326835273e-6 
3.7  -7.170978825119323e-6 
3.8  -6.829372328808762e-6 
3.9  -6.427075651227207e-6 
4.0  -6.92098203578332e-6 
4.1  2.870384485711269e-7 
4.2  -5.86548247993565e-6 
4.3  -6.173921928134789e-7 
4.4  1.606546363842228e-6 
4.5  -4.911758173870838e-7 
4.6  -1.1013896218591405e-6 
4.7  1.916986181038935e-6 
4.8  9.527963984984738e-7 
4.9  -9.104397572073894e-7 
5.0  -1.975483160111428e-6 
