#mmax= 10
#m-states: all states (FBR)
#Nr. of sites: 6

0.0  -0.0  0.0
0.1  0.00017997300643746064  4.2420261436263335e-5
0.2  0.002187611561704098  0.00014782602104100264
0.3  0.011553997543054058  0.0003397101778633354
0.4  0.03108840140830892  0.0005635682590360995
0.41  0.03336353013838836  0.0005843874742213406
0.42  0.037346557583772345  0.0006146946730384192
0.43  0.038692631604255456  0.0006375627467571565
0.44  0.04139615492750997  0.0006676873205283555
0.45  0.047125344649924246  0.0006967693870264493
0.46  0.048155203052338225  0.000709515793815099
0.47  0.05152030160097895  0.0007368494087765627
0.48  0.05713809265823823  0.0007733782649162751
0.49  0.05914930305169372  0.0007903827792787768
0.5  0.06331357216791936  0.0008191643382400389
0.51  0.06665934778537308  0.000847959003225901
0.52  0.07204151784256095  0.0008664427504494665
0.53  0.0733172583105797  0.0009039163301325428
0.54  0.08097183518947806  0.0009316371393484963
0.55  0.08143858291404425  0.0009497970859883733
0.56  0.08651643208662456  0.0009798182581010565
0.57  0.09141809711148761  0.001023689918755911
0.58  0.0948164797812621  0.0010221091986116287
0.59  0.09620858424606957  0.0010267524164502642
0.6  0.10202691566166298  0.001070207158746131
0.7  0.13610126697732286  0.0012977512754262944
0.8  0.15390021585582353  0.0015042680598772965
0.9  0.16163586032283148  0.0016330024188439803
1.0  0.16268303745932883  0.0017236783430016288
1.1  0.16308610766344822  0.0017729688279167545
1.2  0.15844553969315509  0.001855455044332939
1.3  0.1570814054955273  0.001856845866296659
1.4  0.15404398235425698  0.0018382109740480604
1.5  0.14809048067138977  0.0018472116223837386
1.6  0.14584472658084935  0.0018287602936033728
1.7  0.1409338706363638  0.0018341010406101271
1.8  0.13996098044524907  0.0018022461150728752
1.9  0.14173865130082378  0.0017722200018197526
2.0  0.13749513852951217  0.0017556888275422962
2.1  0.13250629283161566  0.0017205324211865174
2.2  0.1333317458623838  0.0017235685418020665
2.3  0.1277680391425475  0.0016999799710358146
2.4  0.12661909675980146  0.0016767679696079402
2.5  0.12556569103367698  0.0016561678403564624
2.6  0.12528203716715874  0.001626897392064073
2.7  0.1225501822880172  0.001641372352554086
2.8  0.11960199035999287  0.0016283876544154329
2.9  0.11802884484069724  0.0016102232545993026
3.0  0.11432106638966656  0.0016161105513749837
3.1  0.11480009758835405  0.0015697484199001036
3.2  0.11224700083647977  0.0015941246813213083
3.3  0.11238496666140407  0.0015549422183379511
3.4  0.11096462766085943  0.0015438109920278289
3.5  0.10740321032556958  0.001537178640432395
3.6  0.10723960921129835  0.0015426874981761326
3.7  0.107111162699771  0.0015142284873100637
3.8  0.10573761879787888  0.0015066822735747127
3.9  0.10250867074687407  0.0015099385057452779
4.0  0.1036531276345374  0.0014917441848987952
4.1  0.10357828270856392  0.0014763880304719177
4.2  0.10252584434842002  0.0014777796333619148
4.3  0.10020366907849883  0.001483812616758392
4.4  0.09922191174276904  0.0014673562469311912
4.5  0.09685001220839995  0.0014536155664874202
4.6  0.0983167746233203  0.001432361461861798
4.7  0.09662200850691739  0.001443946580561721
4.8  0.09511858115238836  0.0014436096384938392
4.9  0.09696031898274068  0.0014188367036876567
5.0  0.0941881627419672  0.0014354254312951345
