#mmax= 10
#m-states: all states (FBR)
#Nr. of sites: 6

0.0  1.0  0.0
0.1  0.9998200431877325  4.2412627621239715e-5
0.2  0.997814779516567  0.00014750298859183945
0.3  0.9885124935608365  0.000335807755007681
0.4  0.9693898738580665  0.0005463173635374146
0.41  0.9671868940869457  0.0005652119061354535
0.42  0.9633422239391555  0.0005921613333683828
0.43  0.9620463663544564  0.0006133649238406889
0.44  0.9594489642156384  0.0006406119081008456
0.45  0.9539678153341776  0.0006646955699333559
0.46  0.9529858692834071  0.0006761585255391888
0.47  0.9497843676232215  0.0006998480497483922
0.48  0.944463636866621  0.0007304276487564224
0.49  0.9425660306662168  0.0007449879589717292
0.5  0.9386490933056945  0.0007689078633573717
0.51  0.9355138319212463  0.0007932773764199831
0.52  0.9304922629779568  0.0008062182756065692
0.53  0.9293059532154779  0.0008400148268008593
0.54  0.9222196652209637  0.0008591740907573865
0.55  0.921789321729407  0.0008755128116737899
0.56  0.9171204784577404  0.0008986113896712706
0.57  0.9126360606206009  0.0009342563347504176
0.58  0.9095398381027067  0.000929649035028508
0.59  0.9082745445479072  0.0009325730834148268
0.6  0.9030052463580907  0.0009664026790377423
0.7  0.8727542468289985  0.0011326179369560477
0.8  0.8573575674344178  0.00128969560458569
0.9  0.8507509403160253  0.00138927834336986
1.0  0.8498605196779079  0.0014648861723409194
1.1  0.8495180352520388  0.0015061689952549514
1.2  0.8534694427330277  0.0015835741827030186
1.3  0.8546344840421708  0.0015869245088882828
1.4  0.8572343169988964  0.0015757775288379652
1.5  0.8623530851258864  0.0015929486414430107
1.6  0.8642918943237905  0.0015805826984225902
1.7  0.8685467462422093  0.001593002491101376
1.8  0.8693921580318889  0.001566858639287795
1.9  0.8678480378058849  0.001538017651139614
2.0  0.8715385869459784  0.0015301505598730545
2.1  0.8758974222138699  0.0015070099125526588
2.2  0.87517470835627  0.001508423595903665
2.3  0.8800574943613578  0.0014960801137742727
2.4  0.8810692108065399  0.0014773486316881522
2.5  0.8819978231752381  0.0014607364300072351
2.6  0.8822480407539566  0.00143532703665625
2.7  0.8846615094908932  0.0014520589430471163
2.8  0.8872735098594865  0.0014448252295450378
2.9  0.8886704186882565  0.0014309577738463293
3.0  0.8919715278255335  0.0014415245976449095
3.1  0.8915443479597744  0.001399500331480724
3.2  0.8938234550912172  0.0014248660305047974
3.3  0.8937001465072797  0.0013896520883389814
3.4  0.8949704055658495  0.0013816651496521624
3.5  0.8981634511918586  0.0013806376727891689
3.6  0.8983104037537449  0.0013858122293524562
3.7  0.898425796002083  0.0013604219340405742
3.8  0.8996606711589596  0.0013555027854675332
3.9  0.9025703237601836  0.0013628256859884833
4.0  0.9015379617961167  0.0013448640119748693
4.1  0.9016054398632936  0.001331119479622535
4.2  0.9025548235101741  0.0013337771361758928
4.3  0.9046531493983857  0.0013423357568675392
4.4  0.9055417353806301  0.0013287523222676792
4.5  0.9076921386632395  0.001319435422339143
4.6  0.9063617458735165  0.0012982376352950015
4.7  0.9078991194259547  0.0013109578289901048
4.8  0.9092651063710278  0.0013126238715033417
4.9  0.9075920195933365  0.0012877248693730326
5.0  0.9101114970536271  0.0013063971881848632
