#mmax= 10
#m-states: all states (FBR)
#Nr. of sites: 6
 
0.0  0.0 
0.1  0.2517679367362346 
0.2  0.514653524072064 
0.3  0.8021458299481865 
0.4  1.130297965027371 
0.41  1.1658465127383992 
0.42  1.2019232670880695 
0.43  1.238504499253353 
0.44  1.2755634210336186 
0.45  1.3130819441078732 
0.46  1.3510827006654895 
0.47  1.389476904298249 
0.48  1.4282356995136491 
0.49  1.4673112582753842 
0.5  1.5067295983656601 
0.51  1.5463673557417097 
0.52  1.5861574567931467 
0.53  1.6261233648327986 
0.54  1.6660202437639473 
0.55  1.705918173853235 
0.56  1.7457887249363555 
0.57  1.7854053406362933 
0.58  1.8248447694230012 
0.59  1.8638936306942209 
0.6  1.9025848390371376 
0.7  2.255689255916167 
0.8  2.5301228959439586 
0.9  2.7336748743224724 
1.0  2.887427573441067 
1.1  3.0083296380126745 
1.2  3.1070026607269035 
1.3  3.190141397559379 
1.4  3.261852103214406 
1.5  3.3247739125689373 
1.6  3.3807225360546984 
1.7  3.4310679950545335 
1.8  3.47674611786685 
1.9  3.5184438413323473 
2.0  3.556804385427979 
2.1  3.5922338534930676 
2.2  3.6251112286091534 
2.3  3.6557386370075857 
2.4  3.684369166512201 
2.5  3.711225274599258 
2.6  3.736471801339653 
2.7  3.760273242696571 
2.8  3.7827674456317584 
2.9  3.8040686969222604 
3.0  3.8242617289770346 
3.1  3.843493401438102 
3.2  3.861767515678879 
3.3  3.879213815222901 
3.4  3.8958859615911194 
3.5  3.9118257115943895 
3.6  3.927112792384567 
3.7  3.941752055715119 
3.8  3.9557881320749404 
3.9  3.9692965579369277 
4.0  3.982289251905459 
4.1  3.9948059127029625 
4.2  4.006865910706491 
4.3  4.018500852862235 
4.4  4.029736378199323 
4.5  4.040593961854979 
4.6  4.051092673073749 
4.7  4.061255125504513 
4.8  4.0710954211543395 
4.9  4.080632712665585 
5.0  4.089882136545042 
