#mmax= 10
#m-states: all states (FBR)
#Nr. of sites: 6
 
0.0  0.0 
0.1  -0.12358274856374453 
0.2  -0.23847478817683712 
0.3  -0.3350825234207486 
0.4  -0.4023280832063997 
0.41  -0.40700505372137596 
0.42  -0.4112802883689026 
0.43  -0.4151246703697043 
0.44  -0.4185260126459118 
0.45  -0.4215279991516074 
0.46  -0.4240829327152471 
0.47  -0.4262023137502896 
0.48  -0.42790945432116545 
0.49  -0.42919234723106675 
0.5  -0.4300377164734607 
0.51  -0.430480095957416 
0.52  -0.4305356553219202 
0.53  -0.4301721944443647 
0.54  -0.42947389810770215 
0.55  -0.4284203781062365 
0.56  -0.42701493919299743 
0.57  -0.42531659666404814 
0.58  -0.42331142891817863 
0.59  -0.4210589802325061 
0.6  -0.4185577194058015 
0.7  -0.38561723357358535 
0.8  -0.3510185114429374 
0.9  -0.32283104593661094 
1.0  -0.3012546025990697 
1.1  -0.2845217695159693 
1.2  -0.27115260746963415 
1.3  -0.2600591351755021 
1.4  -0.2505795466261503 
1.5  -0.24230894115664978 
1.6  -0.23496813306128556 
1.7  -0.22835365795164997 
1.8  -0.22233288477669164 
1.9  -0.21682045872718922 
2.0  -0.21172046182775678 
2.1  -0.206992365365665 
2.2  -0.20258102150044077 
2.3  -0.19845683536786607 
2.4  -0.19458321755457753 
2.5  -0.19093163480560943 
2.6  -0.1874878152928725 
2.7  -0.1842289349172592 
2.8  -0.18113679412777176 
2.9  -0.17819998520414476 
3.0  -0.17541267670326982 
3.1  -0.17273781963368476 
3.2  -0.17020539988787625 
3.3  -0.16777123773760289 
3.4  -0.16543683195626327 
3.5  -0.16320397856557994 
3.6  -0.16104834047770375 
3.7  -0.15898609065490643 
3.8  -0.1570120559163068 
3.9  -0.1551016869843535 
4.0  -0.15326308861599053 
4.1  -0.15148542024967965 
4.2  -0.14977296297559328 
4.3  -0.14811757102187956 
4.4  -0.14651559883559567 
4.5  -0.14496488061832155 
4.6  -0.1434643959803082 
4.7  -0.14200751430749003 
4.8  -0.1405983521026589 
4.9  -0.13922913587328323 
5.0  -0.13789919330566397 
