#mmax= 10
#m-states: all states (FBR)
#Nr. of sites: 8
 
0.0  4.000000000000001 0.06249999999999967 
0.1  3.661532407332865 0.05211749632101115 
0.2  3.3517042069180074 0.043008418888950684 
0.3  3.0719797351879565 0.03533331411866625 
0.4  2.824174904669655 0.02947256085308858 
0.41  2.8010635567095417 0.029006761367317946 
0.42  2.7782630165288134 0.028565670511276675 
0.43  2.755750612900381 0.02814926691193731 
0.44  2.73355199176624 0.027759505468786805 
0.45  2.7116392243897427 0.02738100443904279 
0.46  2.690035257545324 0.02703257506861456 
0.47  2.6687483100446405 0.02672589825836902 
0.48  2.6477781718403137 0.026431819212336394 
0.49  2.6271166016208167 0.026170414483905557 
0.5  2.6068174635476242 0.02598390954817964 
0.51  2.586765927996859 0.025688093199399242 
0.52  2.567135076125488 0.02552428999051881 
0.53  2.5478378228592513 0.025359554516197758 
0.54  2.5289072295205632 0.025233187013147695 
0.55  2.5103491662067774 0.02512902509170256 
0.56  2.4921863342707753 0.02504564593973191 
0.57  2.47438722531678 0.024983505135651507 
0.58  2.456983982189499 0.0249375052948827 
0.59  2.439976659001959 0.024907056359736557 
0.6  2.4233655558425857 0.024890652934887902 
0.7  2.2780153028791195 0.025069088541172735 
0.8  2.1633512778315707 0.02518719687115878 
0.9  2.0691226580405915 0.025058318526183787 
1.0  1.9887902927530392 0.02479687845029388 
1.1  1.918667303583243 0.02447946844778226 
1.2  1.856443763512691 0.024146451028324134 
1.3  1.8005826681742552 0.023821669695549663 
1.4  1.7499616744344613 0.0234972333013016 
1.5  1.7037597532803035 0.023194437327466177 
1.6  1.6613195602952402 0.022883135264080146 
1.7  1.622139856967948 0.02258361590639546 
1.8  1.5857913069882807 0.02230224487863397 
1.9  1.5519355026799682 0.022033718195838548 
2.0  1.520298875475577 0.021774699482923765 
2.1  1.4906297137560942 0.021522239905087948 
2.2  1.4627296756581543 0.02127916653014117 
2.3  1.4364231906968628 0.021044731476823286 
2.4  1.4115629346557341 0.02081863710588705 
2.5  1.3880164609646237 0.02060035932604809 
2.6  1.365664932894118 0.020389388047133417 
2.7  1.3444157628721105 0.02018532222745051 
2.8  1.324186937403422 0.01998844636388286 
2.9  1.3048730256677412 0.019797123567470654 
3.0  1.2864168845325985 0.019611127618850865 
3.1  1.2687610237109979 0.019431377727680332 
3.2  1.251841716830835 0.019256158936546308 
3.3  1.2356137969377767 0.019078343955578836 
3.4  1.2200233114768106 0.01891333901989789 
3.5  1.205034751678804 0.01875296282298644 
3.6  1.1906102748416452 0.0185943106381824 
3.7  1.1767112607680903 0.018444626501000316 
3.8  1.1633041885069124 0.018289405028306116 
3.9  1.1503686081083542 0.01814540877962645 
4.0  1.1378719421863113 0.018013076582993448 
4.1  1.1257895308142525 0.017882370116446333 
4.2  1.1140969210220377 0.01774807983505977 
4.3  1.1027754806185155 0.017616787868247608 
4.4  1.0918050949114748 0.017489273125045224 
4.5  1.081168520233606 0.017365223442306732 
4.6  1.0708477516290937 0.017243360599585644 
4.7  1.0608304101772967 0.017131238379823888 
4.8  1.0510982649971994 0.01702153621435909 
4.9  1.0416373363505402 0.016907572742803523 
5.0  1.032436220692305 0.01679605115097005 
