#mmax= 10
#m-states: all states (FBR)
#Nr. of sites: 8
 
0.0  4.000000000000008 0.06250000000000122 
0.1  4.82259973032526 0.08867697254398055 
0.2  6.019867737940123 0.12915740204732695 
0.3  7.91453622968273 0.1954530040300828 
0.4  11.148302755503611 0.29999322502163495 
0.41  11.580117124464016 0.3124775131963725 
0.42  12.034205813491651 0.3252069357240561 
0.43  12.511381894534882 0.33814121334079883 
0.44  13.013613787761178 0.351275960836526 
0.45  13.537859634815344 0.3644694155633311 
0.46  14.08753654034143 0.37775967656128895 
0.47  14.658582036284837 0.39099214734589804 
0.48  15.2515274700282 0.40413900080367815 
0.49  15.86599172965769 0.4171563779089821 
0.5  16.500009066128197 0.42997010386436896 
0.51  17.149955951346406 0.44248480037942006 
0.52  17.812426910549405 0.45462603203860474 
0.53  18.487913101398124 0.46640764501560417 
0.54  19.172331820176638 0.47776117494178194 
0.55  19.86159889139664 0.4886328808993776 
0.56  20.549220482872318 0.4989321059550772 
0.57  21.23996568005396 0.5087953824455617 
0.58  21.924531947793778 0.518091655363736 
0.59  22.600795250874917 0.5268361952502856 
0.6  23.266265406961256 0.5350366433153493 
0.7  28.948880841225954 0.590990480002303 
0.8  32.75637169904644 0.6166305652478301 
0.9  35.32938195104175 0.6293877876147538 
1.0  37.21413242006158 0.6367169803488268 
1.1  38.69218116033512 0.6414681626990213 
1.2  39.907761663090085 0.6448303683114046 
1.3  40.938907130347424 0.6473549816830959 
1.4  41.833260882180696 0.6493330598303615 
1.5  42.62137955255503 0.6509310560723799 
1.6  43.324431312676914 0.6522525730530075 
1.7  43.957660076986386 0.6533653849774097 
1.8  44.53314846922618 0.6543177517049416 
1.9  45.05950498492837 0.6551423658359036 
2.0  45.54345266989592 0.6558634182373114 
2.1  45.99088020199513 0.656499879313009 
2.2  46.40626044101921 0.6570659287958562 
2.3  46.793432336680965 0.6575728611768805 
2.4  47.15542951312063 0.6580293667732141 
2.5  47.49496347264465 0.6584426998271586 
2.6  47.81445903032121 0.6588189414987984 
2.7  48.11566542192323 0.6591626149674387 
2.8  48.39993256103002 0.6594772888864612 
2.9  48.66968045879894 0.6597676415791751 
3.0  48.92582518270107 0.6600359871626704 
3.1  49.169173511861224 0.6602843384442161 
3.2  49.40106988722292 0.6605152148765451 
3.3  49.62224402439739 0.6607301921563637 
3.4  49.83360048667032 0.6609309952028396 
3.5  50.03578601525008 0.6611188954249868 
3.6  50.22939698232978 0.6612950025224118 
3.7  50.415179792991815 0.6614605926972087 
3.8  50.593621874831726 0.6616165037930608 
3.9  50.76503961030786 0.6617634172784339 
4.0  50.93000948333653 0.6619022224222744 
4.1  51.0889285025404 0.6620335498715487 
4.2  51.2421614064756 0.6621579737713039 
4.3  51.389980519403814 0.6622759663855561 
4.4  51.53276592670355 0.6623880895657396 
4.5  51.67075646391141 0.6624947224139309 
4.6  51.80425122956628 0.6625962856902898 
4.7  51.933445560072975 0.6626931030017581 
4.8  52.05860474232095 0.6627855171865604 
4.9  52.179931413857354 0.6628738080748233 
5.0  52.29761096650998 0.6629582462617214 
