#mmax= 10
#m-states: all states (FBR)
#Nr. of sites: 8
 
0.0  -1.956356871460302e-32 
0.1  0.025684653234358173 
0.2  0.05567353174979979 
0.3  0.09528860827937348 
0.4  0.15200031318256574 
0.41  0.15895630411713663 
0.42  0.1661733313909934 
0.43  0.17365258960598315 
0.44  0.18141648866069499 
0.45  0.18942641161989465 
0.46  0.19772143684723006 
0.47  0.20625259471260465 
0.48  0.21502655994249262 
0.49  0.22403451687060336 
0.5  0.23325625811117764 
0.51  0.24264619231554854 
0.52  0.2521667373540419 
0.53  0.26182197059836515 
0.54  0.2715648125190333 
0.55  0.28134694699288754 
0.56  0.2910913628237751 
0.57  0.30085600476262514 
0.58  0.3105291761986857 
0.59  0.3200867144719129 
0.6  0.32949859698304645 
0.7  0.4109668523155735 
0.8  0.4678381112237505 
0.9  0.5078970524415721 
1.0  0.5381588651898832 
1.1  0.5624022762086119 
1.2  0.5826369895389877 
1.3  0.5999853349905948 
1.4  0.6151502443084448 
1.5  0.6285931851000646 
1.6  0.6406404964434868 
1.7  0.651530496449301 
1.8  0.6614541672840683 
1.9  0.6705504764586638 
2.0  0.6789295853124264 
2.1  0.6866871332193307 
2.2  0.6938974574827876 
2.3  0.7006244640876449 
2.4  0.706919113679742 
2.5  0.7128269504094095 
2.6  0.7183887756185017 
2.7  0.7236348856208819 
2.8  0.7285884070070078 
2.9  0.7332893818900699 
3.0  0.7377544347136108 
3.1  0.7419974429694712 
3.2  0.7460413093972543 
3.3  0.7498993228320063 
3.4  0.7535857885226617 
3.5  0.7571128665715123 
3.6  0.7604908330870456 
3.7  0.7637321646960957 
3.8  0.7668456871122229 
3.9  0.7698368616849216 
4.0  0.7727153152706688 
4.1  0.7754883872718777 
4.2  0.778162318194953 
4.3  0.7807417554138597 
4.4  0.7832334088407051 
4.5  0.7856413561752493 
4.6  0.7879708187777187 
4.7  0.7902252169870753 
4.8  0.7924090784019973 
4.9  0.7945261835441016 
5.0  0.796579586974838 
