#mmax= 10
#m-states: all states (FBR)
#Nr. of sites: 8
 
0.0 1.4210854715202004e-14
0.1 -0.04383640327347779
0.2 -0.17643889077238512
0.3 -0.401522203443755
0.4 -0.7268331467609772
0.41 -0.7653424474587357
0.42 -0.8049994684806112
0.43 -0.8458206750340229
0.44 -0.8878222689033205
0.45 -0.9310198097960942
0.46 -0.9754284834448769
0.47 -1.0210619075564966
0.48 -1.0679330346230955
0.49 -1.1160523572311725
0.5 -1.1654284858114607
0.51 -1.2160679143316568
0.52 -1.2679728472755085
0.53 -1.3211434908886517
0.54 -1.3755757969860145
0.55 -1.4312624536854952
0.56 -1.4881918903564468
0.57 -1.5463490711435952
0.58 -1.6057154791842407
0.59 -1.6662686384602523
0.6 -1.72798330997326
0.7 -2.40210525450575
0.8 -3.157130653079065
0.9 -3.967891064794344
1.0 -4.819376886747109
1.1 -5.702674623110276
1.2 -6.612033465334534
1.3 -7.543434956067571
1.4 -8.493897628366753
1.5 -9.46111305454069
1.6 -10.443237395806634
1.7 -11.43876187870194
1.8 -12.446428604985485
1.9 -13.46517382733576
2.0 -14.494086010312444
2.1 -15.53237629598567
2.2 -16.579355346095895
2.3 -17.63441641770018
2.4 -18.697021699152202
2.5 -19.766691543790273
2.6 -20.84299568735743
2.7 -21.925546915523768
2.8 -23.013994066068918
2.9 -24.108018562064743
3.0 -25.20732973309218
3.1 -26.311661200073743
3.2 -27.42076859038211
3.3 -28.53442663291213
3.4 -29.652427880825158
3.5 -30.7745795078977
3.6 -31.90070343031494
3.7 -33.03063309670864
3.8 -34.1642143110963
3.9 -35.301302362413566
4.0 -36.4417620618772
4.1 -37.5854666532589
4.2 -38.7322971868934
4.3 -39.88214220959115
4.4 -41.034895759757504
4.5 -42.19045858131156
4.6 -43.34873758816934
4.7 -44.50964349820036
4.8 -45.673092721642206
4.9 -46.83900562487483
5.0 -48.007306713528365
