#mmax= 10
#m-states: all states (FBR)
#Nr. of sites: 8
 
0.0  -0.0 
0.1  0.0063454090510938616 
0.2  0.026698472534934747 
0.3  0.06655458432342085 
0.4  0.14182999766550902 
0.41  0.15247203592845376 
0.42  0.16382954027056296 
0.43  0.17593920605043412 
0.44  0.18886600966665765 
0.45  0.2025731785980731 
0.46  0.21715515626258705 
0.47  0.2325391694614293 
0.48  0.24874732150252551 
0.49  0.2657796736270524 
0.5  0.2835831013425638 
0.51  0.30205610321722537 
0.52  0.3210829298729748 
0.53  0.3406498796704694 
0.54  0.36060447420876746 
0.55  0.3807836778645671 
0.56  0.40092474900069613 
0.57  0.4211498786366118 
0.58  0.44108649968757846 
0.59  0.46061547703062566 
0.6  0.4796027133971025 
0.7  0.6209731219371276 
0.8  0.6786319082323823 
0.9  0.6970343250470297 
1.0  0.702621668543558 
1.1  0.7042830568918699 
1.2  0.7047212542414875 
1.3  0.7047693441681309 
1.4  0.7046967683780203 
1.5  0.704592598433107 
1.6  0.7044866977110444 
1.7  0.704388199325109 
1.8  0.7042990037418181 
1.9  0.7042190895150595 
2.0  0.7041472556654029 
2.1  0.7040826639339509 
2.2  0.704024197183157 
2.3  0.7039710333725856 
2.4  0.7039224549859365 
2.5  0.7038778701620275 
2.6  0.7038365969034076 
2.7  0.7037985717061754 
2.8  0.7037632718158773 
2.9  0.7037303314723382 
3.0  0.703699619183224 
3.1  0.70367083771455 
3.2  0.7036437904933378 
3.3  0.7036182764938244 
3.4  0.70359428075813 
3.5  0.7035715610044503 
3.6  0.7035500925339276 
3.7  0.7035297061329978 
3.8  0.7035103479090576 
3.9  0.7034919121357389 
4.0  0.7034743367986898 
4.1  0.7034575605852069 
4.2  0.7034415359994969 
4.3  0.7034262099268579 
4.4  0.7034115179060341 
4.5  0.7033974325771154 
4.6  0.7033839121518976 
4.7  0.7033709066916303 
4.8  0.703358405314331 
4.9  0.7033463701974465 
5.0  0.7033347734772124 
