0.0  -0.0  0.0
0.1  0.006088185072929262  0.0002471262828883911
0.2  0.025867258918371213  0.0005118400387507417
0.3  0.06536324497274446  0.0008244339820371964
0.4  0.14401021745282266  0.001247717807328852
0.41  0.15208182787657942  0.0012875215062142762
0.42  0.16611914128400695  0.0013477625847752592
0.43  0.17714483504601564  0.0014006652472814682
0.44  0.18935538786657588  0.0014552828654004547
0.45  0.202999854438115  0.001511028114270301
0.46  0.215645926952956  0.0015610688619744429
0.47  0.23268645171723717  0.0016316282945903894
0.48  0.24849839910976582  0.0016924766795981497
0.49  0.267030442355922  0.0017637700464958256
0.5  0.28348934053786123  0.0018255118018304175
0.51  0.3001765899961672  0.0018909329973539162
0.52  0.32000762534862276  0.001960484056855285
0.53  0.3415435951582216  0.002034705877849213
0.54  0.35698321593864674  0.002102513513423015
0.55  0.3797990293441314  0.0021677681842558563
0.56  0.40420221733726075  0.002252513834484424
0.57  0.419292020111348  0.0023042948369222833
0.58  0.4416896209415444  0.0023827294418700545
0.59  0.4606728964350684  0.002446252226335635
0.6  0.47916248076593015  0.0025080542886066776
0.7  0.6187781926117386  0.0029719978664318834
0.8  0.6765559765621056  0.003152481088803458
0.9  0.6915198755054621  0.003200738819495899
1.0  0.7011502867693484  0.00322540155016006
1.1  0.7045545338838748  0.003240120362798526
1.2  0.7071362536074072  0.0032498619836606514
1.3  0.7063390849787424  0.003244222298927415
1.4  0.7035316567980343  0.0032375840766091764
1.5  0.7027030385921079  0.003229270140268065
1.6  0.7016823702364102  0.0032242194466718345
1.7  0.7086910578134508  0.0032406400050760914
1.8  0.7083548190546655  0.0032489079939286743
1.9  0.7076435241747594  0.00323884370841694
2.0  0.6998424536839187  0.0032195317583033956
2.1  0.7030833977676224  0.0032291377218892055
2.2  0.7071388066023566  0.0032362308122203553
2.3  0.7006905941631607  0.003219554666452585
2.4  0.6988081491171458  0.00321288675729204
2.5  0.7036590757784829  0.0032345845931193423
2.6  0.6989687778849875  0.003216422525977625
2.7  0.7021880980164544  0.0032221430318926467
2.8  0.7025441217452036  0.003221552699661691
2.9  0.7022292714302902  0.0032243959602688407
3.0  0.702994235990735  0.0032225771913597006
3.1  0.7080697680063885  0.003243083067313625
3.2  0.699202788417396  0.003216579748188285
3.3  0.7028127109707152  0.0032198825779540963
3.4  0.7047008110589263  0.003235101382383281
3.5  0.7038082633485333  0.0032292602829631792
3.6  0.7073053468460471  0.003237202457667978
3.7  0.6995038510780098  0.0032118717630366476
3.8  0.7038432206189679  0.0032255428908573784
3.9  0.7058079827197298  0.003234621352319454
4.0  0.7026849076900459  0.003225316331414831
4.1  0.7101355763944033  0.0032446439164979623
4.2  0.7049665020079756  0.0032337078026661785
4.3  0.7035214906199454  0.0032198763203341607
4.4  0.699506623756179  0.0032129298493006647
4.5  0.7001082115616535  0.0032165168966160635
4.6  0.7054882703723198  0.00323143683789801
4.7  0.7065757262758698  0.0032383219716547967
4.8  0.7019512585727801  0.003221644857658599
4.9  0.7075107985623261  0.003239859446558802
5.0  0.7056785316352409  0.0032365097673241576
0.0  -0.0  0.0
0.1  0.006187995579732833  0.000249122118695435
0.2  0.026687767380372252  0.000525681768449899
0.3  0.064793745643067  0.0008210220849530966
0.4  0.1409969223255848  0.0012315909737522983
0.41  0.15484746825182927  0.0012974965302192138
0.42  0.16195777583397325  0.0013310757790359613
0.43  0.17472304276116327  0.0013927624473568927
0.44  0.18909259375875123  0.001450255719396367
0.45  0.20210156975302673  0.0015067227309761549
0.46  0.21507067636542485  0.0015564125727660985
0.47  0.2327514044868302  0.0016249271421588864
0.48  0.24771725999277702  0.0016924262948338493
0.49  0.26585416341475493  0.0017571446861939465
0.5  0.2865187054290251  0.0018389535254429877
0.51  0.2985005371796822  0.0018824121761987275
0.52  0.3195420359833848  0.0019630325108461414
0.53  0.3397675400682454  0.0020324843208550636
0.54  0.36103096092396025  0.0021093551467679327
0.55  0.38421168949692835  0.0021869295028632903
0.56  0.39987984789084824  0.0022384885452626335
0.57  0.41938394054081246  0.002306420503058537
0.58  0.4382125184175893  0.002368606073948125
0.59  0.4618568877298648  0.002449419983115097
0.6  0.48530232854789274  0.0025245342213616284
0.7  0.6212109746688153  0.002974642414383507
0.8  0.6825273136919765  0.0031722819366276577
0.9  0.6995058655464682  0.003222707685762589
1.0  0.703491024316374  0.0032385271173383046
1.1  0.6993382869344029  0.003221801010610094
1.2  0.7087894744746753  0.0032446125288127896
1.3  0.7090982450146387  0.003247387325934557
1.4  0.7025269172256529  0.0032275516863960914
1.5  0.700956573923688  0.0032274858460493725
1.6  0.7002319331622314  0.0032198142692106174
1.7  0.7059520702253851  0.0032385788265006325
1.8  0.7006895241403246  0.003221166045059167
1.9  0.704672612549133  0.003235057556074154
2.0  0.7025567417076541  0.003225828810412591
2.1  0.7023758477773816  0.0032250764271602493
2.2  0.7004463923878622  0.003219644573014204
2.3  0.7008123495989121  0.0032236873694352383
2.4  0.6990300525817398  0.003217918169353581
2.5  0.7034744078477844  0.003223406554790637
2.6  0.7028805599628392  0.0032236994357518482
2.7  0.7050230661768334  0.0032329904565681898
2.8  0.6984863498863378  0.003212248315899588
2.9  0.7032714036585872  0.0032264378799725987
3.0  0.7056180236972549  0.0032364801148394937
3.1  0.7102622617698022  0.003247719598157977
3.2  0.703467896535227  0.0032296233154725735
3.3  0.7037316045931784  0.003227605277139377
3.4  0.704215447583423  0.003234205524855395
3.5  0.6954897157528485  0.0031979733481331185
3.6  0.7002955501359016  0.0032178673121107957
3.7  0.7054668587239862  0.003233236743903716
3.8  0.7069155876587306  0.00323666949929612
3.9  0.7077102499797133  0.003241186462095821
4.0  0.7029812253584119  0.0032267086946666957
4.1  0.7072357240614563  0.0032364839599379877
4.2  0.7076769652568928  0.0032359960851102054
4.3  0.7008539997577555  0.003216447447711666
4.4  0.7084129891141763  0.0032404883437878525
4.5  0.6978912479508452  0.0032126748903257324
4.6  0.7065306031168941  0.0032362392305962003
4.7  0.7047980509365595  0.0032281779144383983
4.8  0.7004456169363786  0.0032200372765023204
4.9  0.7003288684945278  0.0032160027406210067
5.0  0.7022529891567804  0.0032232575557615303
