#mmax= 10
#m-states: all states (FBR)
#Nr. of sites: 8
 
0.0  0.0 
0.1  0.022974868323929972 
0.2  0.07701889473225582 
0.3  0.15962042277238206 
0.4  0.28041908862020787 
0.41  0.2951910118501667 
0.42  0.31046712860946607 
0.43  0.3262398405269191 
0.44  0.342532173824075 
0.45  0.3592336208178566 
0.46  0.3763985140861133 
0.47  0.39387629768118526 
0.48  0.41164054877465983 
0.49  0.429635190020311 
0.5  0.44775733672178886 
0.51  0.4658673026699652 
0.52  0.4838232238102437 
0.53  0.5016016422596 
0.54  0.5190549173077813 
0.55  0.5360496011547328 
0.56  0.5523884957652423 
0.57  0.568203298902784 
0.58  0.5832396929341445 
0.59  0.597457104713374 
0.6  0.610814581864177 
0.7  0.6969520761420656 
0.8  0.7247929070197869 
0.9  0.7316239127902058 
1.0  0.7326556101384802 
1.1  0.7322594990906292 
1.2  0.7315964298354307 
1.3  0.7309557528404651 
1.4  0.7303986169265698 
1.5  0.7299236447486878 
1.6  0.7295189714263843 
1.7  0.7291706735718383 
1.8  0.728866907099064 
1.9  0.728600099016213 
2.0  0.7283627912484952 
2.1  0.7281506170847742 
2.2  0.7279592530158069 
2.3  0.7277855575038457 
2.4  0.7276270531317378 
2.5  0.7274816850735873 
2.6  0.7273471217769804 
2.7  0.7272232833659423 
2.8  0.7271083847436095 
2.9  0.7270012272659937 
3.0  0.7269013098597229 
3.1  0.7268076973710846 
3.2  0.72671977556855 
3.3  0.7266367143199219 
3.4  0.7265587374154351 
3.5  0.7264849438543676 
3.6  0.7264152237053101 
3.7  0.7263490412728185 
3.8  0.7262861986524884 
3.9  0.726226375540561 
4.0  0.7261693650747106 
4.1  0.7261149557933038 
4.2  0.7260629963429133 
4.3  0.7260133085397213 
4.4  0.7259656969658693 
4.5  0.7259200544653943 
4.6  0.7258762560796441 
4.7  0.7258341428034323 
4.8  0.7257936657871109 
4.9  0.725754708105 
5.0  0.7257171784954562 
