#mmax= 10
#m-states: all states (FBR)
#Nr. of sites: 8

0.0  0.0 0.0 0.0 NaN NaN 0.0 
0.1  0.00012 0.0008745327347075357 0.0764807504075041 0.0440871342332829 52.91195474862073 0.0 
0.2  0.00088 0.0017565941797214072 0.30856231122311234 0.01298377132989983 12.040529840964933 0.0 
0.3  -0.003 0.002666829788308807 0.7111981119811196 -0.03574623379208059 4.958408284956239 0.0 
0.4  0.00476 0.0035390251017740335 1.2524698670986707 0.040205596352399925 2.4512351630734868 0.0 
0.41  0.00156 0.0036397950691050523 1.3248108145081452 -0.0059547600212767 2.225877119540228 0.0 
0.42  -0.00012 0.0037223834323433396 1.3856138417384183 0.008546121834074912 2.1279710365658575 0.0 
0.43  -0.00236 0.0038246686895606857 1.4628090584905853 0.010013949032938684 2.0038137944200782 0.0 
0.44  0.00084 0.003905911610041255 1.525614550545507 0.01426250005912611 1.9770724517133234 0.0 
0.45  0.00478 0.003994938186168982 1.5959531111311116 -0.006153224741034446 1.7120949680942186 0.0 
0.46  -0.01206 0.004091443872660315 1.6739912963129637 -0.010044140538217531 1.620459709052069 0.0 
0.47  0.00618 0.004175475113316355 1.7434592421924229 -0.0137285926829913 1.5482662928778579 0.0 
0.48  -0.0007 0.004272022659323804 1.8250177601776028 -0.02313888853349703 1.4174780415559383 0.0 
0.49  0.00434 0.004343132541381016 1.8862800272002727 0.023160839166191237 1.3478659466157437 0.0 
0.5  0.00306 0.004447078156390023 1.977650412904128 -0.01990382552299267 1.2127716233430812 0.0 
0.51  -0.00558 0.004537785203262215 2.05914945509455 -0.011320639234610847 1.216891384765213 0.0 
0.52  0.00852 0.004642702838099421 2.155468964289642 -0.0026967399889277193 1.0765607952854097 0.0 
0.53  -0.0031 0.004715731786399945 2.2238126281262813 -0.0005424037569638954 0.9694240907408855 0.0 
0.54  0.00276 0.0047777141071354305 2.28265520895209 -0.003114290357765806 0.9817541961103848 0.0 
0.55  0.0022 0.004880347300950803 2.3817789777897787 0.010523139891970502 0.8851070037508317 0.0 
0.56  -0.0045 0.004953750386972376 2.453964289642897 -0.004056002801815079 0.8529049443560135 0.0 
0.57  0.0006 0.005064726341524204 2.565145291452915 -0.006031024052293396 0.7598571634920002 0.0 
0.58  -0.0035 0.0051354981485161036 2.637334123341233 0.012050569519775626 0.7375618935458621 0.0 
0.59  -0.00946 0.005202362514258046 2.7064575729757303 0.008536799046232895 0.732802479625501 0.0 
0.6  0.00226 0.005288310560688155 2.7966228586285866 -0.0031476813242138925 0.612276345958636 0.0 
0.7  -0.00276 0.005936891130108663 3.5246676290762915 0.0033222745822114506 0.3712411578070367 0.0 
0.8  0.00678 0.006427468664998251 4.13123534395344 -0.008035068526883694 0.2002815483857554 0.0 
0.9  0.0039 0.006760880489629287 4.5709504995049945 -0.0006835182937450648 0.16449467290785957 0.0 
1.0  0.0011 0.0070380169960602085 4.953368323683236 -0.00478458998477512 0.1756034465996099 0.0 
1.1  0.00428 0.007276341544173327 5.294514626746268 -0.0017320867187045185 0.08610530830220187 0.0 
1.2  -0.01364 0.0075507025921497115 5.701310963509637 0.0022697220266822194 0.08751678799542173 0.0 
1.3  0.00376 0.0077162979489221635 5.9541254036540385 0.0014012526553178592 0.07955363198803855 0.0 
1.4  -0.0122 0.007929182827971821 6.287194031940321 -0.003966468213455586 0.05350127125044768 0.0 
1.5  -0.00326 0.008072480744693897 6.516494537345374 -0.0153624376470809 0.05562323525850976 0.0 
1.6  -0.00812 0.008290140404135457 6.87264279202792 -0.007643038123533571 0.05048043364921595 0.0 
1.7  0.00456 0.008431067719632486 7.108290289302892 -0.0032567802323378993 0.053992320016115425 0.0 
1.8  -0.00614 0.008615843854878832 7.4232765331653345 0.011527143097636548 0.042414568603971414 0.0 
1.9  0.01446 0.008702819455479053 7.573906647466472 0.0005068306461860675 0.0635425050027787 0.0 
2.0  -0.00186 0.008860087494799595 7.850115041550415 -0.008756721272508637 0.0126612164640032 0.0 
2.1  -0.003 0.008982066397837848 8.067751677516778 0.006247797179375753 0.022696531167200718 0.0 
2.2  0.00502 0.009128383277985905 8.33273812698127 -0.005739327867147898 0.02835107571627349 0.0 
2.3  0.0227 0.009195699685664334 8.456089270892715 0.008871075997609336 0.058745825104135285 0.0 
2.4  0.00596 0.009330793933055977 8.706371542115422 -0.0013946983706236307 0.05788160514575269 0.0 
2.5  -0.00996 0.009443087403121768 8.917189970299702 -0.008993454758920532 0.04798071821741834 0.0 
2.6  -0.0172 0.009544901919429373 9.110515265152653 -0.005864226650153292 0.039353923983601824 0.0 
2.7  -0.02254 0.009656140631459286 9.324105189451895 -0.004354551273040044 0.009410044286305652 0.0 
2.8  0.00898 0.00979770144194726 9.599495354553543 0.0043424339418512885 0.03648581633599868 0.0 
2.9  -0.01026 0.009900036738885077 9.80107274312743 -0.017208145247767093 0.028843316631030902 0.0 
3.0  -0.00478 0.009947158437242755 9.894596097560974 0.007985154663475949 0.03335789507049158 0.0 
3.1  -0.00686 0.010060623318930874 10.121614156541566 -0.00829103701008059 0.02946071441713949 0.0 
3.2  0.01056 0.010163026996676598 10.328711773517735 -0.0032635630774106553 0.01827149073498635 0.0 
3.3  -6.0e-5 0.010201874374172987 10.407824074640747 0.00535238119295482 0.0369530359258623 0.0 
3.4  -0.00164 0.01030515575167841 10.619623506635063 -0.000690968420338499 0.01190439538864796 0.0 
3.5  0.00524 0.010427732869618782 10.873761280012797 0.008842733751172753 0.047219704473484114 0.0 
3.6  0.00508 0.010425815503464901 10.869762891228909 -0.002247262737768288 0.05248513718833614 0.0 
3.7  -0.00388 0.01054359336894264 11.116736112961124 -0.0005795940504134026 0.05062182245827973 0.0 
3.8  -0.02084 0.010662794844502027 11.369519389593899 -0.004830336221168565 0.016199941228513204 0.0 
3.9  0.0178 0.010710647915966046 11.471797877978782 0.0038679352541110884 0.03822254072635367 0.0 
4.0  0.00046 0.010827001899127072 11.722397012370124 0.004462573183950891 -0.004216483315391706 0.0 
4.1  0.00784 0.010879254061087517 11.835816892568923 0.006971388819974793 0.03506083581938224 0.0 
4.2  0.0323 0.010975170688591428 12.045437164371645 0.0038975110009394076 0.010609875771967037 0.0 
4.3  -0.0021 0.011080215864857332 12.27711836118361 0.0030756603560890394 0.03235917489476536 0.0 
4.4  0.00106 0.01109320599989893 12.30592193561936 0.0026831637779695583 -0.0010242968869902391 0.0 
4.5  -0.00214 0.011146371455319718 12.424159661996622 -0.008096417205060519 0.05854140306085176 0.0 
4.6  0.01484 0.011182229123322491 12.504224816648168 0.001985579265981328 0.015074223163324962 0.0 
4.7  -0.00162 0.011229142206435309 12.609363469234685 -0.007116489921880748 0.023158366477806336 0.0 
4.8  0.01082 0.01138236024984487 12.955812485724858 0.004622020874195068 0.024175498485477842 0.0 
4.9  0.01324 0.011396997233458444 12.98915459394594 0.004947226259188859 0.018999315126778438 0.0 
5.0  0.00062 0.011434618649567487 13.07505036610366 0.004472289849539038 0.018646451695771393 0.0 
