#mmax= 10
#m-states: all states (FBR)
#Nr. of sites: 8
 
0.0  -5.4936797177622344e-62 
0.1  0.0024808515674353505 
0.2  0.00968968118927399 
0.3  0.020898400804184685 
0.4  0.03472186698228787 
0.41  0.03616677784025555 
0.42  0.03761103370838702 
0.43  0.03905224087656624 
0.44  0.040485981615179856 
0.45  0.04190969539895608 
0.46  0.0433190602860424 
0.47  0.0447111293282371 
0.48  0.046081144291331234 
0.49  0.04742732318170876 
0.5  0.04874485810400965 
0.51  0.05003141887742074 
0.52  0.05128450156839153 
0.53  0.05250117162450987 
0.54  0.05367991833608661 
0.55  0.05481933336437369 
0.56  0.055919409168726515 
0.57  0.05697839581354896 
0.58  0.05799771335231979 
0.59  0.05897798147298518 
0.6  0.059920379834949335 
0.7  0.06771355936921554 
0.8  0.0738937820904343 
0.9  0.0794721929931056 
1.0  0.0847018156663641 
1.1  0.08964417848564457 
1.2  0.09432922487077948 
1.3  0.0987881553290306 
1.4  0.10304752554348227 
1.5  0.10713243072590609 
1.6  0.1110632961137153 
1.7  0.11485831505286889 
1.8  0.11853098468437673 
1.9  0.1220934811079166 
2.0  0.12555581311147326 
2.1  0.12892637252011455 
2.2  0.13221277919386962 
2.3  0.13542094111367606 
2.4  0.13855732167435406 
2.5  0.14162679578197251 
2.6  0.14463269541067314 
2.7  0.1475797381346493 
2.8  0.15047545778233315 
2.9  0.1533149062619175 
3.0  0.15610286650652871 
3.1  0.15884669520004407 
3.2  0.16154441169203668 
3.3  0.1641976662747408 
3.4  0.1668128808620266 
3.5  0.16938899807426622 
3.6  0.17192832124219895 
3.7  0.17443177704130905 
3.8  0.1768994582709389 
3.9  0.17933665561473608 
4.0  0.18174389034627744 
4.1  0.1841199120073286 
4.2  0.18646589120838278 
4.3  0.18878500441598742 
4.4  0.19107624676340587 
4.5  0.19334176627477875 
4.6  0.1955815775906103 
4.7  0.19779830440056817 
4.8  0.19999148593051497 
4.9  0.20216041151759317 
5.0  0.20430725415134493 
