#mmax= 10
#m-states: all states (FBR)
#Nr. of sites: 8
 
0.0  -8.427927382208619e-8 
0.1  -2.7509785353006456e-9 
0.2  1.195956330333888e-7 
0.3  4.385225967834616e-6 
0.4  -3.365496996398726e-6 
0.41  -1.516308502379018e-7 
0.42  1.2029777639425955e-6 
0.43  1.155090753767483e-6 
0.44  1.6900454458948616e-6 
0.45  2.370167581810956e-6 
0.46  3.923679379964039e-7 
0.47  2.4244342826147254e-6 
0.48  4.805523701342663e-6 
0.49  4.633561705991115e-6 
0.5  1.761206510437071e-6 
0.51  9.28586545344257e-7 
0.52  2.402054315822084e-6 
0.53  1.9463574867127573e-6 
0.54  1.810501409963187e-7 
0.55  2.1973426109344978e-7 
0.56  3.8106817182299367e-7 
0.57  -7.024755015892106e-7 
0.58  -1.1369899115992892e-6 
0.59  6.554580159271659e-7 
0.6  2.685265135863349e-7 
0.7  -6.61050300412374e-5 
0.8  -0.0005261930310295235 
0.9  -4.105877237431019e-5 
1.0  5.608624326070454e-5 
1.1  -0.00042796924774548883 
1.2  -0.0026025590814329562 
1.3  -0.002568586130816628 
1.4  -0.0026275309466350797 
1.5  -0.002707644607806365 
1.6  -0.002845775679090791 
1.7  -0.0029691127936040578 
1.8  -0.0030570989162051003 
1.9  -0.003093264878578477 
2.0  -0.0030955239099839773 
2.1  -0.003104814926531704 
2.2  -0.0032538923558708423 
2.3  -0.0032817292662469036 
2.4  -0.003342639237956741 
2.5  -0.003361312985686306 
2.6  -0.0036230486422046747 
2.7  -0.003643720876106918 
2.8  -0.003715537681192622 
2.9  -0.003776030062190876 
3.0  -0.0037969962109244875 
3.1  -0.003788906096583462 
3.2  -0.0038295855923644855 
3.3  -0.0038326773401438654 
3.4  -0.003837336402213105 
3.5  -0.003861023548327781 
3.6  -0.0038742479709214074 
3.7  -0.00390678299265764 
3.8  -0.003911139247900296 
3.9  -0.003921291130658126 
4.0  -0.003931221116436448 
4.1  -0.0039323883381885555 
4.2  -0.003950575335532912 
4.3  -0.003944488913720928 
4.4  -0.003972304222197928 
4.5  -0.003957609879282205 
4.6  -0.003969303424529326 
4.7  -0.003977549796054895 
4.8  -0.003980784544244531 
4.9  -0.003987737634600052 
5.0  -0.003995402890570161 
