#mmax= 10
#m-states: all states (FBR)
#Nr. of sites: 8

0.0  -0.0  0.0
0.1  0.00035990194030355137  5.9976884937028735e-5
0.2  0.004483467412491505  0.0002116250824528446
0.3  0.019679148677890272  0.00044394015343558394
0.4  0.05292966740743816  0.0007455750725386524
0.41  0.057702345866005415  0.0008005581660435881
0.42  0.06311873784439354  0.0008277552993964996
0.43  0.06914652217299351  0.000873580488086109
0.44  0.07266289171158628  0.0008889670424088312
0.45  0.07842868594974092  0.0009250105677922417
0.46  0.08527007781138932  0.0009691950619882086
0.47  0.09061211515255571  0.001008951486071653
0.48  0.09534313670533201  0.0010489883182310414
0.49  0.10357519191338797  0.0010607773876904173
0.5  0.10942444608988035  0.001101792153628339
0.51  0.11558907272920746  0.0011540041571824525
0.52  0.12113367774891436  0.0011605648222054264
0.53  0.12784920647788764  0.0012087520077946595
0.54  0.13235067610913048  0.0012402938596269804
0.55  0.13789419823235413  0.0012683657832220834
0.56  0.14460922089388414  0.001294782889383371
0.57  0.15134332488242003  0.0013293797225168125
0.58  0.15608992069792413  0.0013533022008703755
0.59  0.16328096221580424  0.0013822723834180208
0.6  0.1692297976865439  0.0014233780825726274
0.7  0.21532716483094078  0.0016309036483517644
0.8  0.24103427186127102  0.0017737629450715559
0.9  0.2561607499722244  0.0018595643493841392
1.0  0.2586110254653216  0.0019184660362516616
1.1  0.2635716263083703  0.0019571401930751743
1.2  0.26013692076857553  0.0020026749899657898
1.3  0.25672449197201586  0.0019965410333904355
1.4  0.2514035098528391  0.002017231189322711
1.5  0.24663682591570252  0.0020142336450578216
1.6  0.24343878244448197  0.0020514609548651004
1.7  0.2351398817241798  0.002054650377410799
1.8  0.22589499083800849  0.002074036976874569
1.9  0.22187207770406864  0.002053298088968298
2.0  0.2218591401545137  0.0020698922389736207
2.1  0.21553039639880636  0.0020700440549000954
2.2  0.2081942068253545  0.0020658524224289156
2.3  0.20095959118699333  0.0020575719062275446
2.4  0.19877043642777434  0.002041724361250575
2.5  0.19231492680947368  0.002052631369160098
2.6  0.188373355278504  0.0020098303514628404
2.7  0.18567692647758055  0.0020054024439476016
2.8  0.18363487709108822  0.0019618976214195154
2.9  0.17909965852909837  0.001983539862546127
3.0  0.17468198475461783  0.001976475411670456
3.1  0.17238705701966328  0.0019620774905247983
3.2  0.16798665208645458  0.0019485444460886647
3.3  0.16578218762682034  0.0019401280572458458
3.4  0.161207835719893  0.0019347407118118166
3.5  0.16213615969549533  0.0019240558761434343
3.6  0.15890777071966564  0.001905236933631239
3.7  0.1544593990459422  0.0018918862203094369
3.8  0.15118607492263367  0.0018932306052628913
3.9  0.14881151996509745  0.0018970655076327174
4.0  0.14894793357767433  0.00186493642156768
4.1  0.14735358787527214  0.001865528218677333
4.2  0.14427167768401755  0.0018356109709971407
4.3  0.14286650789931765  0.001843738503636563
4.4  0.1406642085227286  0.0018242637335242925
4.5  0.13571875780614173  0.0018212786683771676
4.6  0.1396853201376978  0.0018328280394675225
4.7  0.13244273102490423  0.0018263387945681767
4.8  0.13303669737845283  0.0018338408468388022
4.9  0.13332846846497573  0.0018005761943579934
5.0  0.12994169778831455  0.0017724139958299496
