#mmax= 10
#m-states: all states (FBR)
#Nr. of sites: 8

0.0  1.0  0.0
0.1  0.9996401628166308  5.995530302368574e-5
0.2  0.9955265683236273  0.00021067839210548508
0.3  0.9805132218059684  0.00043528919013416037
0.4  0.9484467168530281  0.0007071382297167432
0.41  0.943930870551586  0.0007556715666007052
0.42  0.9388319921837278  0.0007771231567730537
0.43  0.933189937043112  0.0008152165206791671
0.44  0.9299142589972945  0.0008266631285146248
0.45  0.9245679922688428  0.0008552351634911352
0.46  0.9182642481100091  0.000889977174868536
0.47  0.9133719253275355  0.0009215479613953439
0.48  0.9090609487655141  0.0009535943158150515
0.49  0.9016082265453442  0.0009564056192749601
0.5  0.896349884542427  0.0009875912696945138
0.51  0.8908412190443571  0.0010280344701666718
0.52  0.8859155244839413  0.0010281623931617323
0.53  0.8799860653384853  0.0010636849233092165
0.54  0.8760337371061113  0.0010865392649587863
0.55  0.8711908604028965  0.0011049886779908404
0.56  0.8653603918058638  0.0011204538284603222
0.57  0.8595525422193384  0.0011426717200641648
0.58  0.8554822613503124  0.0011577260270909434
0.59  0.8493525189218903  0.001174036530692261
0.6  0.8443148594900436  0.0012017792657885156
0.7  0.8062776113435157  0.0013149610979244857
0.8  0.7858146945946489  0.0013938489869647097
0.9  0.7740175354938599  0.0014393354148025544
1.0  0.7721233009413877  0.001481292328654573
1.1  0.7683025897901412  0.0015036758789220334
1.2  0.7709460200550633  0.0015439543129779395
1.3  0.7735813122707558  0.0015444868326125838
1.4  0.7777084951966652  0.0015688178327119449
1.5  0.7814244351081322  0.0015739713882651023
1.6  0.7839274646864755  0.0016081965852506941
1.7  0.7904602709493517  0.0016241194940343278
1.8  0.7978018737733781  0.0016546705864258035
1.9  0.8010178258203261  0.0016447283709864163
2.0  0.8010281890951796  0.0016580420318072062
2.1  0.8061137669301699  0.0016686910108069193
2.2  0.8120493158775356  0.0016775740463373507
2.3  0.8179454830921441  0.001682981646836113
2.4  0.8197380537306165  0.0016736791541459325
2.5  0.8250469981549674  0.0016935173494442596
2.6  0.8283053973027298  0.0016647533277795129
2.7  0.8305418777320284  0.00166557071140464
2.8  0.8322396181087948  0.0016327689272187303
2.9  0.8360225784648209  0.0016582841103735693
3.0  0.8397240233528509  0.0016596938847458977
3.1  0.8416533422807487  0.0016513890777140206
3.2  0.8453651184698667  0.0016472315065115448
3.3  0.8472307514342013  0.0016437361518189752
3.4  0.8511151605915124  0.0016466871516366513
3.5  0.8503254166077898  0.001636073614458332
3.6  0.8530750338374545  0.0016253100616258373
3.7  0.856878281511592  0.0016211162132742114
3.8  0.8596877174499079  0.0016275870976447627
3.9  0.8617315187802692  0.001634761141118004
4.0  0.8616139748881968  0.0016068552831006986
4.1  0.862988781093149  0.0016099299235312252
4.2  0.8656525376333517  0.0015890012951512956
4.3  0.8668697814401043  0.0015982811936801323
4.4  0.8687809919757723  0.0015848856560366608
4.5  0.8730881471885016  0.0015901368180873626
4.6  0.8696318479765387  0.0015938856349853579
4.7  0.8759530976059152  0.0015997871243798477
4.8  0.8754329654244499  0.0016054047306645772
4.9  0.875177576656291  0.0015758239103632356
5.0  0.878146627318672  0.001556439372650481
