#mmax= 10
#m-states: all states (FBR)
#Nr. of sites: 8
 
0.0  -1.3694498100222114e-31 
0.1  0.3527534530983083 
0.2  0.7230685129087899 
0.3  1.133884672715797 
0.4  1.6193309710491934 
0.41  1.6735641347009043 
0.42  1.7289317605802654 
0.43  1.7854407092595814 
0.44  1.843192000750181 
0.45  1.9019661167305673 
0.46  1.9619635569267693 
0.47  2.022898913826858 
0.48  2.084786597731983 
0.49  2.147584745443332 
0.5  2.2111502709844597 
0.51  2.2752284524442543 
0.52  2.339591143213075 
0.53  2.4042625473129586 
0.54  2.4689734510162307 
0.55  2.5334506469781157 
0.56  2.5972617836791025 
0.57  2.660748570838649 
0.58  2.723284589309952 
0.59  2.7847473996143264 
0.6  2.8449829883586055 
0.7  3.3579689881286505 
0.8  3.7119857651417463 
0.9  3.961678008841087 
1.0  4.150842498357625 
1.1  4.302611850384245 
1.2  4.429289640773513 
1.3  4.5378272152622054 
1.4  4.632606275450964 
1.5  4.716531347578433 
1.6  4.791661913039174 
1.7  4.85950918631512 
1.8  4.921272718541787 
1.9  4.977835833000021 
2.0  5.0298980419321 
2.1  5.078061037038025 
2.2  5.122795767101402 
2.3  5.164503913330631 
2.4  5.203510094752941 
2.5  5.240100629905411 
2.6  5.274528719706392 
2.7  5.306988571506628 
2.8  5.33763635559856 
2.9  5.366698937143028 
3.0  5.394288248287365 
3.1  5.420502635262308 
3.2  5.445475111935681 
3.3  5.469290348060511 
3.4  5.492042472068207 
3.5  5.5138043196300055 
3.6  5.534641596093191 
3.7  5.554629438042832 
3.8  5.573821881127527 
3.9  5.5922594045824 
4.0  5.609999372629558 
4.1  5.627084822515489 
4.2  5.6435548918268434 
4.3  5.659441576585327 
4.4  5.674783460001149 
4.5  5.689607861780932 
4.6  5.703945903805925 
4.7  5.717820910597548 
4.8  5.731259552783165 
4.9  5.744284074665205 
5.0  5.756914867080476 
