#mmax= 10
#m-states: all states (FBR)
#Nr. of sites: 8
 
0.0  0.0 
0.1  -0.17296088045780109 
0.2  -0.3333537906601914 
0.3  -0.46686441476018253 
0.4  -0.5553287787712333 
0.41  -0.5608700058809478 
0.42  -0.5657184408433116 
0.43  -0.5698725820176992 
0.44  -0.5732765801253161 
0.45  -0.5759812353913047 
0.46  -0.5779134989961587 
0.47  -0.5791307508386252 
0.48  -0.5796006781345345 
0.49  -0.5793431273491085 
0.5  -0.5783564642062162 
0.51  -0.5767051062354145 
0.52  -0.5744239817347819 
0.53  -0.5715087531244025 
0.54  -0.5680197633829975 
0.55  -0.564022018027903 
0.56  -0.5596222439126768 
0.57  -0.5547565375002732 
0.58  -0.5495803559191519 
0.59  -0.5441403983109365 
0.6  -0.5384928094772803 
0.7  -0.4812010219196358 
0.8  -0.43711898657549286 
0.9  -0.4063986417500816 
1.0  -0.38373044202844286 
1.1  -0.36579591692396185 
1.2  -0.35083071400059945 
1.3  -0.33792987032804134 
1.4  -0.32655456529185045 
1.5  -0.3163790518779812 
1.6  -0.30717843793476746 
1.7  -0.2987957111700129 
1.8  -0.29109354755330913 
1.9  -0.283982497789374 
2.0  -0.2773909447451146 
2.1  -0.2712511045027101 
2.2  -0.2655135647218887 
2.3  -0.26013266471711766 
2.4  -0.2550762989947474 
2.5  -0.2503119770395451 
2.6  -0.24580729037688043 
2.7  -0.24154437216045557 
2.8  -0.23751750654950626 
2.9  -0.23367326391253893 
3.0  -0.23000720529208968 
3.1  -0.22652053447600948 
3.2  -0.2231859461549014 
3.3  -0.21999508823646735 
3.4  -0.21694195240957515 
3.5  -0.2140142536294196 
3.6  -0.21120576448387213 
3.7  -0.2085042851701614 
3.8  -0.20590207134196686 
3.9  -0.20340137278794887 
4.0  -0.20099216573487577 
4.1  -0.19866611161234454 
4.2  -0.1964186644621732 
4.3  -0.19424928868830937 
4.4  -0.1921495981162129 
4.5  -0.1901183685541861 
4.6  -0.18815017236189496 
4.7  -0.1862443916880209 
4.8  -0.18439600396918368 
4.9  -0.182600789856494 
5.0  -0.18085775825661 
