#mmax= 10
#m-states: all states (FBR)
#Nr. of sites: 18
 
0.0  9.000000000000002 0.027777777777778012 
0.1  8.182856151279873 0.022803115572700983 
0.2  7.442618496084778 0.018433090388641715 
0.3  6.778415195507848 0.01473344618644612 
0.4  6.190494441244562 0.011941559075582031 
0.41  6.135320236929008 0.01172699296868307 
0.42  6.080603288015784 0.011527289307696531 
0.43  6.026441372438571 0.011345756969318943 
0.44  5.972743677469414 0.011174370936711475 
0.45  5.919504051898379 0.011022265240723694 
0.46  5.8667333521688665 0.010895641538847811 
0.47  5.814417090435561 0.010781640525899916 
0.48  5.76261739523573 0.010698587926154857 
0.49  5.711429301163185 0.010639488961439514 
0.5  5.66097128378697 0.010602424876904992 
0.51  5.611434888294852 0.010585450369975824 
0.52  5.563001271569784 0.010580836403427885 
0.53  5.515915824072177 0.010594569957562139 
0.54  5.470330087583776 0.01061683814868497 
0.55  5.426360916448562 0.010643391866629659 
0.56  5.384022381918745 0.010670224158565556 
0.57  5.343343399880674 0.010694977919102566 
0.58  5.304186319471092 0.010716332466760625 
0.59  5.266541319452664 0.010732679061823402 
0.6  5.230201201258831 0.01074458426488989 
0.7  4.921663297516089 0.010688420541101418 
0.8  4.6769764833812415 0.01051262363729899 
0.9  4.472401343533084 0.010326799800929098 
1.0  4.296425577595057 0.010141193960659711 
1.1  4.142201499970981 0.009962156595027527 
1.2  4.005153740650855 0.009788840823842793 
1.3  3.8820570012620093 0.009621948608659281 
1.4  3.7705357161518176 0.009462270651243498 
1.5  3.6687944308424103 0.009311576732830784 
1.6  3.5754146955561334 0.009169251714034155 
1.7  3.489244439649288 0.00903199241612107 
1.8  3.409374281756271 0.008901158835484146 
1.9  3.335052809746048 0.008778293719973185 
2.0  3.2656488481430612 0.008661907400375424 
2.1  3.200621624690606 0.008549054675872858 
2.2  3.139527270713458 0.008441132384149008 
2.3  3.0819582094536693 0.008337647345194488 
2.4  3.027597268378662 0.008238408736751524 
2.5  2.976137894080474 0.008143100445534124 
2.6  2.927335687936184 0.008051533930532373 
2.7  2.8809596077089408 0.007963171075390574 
2.8  2.836810541113016 0.00787792747743421 
2.9  2.794720899168591 0.0077956558397339615 
3.0  2.7545185104917755 0.007716103790153972 
3.1  2.7160804625923345 0.007639161561635799 
3.2  2.6792639068359843 0.0075632776810620195 
3.3  2.6439706777366245 0.00749277586134689 
3.4  2.6100841088502786 0.007419641425752577 
3.5  2.5775232509825656 0.007352912811397716 
3.6  2.5461947452392706 0.007286700959121428 
3.7  2.516025937763222 0.007224353705071684 
3.8  2.486940133195537 0.007162337687615095 
3.9  2.4588806142038715 0.007103820087733914 
4.0  2.4317820092717195 0.007045151003200689 
4.1  2.405590037514998 0.0069878154615165 
4.2  2.380269408829676 0.006932354625969972 
4.3  2.355734685275429 0.006877913506206701 
4.4  2.331995560575914 0.006825398554299977 
4.5  2.308971816621406 0.0067739172677770965 
4.6  2.2866391502834857 0.006723717339469748 
4.7  2.2649639337378136 0.006673173369304952 
4.8  2.243914071309133 0.006625300394005218 
4.9  2.223459413731812 0.006578565118858903 
5.0  2.2035728886637043 0.006534240295272609 
