#mmax= 10
#m-states: all states (FBR)
#Nr. of sites: 18
 
0.0  8.999999999999996 0.02777777777777779 
0.1  11.030393688271127 0.04047001824495711 
0.2  14.147578643649856 0.06138065694310291 
0.3  19.70563925213467 0.10275120175519792 
0.4  32.79997551615779 0.21089918388269768 
0.41  35.10890104631936 0.22950648193195666 
0.42  37.71978937800814 0.2500562790940528 
0.43  40.69021932602886 0.27264683568930237 
0.44  44.06259009758411 0.2971060187029624 
0.45  47.910679382625666 0.32345794475821465 
0.46  52.26677402050122 0.3512758511768853 
0.47  57.157393611240686 0.3800200444604792 
0.48  62.62041086515518 0.4092836637849565 
0.49  68.60011061450453 0.43814269526532845 
0.5  75.02952825102705 0.46586502692261367 
0.51  81.7736841693268 0.49172229033243897 
0.52  88.66818619762971 0.5151592637236253 
0.53  95.52906318249916 0.53583237909021 
0.54  102.18207591660621 0.5536356616793634 
0.55  108.48598882281183 0.5686695120995879 
0.56  114.35617055156962 0.5811952231341616 
0.57  119.74537465650003 0.5915275847692578 
0.58  124.66763155001254 0.60004780763671 
0.59  129.13228233222236 0.6070446886159333 
0.6  133.20989887988733 0.6128662369006845 
0.7  160.00279783030405 0.6392554244056848 
0.8  175.45158090407546 0.6477651116397152 
0.9  186.36878310404268 0.6520651912121405 
1.0  194.79140803506033 0.6547004003425929 
1.1  201.62720543243697 0.6564974767972429 
1.2  207.35991890444396 0.6578088274994378 
1.3  212.28246128435444 0.6588126097445923 
1.4  216.58422086601823 0.6596083476879984 
1.5  220.39374704790498 0.660255949513495 
1.6  223.80402749467873 0.6607941007615941 
1.7  226.88462815365526 0.6612490798151338 
1.8  229.68766051631164 0.6616389598518608 
1.9  232.2540953391856 0.6619770065615158 
2.0  234.61631734185835 0.6622729433361585 
2.1  236.80098418188135 0.6625342296527488 
2.2  238.82886306339788 0.6627665106283558 
2.3  240.72018729391826 0.6629746594134163 
2.4  242.48892784050656 0.6631621162353274 
2.5  244.1485332274293 0.6633318961599299 
2.6  245.70906417476237 0.6634862549975062 
2.7  247.1808353649352 0.663627281378959 
2.8  248.57191566501155 0.663756615155924 
2.9  249.88903411960055 0.6638755862411014 
3.0  251.1395343344903 0.6639854976078823 
3.1  252.32770466941992 0.6640872050956589 
3.2  253.45963269354345 0.6641817096086962 
3.3  254.53881126349143 0.6642696480781596 
3.4  255.56988261551834 0.6643517292916761 
3.5  256.5557551679969 0.6644284802841453 
3.6  257.5001798300627 0.6645004382473009 
3.7  258.40575973123833 0.6645680206282012 
3.8  259.27520154915965 0.6646316120701323 
3.9  260.11080089134913 0.664691556280226 
4.0  260.9146060033603 0.664748134814779 
4.1  261.6887932242207 0.6648016451979257 
4.2  262.4338301903367 0.6648522044961084 
4.3  263.15494049866646 0.6649003690377263 
4.4  263.84889336465324 0.6649458901153673 
4.5  264.52058171023003 0.6649892686017438 
4.6  265.1702375955835 0.6650305686192618 
4.7  265.79920617444986 0.6650699454562616 
4.8  266.4080888721387 0.6651074919686994 
4.9  266.9981659327246 0.6651433495881567 
5.0  267.5704600968362 0.6651776370020327 
