#mmax= 10
#m-states: all states (FBR)
#Nr. of sites: 18
 
0.0  -2.7908129298966765e-31 
0.1  0.025755293576024123 
0.2  0.05631585761548602 
0.3  0.0980643552042664 
0.4  0.1623114039053459 
0.41  0.1707667110211665 
0.42  0.17971985393789175 
0.43  0.18921897372286203 
0.44  0.19929464369123467 
0.45  0.2100097380347633 
0.46  0.22137444174229254 
0.47  0.233387851781868 
0.48  0.24606289971154136 
0.49  0.25930005887360613 
0.5  0.27298555783208883 
0.51  0.28693099874913347 
0.52  0.30091361016391815 
0.53  0.31469116476277736 
0.54  0.32803836685894644 
0.55  0.3407742723476915 
0.56  0.3527906435844713 
0.57  0.36402950148951 
0.58  0.3745121300274116 
0.59  0.384253887951124 
0.6  0.3933543884204301 
0.7  0.4598312293106032 
0.8  0.5035286138815636 
0.9  0.5363527700847265 
1.0  0.5625743286485276 
1.1  0.5843350789728445 
1.2  0.6028663121772699 
1.3  0.6189540935062994 
1.4  0.6331276080965331 
1.5  0.6457582612312369 
1.6  0.657120757505883 
1.7  0.6674241680775858 
1.8  0.6768288083295142 
1.9  0.6854620350993988 
2.0  0.6934257839140918 
2.1  0.700804589607309 
2.2  0.7076650131986666 
2.3  0.7140714809224399 
2.4  0.7200701538056888 
2.5  0.7257040919168805 
2.6  0.7310067993249096 
2.7  0.7360118601585283 
2.8  0.7407458332081611 
2.9  0.7452313589722732 
3.0  0.7494920730821165 
3.1  0.7535430409435309 
3.2  0.757403880331454 
3.3  0.7610865939652693 
3.4  0.7646067390556389 
3.5  0.7679737547995281 
3.6  0.7712003859893821 
3.7  0.7742952661207083 
3.8  0.77726753310262 
3.9  0.7801249229163132 
4.0  0.7828744519195798 
4.1  0.7855232619491457 
4.2  0.7880734671451527 
4.3  0.7905412901309951 
4.4  0.792917782822225 
4.5  0.7952179759102562 
4.6  0.7974430814929283 
4.7  0.7995978129396922 
4.8  0.8016840027890231 
4.9  0.8037061307549771 
5.0  0.8056675601597744 
