#mmax= 10
#m-states: all states (FBR)
#Nr. of sites: 18
 
0.0 9.646333880639118e-28
0.1 -0.10650453846233185
0.2 -0.42927009675719185
0.3 -0.9796978090470532
0.4 -1.784184704735164
0.41 -1.880490224450906
0.42 -1.9799896933330645
0.43 -2.0827875991939067
0.44 -2.1889963297022996
0.45 -2.2987383662588132
0.46 -2.4121426922490685
0.47 -2.5293415182821493
0.48 -2.6504625217703
0.49 -2.77562043242233
0.5 -2.904903173238826
0.51 -3.038356840925158
0.52 -3.175974633871258
0.53 -3.3176891919880873
0.54 -3.463375234037315
0.55 -3.612859016247637
0.56 -3.7659343634312137
0.57 -3.922378561939908
0.58 -4.0819683949138295
0.59 -4.244489074294603
0.6 -4.409742407759175
0.7 -6.18098550242736
0.8 -8.109024268416631
0.9 -10.14799123031112
1.0 -12.272736613126085
1.1 -14.467099793777166
1.2 -16.719805033063608
1.3 -19.022537578397987
1.4 -21.36891178920834
1.5 -23.75387151168249
1.6 -26.17331651171557
1.7 -28.62385273456853
1.8 -31.102631084865706
1.9 -33.60722364508027
2.0 -36.13554141782322
2.1 -38.68576884960842
2.2 -41.256314662447906
2.3 -43.845774490732595
2.4 -46.45290071978617
2.5 -49.07657780220744
2.6 -51.71580549925103
2.7 -54.369681782055984
2.8 -57.037386889264425
2.9 -59.71817702677728
3.0 -62.41137232104138
3.1 -65.11635029516898
3.2 -67.83253783021893
3.3 -70.55941066440424
3.4 -73.29648070668863
3.5 -76.04329721212663
3.6 -78.79944208866308
3.7 -81.56452562535435
3.8 -84.33818559661528
3.9 -87.12008286324483
4.0 -89.9099002703625
4.1 -92.70734062869748
4.2 -95.5121251178763
4.3 -98.32399090307717
4.4 -101.14269089162262
4.5 -103.96799225857049
4.6 -106.79967467520792
4.7 -109.63753042404493
4.8 -112.48136198712565
4.9 -115.33098291261103
5.0 -118.18621587512399
