#mmax= 10
#m-states: all states (FBR)
#Nr. of sites: 18
 
0.0  -0.0 
0.1  0.006345457506445398 
0.2  0.026701071713116045 
0.3  0.06678702497348486 
0.4  0.14920118029879484 
0.41  0.16259118485485835 
0.42  0.1776355171647236 
0.43  0.19467886214289626 
0.44  0.214060428516763 
0.45  0.23629046415028682 
0.46  0.26173999045594554 
0.47  0.2907337395985501 
0.48  0.32366244711337555 
0.49  0.36026962026264664 
0.5  0.40005139464390616 
0.51  0.44184423529091765 
0.52  0.4840390098020648 
0.53  0.52474277893861 
0.54  0.5621515990003615 
0.55  0.594909694893951 
0.56  0.6223693265047072 
0.57  0.6444565350955037 
0.58  0.6617177029926334 
0.59  0.6747731023942802 
0.6  0.6845589047736574 
0.7  0.7077436767149072 
0.8  0.7071373512940736 
0.9  0.7062785359658199 
1.0  0.7057315544280225 
1.1  0.7053584262482485 
1.2  0.7050860160594563 
1.3  0.7048760504809037 
1.4  0.704706100599978 
1.5  0.7045637812624914 
1.6  0.7044425384355227 
1.7  0.7043404475940808 
1.8  0.7042520866720324 
1.9  0.7041742631563194 
2.0  0.7041028043026643 
2.1  0.7040395018435153 
2.2  0.7039827878027258 
2.3  0.7039307090639715 
2.4  0.7038836346256844 
2.5  0.703840530333272 
2.6  0.7037996395823267 
2.7  0.7037628749330831 
2.8  0.7037283780179471 
2.9  0.7036964470349486 
3.0  0.7036665303951409 
3.1  0.7036384791684562 
3.2  0.7036121629147435 
3.3  0.7035873671533389 
3.4  0.7035639756310773 
3.5  0.7035419235151221 
3.6  0.7035208966903914 
3.7  0.7035009355650492 
3.8  0.7034820287883411 
3.9  0.7034639822022472 
4.0  0.7034468118994858 
4.1  0.7034303902028443 
4.2  0.7034147908069215 
4.3  0.7033996886123923 
4.4  0.7033853926291088 
4.5  0.7033715764618031 
4.6  0.7033583400222763 
4.7  0.7033455801400615 
4.8  0.7033333543447279 
4.9  0.7033215405395011 
5.0  0.7033101637304561 
