#mmax= 10
#m-states: all states (FBR)
#Nr. of sites: 18
 
0.0  0.0 
0.1  0.02297501448951764 
0.2  0.07702473612103183 
0.3  0.16004625357443972 
0.4  0.2911539405335924 
0.41  0.30951898252292903 
0.42  0.32942958769932656 
0.43  0.35114892402343406 
0.44  0.37484786750984395 
0.45  0.40085304419900253 
0.46  0.42918448990917585 
0.47  0.459736454822264 
0.48  0.4924207660738703 
0.49  0.5264286765354641 
0.5  0.5608664429983253 
0.51  0.5944443899874206 
0.52  0.6258580956062241 
0.53  0.6539407033897211 
0.54  0.677894466150541 
0.55  0.6974012503583065 
0.56  0.7126305499723159 
0.57  0.7240224743390359 
0.58  0.7322664008454225 
0.59  0.7379637714978887 
0.6  0.7417988170029874 
0.7  0.7435699707950959 
0.8  0.7384472760104901 
0.9  0.7354672151410129 
1.0  0.7336365499808954 
1.1  0.7323919294084575 
1.2  0.7314843121537415 
1.3  0.7307854155797131 
1.4  0.7302247190524981 
1.5  0.7297606109568356 
1.6  0.7293691010711638 
1.7  0.7290337685086602 
1.8  0.7287423831977841 
1.9  0.7284855289080756 
2.0  0.728255847420737 
2.1  0.7280501955750529 
2.2  0.7278647894678025 
2.3  0.7276958386233995 
2.4  0.7275416746116921 
2.5  0.7273994147379765 
2.6  0.727268297613195 
2.7  0.7271476278421223 
2.8  0.7270353110053334 
2.9  0.7269307558448035 
3.0  0.7268330104586628 
3.1  0.7267413800877818 
3.2  0.7266549543796478 
3.3  0.7265739513263557 
3.4  0.7264975486558873 
3.5  0.7264253743422855 
3.6  0.7263569114082369 
3.7  0.726291962075076 
3.8  0.7262302921603455 
3.9  0.7261715558221419 
4.0  0.7261155886834498 
4.1  0.7260621568339126 
4.2  0.7260113160518732 
4.3  0.7259622424581388 
4.4  0.7259156409563711 
4.5  0.7258707331163334 
4.6  0.7258276479947712 
4.7  0.7257862349274361 
4.8  0.7257464461033791 
4.9  0.7257080870553639 
5.0  0.7256711373937452 
