0.0  -0.0  0.0
0.1  0.0069138196346428  0.00026339838729059605
0.2  0.02622701589392732  0.0005154332449218013
0.3  0.06808673453702833  0.0008391143666034499
0.4  0.14799460412443732  0.0012685698395305265
0.41  0.16238794677454496  0.0013326610784493108
0.42  0.1774174006940788  0.0014010720828635636
0.43  0.19577142161729014  0.0014802507604803046
0.44  0.21421926616501388  0.0015565729014726986
0.45  0.23885391137894857  0.0016526607563425969
0.46  0.261891300841854  0.001745286202758516
0.47  0.2897624314814608  0.0018537979273167415
0.48  0.3207765334586273  0.001966249135944477
0.49  0.36178309378597523  0.002112930265423866
0.5  0.39931948750828006  0.0022464464255079674
0.51  0.44568709091690484  0.0024047354799388394
0.52  0.48752472729995655  0.002545844293398924
0.53  0.526456990442961  0.002682290558589403
0.54  0.5659352727248591  0.002809939520706426
0.55  0.5922483609008227  0.0029001368314641217
0.56  0.6227562289355156  0.003002531159760925
0.57  0.6480459123654074  0.003075869921897614
0.58  0.660709985551737  0.003123858978668995
0.59  0.6768038971166949  0.0031683872884650187
0.6  0.6835379940363923  0.0031893786154517513
0.7  0.7048145619096747  0.0032504445834301426
0.8  0.711233969805242  0.003264745140754875
0.9  0.7058173176987748  0.0032430865462360773
1.0  0.7072935805826179  0.0032448541588459673
1.1  0.708571780721345  0.0032441203094551343
1.2  0.705574142654194  0.0032372543831835207
1.3  0.7009037127429226  0.0032259567137072017
1.4  0.7007112231032924  0.0032199340542488067
1.5  0.7001062451625668  0.0032221489093712547
1.6  0.7076109686229572  0.00324192085574447
1.7  0.7081286158420045  0.003239991713320114
1.8  0.7043046858177018  0.0032331360753849866
1.9  0.7108575656946885  0.0032508249685422913
2.0  0.7034729675854402  0.003230476750547826
2.1  0.7017179423450964  0.003223446836468424
2.2  0.7001734712866662  0.003216424099585241
2.3  0.7072934599782247  0.0032420618521755494
2.4  0.6995430293304511  0.003215737881515397
2.5  0.7039683803892275  0.0032258190227153734
2.6  0.7010780791664274  0.0032197671642686964
2.7  0.7048018517853544  0.003233706755374857
2.8  0.7025222504358306  0.003224855069683351
2.9  0.705507066295391  0.003233179406553351
3.0  0.706481250832902  0.003236568162365224
3.1  0.7049292631116382  0.0032310453659611677
3.2  0.700118413658413  0.003218354735015529
3.3  0.7045309145090585  0.0032285788746559143
3.4  0.6996600532272469  0.0032133513724540326
3.5  0.6987666894183603  0.003212921681725117
3.6  0.7035844690408678  0.003227888446735142
3.7  0.7038295773533946  0.0032279273272130286
3.8  0.7062518689594282  0.0032374923436004096
3.9  0.7046457033981366  0.0032295855155193474
4.0  0.7079407947780817  0.0032415729779966236
4.1  0.7077074199420386  0.003244305129086082
4.2  0.7025275821036961  0.0032255957046045526
4.3  0.702800374639082  0.0032313016480943835
4.4  0.7004778029775185  0.0032177723885885496
4.5  0.7001170796016518  0.0032180906486832
4.6  0.704196065096527  0.003224761953579523
4.7  0.706008092009441  0.0032299763954122254
4.8  0.70131351362027  0.0032218232932408695
4.9  0.7050765203319246  0.0032325636756967697
5.0  0.7001225363803385  0.0032155320405677225
0.0  -0.0  0.0
0.1  0.00613765275507167  0.0002481040600514389
0.2  0.026474281147993002  0.0005179186795041467
0.3  0.06647390381960269  0.000832927908463511
0.4  0.1482023753056074  0.001269429822208081
0.41  0.16125871987013704  0.0013277288696247691
0.42  0.17772473114329457  0.0014032803117572715
0.43  0.19323512261358797  0.0014701535471720018
0.44  0.21169832766206895  0.0015489087110829051
0.45  0.23760346328321283  0.001659234713717065
0.46  0.26373497710927646  0.0017484115720011204
0.47  0.29208154231387995  0.0018617652793105842
0.48  0.3222531508830125  0.0019730655907068185
0.49  0.36157997330802355  0.002120723627714769
0.5  0.40237424243417624  0.002259324667134549
0.51  0.4399771301904235  0.00238356249670458
0.52  0.4786558693331387  0.0025194268506995555
0.53  0.5263321591022263  0.0026719239824068257
0.54  0.559869231405234  0.0027903403634847754
0.55  0.5947096901904625  0.002899492979562788
0.56  0.6218503798752961  0.002997062385984919
0.57  0.6457026113770937  0.003074061281421222
0.58  0.6603789069199633  0.0031210550963299303
0.59  0.6713291535357176  0.0031501955982347393
0.6  0.681691482372512  0.00318675228837509
0.7  0.7051998614605534  0.003242529290517188
0.8  0.7002903875591302  0.0032317686056835392
0.9  0.7041577010130509  0.003238372225020153
1.0  0.7074868694073688  0.003246786315211338
1.1  0.7029585165236207  0.0032336919802631718
1.2  0.7041097590546217  0.003229515610832336
1.3  0.7052933850907616  0.0032348135288450815
1.4  0.7073313777639891  0.003241339971190933
1.5  0.7015624104452528  0.0032257020616134487
1.6  0.7040646175332484  0.0032309688009147922
1.7  0.7042212888887267  0.0032372069414854762
1.8  0.7059548427193076  0.00324377916138671
1.9  0.7023679007618592  0.003227720628507317
2.0  0.7035024339014769  0.0032349237872121798
2.1  0.7031216207991555  0.003225864479162616
2.2  0.7019492950754869  0.003220372503840574
2.3  0.7033468207011204  0.0032313039285845305
2.4  0.7034520906246309  0.0032317846895664796
2.5  0.6974126817309929  0.0032120437753799446
2.6  0.7112603766293017  0.00325398344637134
2.7  0.7082633254593732  0.003242575092199594
2.8  0.7023669824300843  0.003226329138027883
2.9  0.7093584927708387  0.0032455362638926415
3.0  0.7022980734736235  0.0032286721642025952
3.1  0.7029552587952451  0.0032285481798271435
3.2  0.7084940630974832  0.0032398949978549823
3.3  0.7069314170575779  0.0032398651431654805
3.4  0.7007771857286001  0.0032218822453390604
3.5  0.7044909278617845  0.0032309246886640277
3.6  0.7019620444817039  0.003217583521519715
3.7  0.7085990373443282  0.003241460270332077
3.8  0.7054642074999785  0.003238978434961224
3.9  0.70640123989681  0.0032376852086239845
4.0  0.7051488045784405  0.0032316796582085292
4.1  0.70660610904416  0.003239333695261469
4.2  0.7086759502206181  0.003247096509841946
4.3  0.7044596074600014  0.0032293840627238223
4.4  0.698601807138018  0.003209637509050272
4.5  0.7064781383887724  0.0032362796162780853
4.6  0.709170779309453  0.003248038755059915
4.7  0.6970366669378303  0.003208943946062573
4.8  0.7002663053405497  0.003215832480245796
4.9  0.7036892927052011  0.003226254656663191
5.0  0.7061751655680024  0.0032341055535184925
