#mmax= 10
#m-states: all states (FBR)
#Nr. of sites: 18

0.0  0.0 0.0 0.0 NaN NaN 0.0 
0.1  -0.00064 0.0013893938275924803 0.19304152081520828 -0.0484512517625984 20.297080339798384 0.0 
0.2  0.00576 0.002745276596162197 0.7536543589435897 0.06666561804273223 4.786924772573958 0.0 
0.3  0.00074 0.004136636996601999 1.711176564165641 0.0028418756951344853 1.9663812951870616 0.0 
0.4  -0.00064 0.0055746126921129395 3.107630666706667 -0.003408678294951659 0.9524875247678213 0.0 
0.41  -0.0003 0.005739052924244963 3.2936728467284664 0.005514794912173842 0.859228552801683 0.0 
0.42  0.00214 0.0059006357605790065 3.4817502379023786 -0.0137228468908105 0.856194326251122 0.0 
0.43  -0.00074 0.006029324842101354 3.6352758051580514 0.007731897758345029 0.7430279537768589 0.0 
0.44  -0.00232 0.006207892682329129 3.853793155531555 0.0033339257581668055 0.7282853936045051 0.0 
0.45  0.00582 0.006386209291331683 4.078366911269112 -0.00459533718653662 0.6333855813370151 0.0 
0.46  0.0057 0.006509969193244233 4.237969889698897 0.005860790016819021 0.5804355320389192 0.0 
0.47  0.00822 0.006698132050484647 4.486497296572965 0.012678651764942529 0.576002894291614 0.0 
0.48  0.00808 0.006847993581054298 4.689501608616086 -0.009948997956194592 0.5127333604661484 0.0 
0.49  -0.00134 0.007050338936305911 4.970727911679116 0.005564101470265447 0.4852163396727356 0.0 
0.5  -0.00278 0.007181033239610014 5.156723838838389 -0.011418798618680235 0.4621301555473174 0.0 
0.51  -0.00042 0.007389461704173233 5.460414427744277 0.013310924620464053 0.37118681318157787 0.0 
0.52  0.0014 0.0075321011494454354 5.673254772547725 0.02888044299020187 0.28620318451381355 0.0 
0.53  0.00392 0.0077056628597675534 5.937724010840107 -0.0055338838526422145 0.2884832118242664 0.0 
0.54  0.00114 0.0078527067724471 6.166500365403655 0.0036225353356681964 0.2899610787603155 0.0 
0.55  0.00048 0.008037004642927382 6.45934436304363 -0.013168675847286098 0.2419176768362119 0.0 
0.56  0.00584 0.008138422530393274 6.623392128321286 0.007009351978190174 0.2415101716697392 0.0 
0.57  0.0031 0.008277257337421032 6.851298902989031 0.00321438351576047 0.21110848252036574 0.0 
0.58  -0.00564 0.008371784921498383 7.008678277182769 0.0035972984050326117 0.1720435778837044 0.0 
0.59  -0.00062 0.00849938342182452 7.223951855118549 0.003827621708949266 0.1665105171366288 0.0 
0.6  -0.01806 0.00861145051282299 7.415707993479934 -0.00847256823545869 0.1657214550002637 0.0 
0.7  -0.00658 0.009435807192846504 8.90344573805738 -0.009281220496852116 0.10328270966475994 0.0 
0.8  -0.00064 0.009984277277896865 9.968579276192761 -0.0029046933876691948 0.06349067392948404 0.0 
0.9  0.00803 0.01049682604526579 11.018335702457026 0.0040242280144151 0.03944026343579532 0.0 
1.0  -0.0114 0.010942536168136615 11.973909779097793 -0.014120470328399934 0.04871535713237529 0.0 
1.1  0.00552 0.011292199539226375 12.751377043370436 0.010099842314100656 0.05291364788816644 0.0 
1.2  0.03764 0.011637799907536947 13.543838668786696 -0.012245762261149715 0.030517449296266097 0.0 
1.3  0.00076 0.011929552270147178 14.231421736617369 0.004003097114753218 0.04229153390759377 0.0 
1.4  -0.01044 0.012198114526597132 14.879399800397996 -0.01000337949367244 -0.0029838376805555455 0.0 
1.5  -0.0048 0.012531102899800913 15.702853988539886 0.004266470153555801 0.043859047017025254 0.0 
1.6  0.01796 0.012731912480061823 16.210159539995402 -0.005302155437196522 0.018401287601152116 0.0 
1.7  0.0182 0.01294007581336449 16.744556205562063 0.013618493141886437 0.04998943700077918 0.0 
1.8  0.01294 0.013113490961618571 17.196364520045197 -0.014323419369621478 -0.00023429826118315233 0.0 
1.9  -0.02617 0.013457676708913171 18.110906240162404 -0.0030928889016526577 0.038755134843128314 0.0 
2.0  -0.01116 0.013611987636126992 18.528620740607412 -0.0014663223135335693 0.011182230870727228 0.0 
2.1  -0.0019 0.013822817173165027 19.107027460274598 0.002868211273103497 0.005590077314066022 0.0 
2.2  0.01484 0.013993675570541132 19.58229559735597 0.0017915105134862102 0.019147554914353382 0.0 
2.3  0.0037 0.014174761808888482 20.092387233872344 0.0004807439350625592 0.026893746816728736 0.0 
2.4  0.00098 0.01432957932963971 20.533684376443762 0.005552911561893737 0.029152844406590717 0.0 
2.5  -0.01612 0.014539171755335768 21.138751533115336 -0.0070607097582112985 0.0027232172172491076 0.0 
2.6  0.02908 0.014631995232668884 21.409528448884494 0.003959434412156669 0.02278164021563489 0.0 
2.7  -0.01086 0.014885880440819245 22.158943649836495 0.009946828307052655 0.038813996124286376 0.0 
2.8  0.02513 0.01505031727079199 22.651204995149964 0.010382066189371738 0.008369904508989556 0.0 
2.9  0.00802 0.01512644191105261 22.88092448884489 -0.008096248447720045 0.000897475340873477 0.0 
3.0  0.00872 0.015315142348403149 23.455358515185154 -0.008631300798118921 0.04214545002167114 0.0 
3.1  0.0011 0.015469052356747913 23.929158081580812 0.0003553464576427522 -0.0002852638283008524 0.0 
3.2  0.00882 0.015534028297140165 24.130603513635137 -0.010673071454810047 0.03683347704610185 0.0 
3.3  0.02255 0.01571336641442058 24.690988407384072 0.013951432663904088 -0.009714999933927437 0.0 
3.4  -0.01654 0.01589669749771673 25.270499133391333 0.0011731987379090915 -0.005355341987738349 0.0 
3.5  -0.00846 0.016011191331892792 25.635824786647884 0.005388042081720209 -0.0014878801016902088 0.0 
3.6  0.01034 0.016045071058959286 25.74443052870529 0.010481910044042647 0.015815972735206962 0.0 
3.7  -0.00034 0.01625850676521132 26.43390422344223 0.0004497429091871085 0.007922107548279378 0.0 
3.8  -0.00922 0.016323988931696395 26.64726146421464 0.008429700123543436 -0.005011748464345267 0.0 
3.9  0.01934 0.01645938543074095 27.091136875768743 -0.012307506844537812 0.015163278879332776 0.0 
4.0  0.01597 0.016529376328035427 27.322028179381796 -0.005762700538348334 0.013126879654809187 0.0 
4.1  -0.00781 0.016673783919365807 27.80150701897018 0.007515890989816453 0.05944494208935325 0.0 
4.2  0.00224 0.016822234682104423 28.298757969979697 0.007335279398028572 -0.003472167920032021 0.0 
4.3  0.02784 0.01693989134980474 28.695991894318947 -0.011756881215264962 0.023655300543669266 0.0 
4.4  -0.0116 0.017077118336525834 29.162797067970686 0.017082444689171482 0.00698154947574281 0.0 
4.5  -0.0288 0.017071362567592518 29.143141991419903 0.00910043016402993 0.010329336072865125 0.0 
4.6  -0.00426 0.01721884965413875 29.648878341183416 -0.0160233051559929 -0.003973574345224495 0.0 
4.7  0.01455 0.017286103409059856 29.880937106871073 -0.0035458140769006404 -0.008831864609931461 0.0 
4.8  0.00802 0.017403298122593183 30.28747855438554 -0.0017431415662347942 -0.003755794981345595 0.0 
4.9  -0.00754 0.017551014553726478 30.803811186511865 -0.011040241878040731 0.01057225765577563 0.0 
5.0  -0.02058 0.017692509570011512 31.302489488494892 -0.0031964443014842595 -0.004062498052715302 0.0 
