#mmax= 10
#m-states: all states (FBR)
#Nr. of sites: 18
 
0.0  -4.639957809107094e-61 
0.1  0.0024809855757845674 
0.2  0.009690956145459033 
0.3  0.02090121630600033 
0.4  0.034684170825062956 
0.41  0.036114027712928896 
0.42  0.03753954687343842 
0.43  0.038955409888102435 
0.44  0.04035621028408453 
0.45  0.04173613869261696 
0.46  0.04308859001775005 
0.47  0.04440627380317591 
0.48  0.04568229702867985 
0.49  0.04690966071822654 
0.5  0.04808281268246525 
0.51  0.04919844278579687 
0.52  0.05025622034153401 
0.53  0.0512589973412947 
0.54  0.052212029980182935 
0.55  0.053122526676372885 
0.56  0.053997950715764395 
0.57  0.05484538109131227 
0.58  0.05566998205249393 
0.59  0.056476812659112786 
0.6  0.05726748493623477 
0.7  0.06456793778386094 
0.8  0.07096727729475721 
0.9  0.0766907221664756 
1.0  0.08192017568276677 
1.1  0.08677448603078601 
1.2  0.09133492202980603 
1.3  0.09565658287206667 
1.4  0.09977882403490805 
1.5  0.10373096712401376 
1.6  0.10753537409680555 
1.7  0.11120966589483919 
1.8  0.1147675620359131 
1.9  0.11822045172878264 
2.0  0.12157798216114497 
2.1  0.12484787381980894 
2.2  0.12803892345985457 
2.3  0.13115408277588256 
2.4  0.13419918717549575 
2.5  0.13717921245166242 
2.6  0.14009937330777447 
2.7  0.1429620463595484 
2.8  0.14577101444076312 
2.9  0.14852965259967355 
3.0  0.15123940011499246 
3.1  0.15390453543723903 
3.2  0.1565250858364574 
3.3  0.1591061636445293 
3.4  0.1616457590116318 
3.5  0.16414999976397662 
3.6  0.16661723841404022 
3.7  0.16905065531544236 
3.8  0.17145081317251495 
3.9  0.1738194144934139 
4.0  0.17615730051019082 
4.1  0.17846565016648827 
4.2  0.18074990637877414 
4.3  0.18299895955859516 
4.4  0.18522972473477994 
4.5  0.18743138959911687 
4.6  0.18960838693614976 
4.7  0.19175948653380717 
4.8  0.19389008852942644 
4.9  0.1959985010870837 
5.0  0.19808557024033743 
