#mmax= 10
#m-states: all states (FBR)
#Nr. of sites: 18
 
0.0  5.0753557587914066e-14 
0.1  6.780283167895968e-9 
0.2  1.1089161648474152e-6 
0.3  7.765064211177896e-7 
0.4  9.886225760923193e-7 
0.41  -3.6919688651403076e-7 
0.42  7.449170247617869e-7 
0.43  2.8162427930221443e-7 
0.44  2.4096352828306178e-5 
0.45  1.9434147019465074e-5 
0.46  5.064117105948283e-5 
0.47  3.779585111004148e-5 
0.48  6.489661217183441e-7 
0.49  3.695473284930064e-5 
0.5  3.218658867984739e-5 
0.51  -1.615183315067474e-5 
0.52  -9.85491195882432e-5 
0.53  -0.0002595957299184766 
0.54  -0.0003005527139848499 
0.55  -0.00026034846680068115 
0.56  -0.00028686506855787685 
0.57  -0.000296520112511498 
0.58  -0.0002911491076330129 
0.59  -0.00030313271476208785 
0.6  -0.00024034642318436757 
0.7  -0.0015363187850977807 
0.8  -0.005540417612198241 
0.9  0.020775190157423053 
1.0  0.009838691048208306 
1.1  0.00745604114036841 
1.2  -0.007674627906717766 
1.3  0.002881804275358049 
1.4  0.015532241113015299 
1.5  0.028197165517420165 
1.6  0.03872600629049424 
1.7  0.04032920962777993 
1.8  0.03994307137241831 
1.9  0.03902335967614518 
2.0  0.04418922985419359 
2.1  0.04628493020923798 
2.2  0.046997598927637545 
2.3  0.0486939992738412 
2.4  0.04884645920618921 
2.5  0.04808745918762175 
2.6  0.050564365246988895 
2.7  0.050326818417410525 
2.8  0.05084507872361032 
2.9  0.050767708517292384 
3.0  0.05085364503030413 
3.1  0.05091309236106647 
3.2  0.050651849562909565 
3.3  0.05065176262423543 
3.4  0.0506386972730217 
3.5  0.05047475584046976 
3.6  0.05061754845931456 
3.7  0.05077929297528595 
3.8  0.0507704536806948 
3.9  0.05087459658646449 
4.0  0.05086569943474496 
4.1  0.050943790339118125 
4.2  0.050950859115935075 
4.3  0.051019165346777036 
4.4  0.050988905513880155 
4.5  0.05104329781113712 
4.6  0.05103385169683001 
4.7  0.051117443937903496 
4.8  0.051095210133606586 
4.9  0.05114551335356114 
5.0  0.05116830472182515 
