#mmax= 10
#m-states: all states (FBR)
#Nr. of sites: 18

0.0  -0.0  0.0
0.1  -0.0  1.2123370701465883e-19
0.2  -0.0  3.630073952208658e-19
0.3  0.00011000604974657205  3.3168237829092356e-5
0.4  0.0010005000247396041  0.00010005050688528675
0.41  0.0012908282351176263  0.00011365166486491497
0.42  0.0017515307231044735  0.00013240395613957036
0.43  0.0017415135385346347  0.00013202447731843102
0.44  0.0020220380313323897  0.00014227083468155825
0.45  0.002543206619834228  0.00015957581495473964
0.46  0.0030646309564421955  0.00017519423669860268
0.47  0.0036164859705411986  0.00019034241822959972
0.48  0.004761247128305771  0.00021846229223974637
0.49  0.005987716294425391  0.0002450624976077095
0.5  0.006349643356195719  0.0002523773653067928
0.51  0.007406929710301788  0.00027265479367400986
0.52  0.00789046928033587  0.0002814458021824943
0.53  0.0095335700817154  0.0003094756881863943
0.54  0.010809716553410603  0.00033026700715923217
0.55  0.012047397748143266  0.0003480775330182084
0.56  0.013616425669060128  0.000370186868587942
0.57  0.014924157805363642  0.0003876792570560857
0.58  0.015870882473188366  0.00039981988625723393
0.59  0.017519976521152242  0.00042026153718792566
0.6  0.020164558317995383  0.0004551473143041866
0.7  0.03232965014575749  0.0005728688122429892
0.8  0.042755188690528  0.0006631523583867648
0.9  0.05523865946723532  0.000754803167271312
1.0  0.06421543885976963  0.0008161733134402626
1.1  0.07369146166958274  0.0008763036594321447
1.2  0.08072242950070703  0.0009217211690830591
1.3  0.08793368459307237  0.0009734373329760129
1.4  0.09749930343768157  0.0010182045680526845
1.5  0.10292534085391383  0.0010623303706109738
1.6  0.11198342382010068  0.001124276238610395
1.7  0.1129504846257539  0.0011437282139772447
1.8  0.1184348176635954  0.001156712957857692
1.9  0.1257952024762093  0.0011770827934892607
2.0  0.12890528182852184  0.001206867920054908
2.1  0.13513844595409338  0.0012519981222076076
2.2  0.1371918544097389  0.0012799505672072453
2.3  0.13985080722890267  0.0013077657609922447
2.4  0.14353220346782244  0.0013573909252126454
2.5  0.14579749473804635  0.0013608507736300101
2.6  0.1473905246774679  0.0013671664787756163
2.7  0.15452532051134646  0.0013836393710170527
2.8  0.15002864313958536  0.0014295632878489795
2.9  0.15582700478143185  0.0014281627384661404
3.0  0.1577573146353552  0.0014532478946668106
3.1  0.16142167627662543  0.0014436409618458943
3.2  0.15858292397408946  0.0015069128855327743
3.3  0.16048854836867704  0.0014934194162389116
3.4  0.16192139715112475  0.0015239208237129906
3.5  0.16481049458472793  0.0015156351685714042
3.6  0.16497954059768832  0.0015521976619479445
3.7  0.16562192531265044  0.0015677463170815325
3.8  0.16556657612278217  0.001562772958396159
3.9  0.1643483024029678  0.0016025062682946184
4.0  0.16496330518919763  0.0016311998777707507
4.1  0.16597190237661755  0.0016632861863445393
4.2  0.16837206090852755  0.0016192161062398016
4.3  0.16590496032000976  0.0016472762378957045
4.4  0.1666964523427383  0.001674904323365674
4.5  0.16644810443520092  0.0016777790287016094
4.6  0.16867570480319485  0.0016958364622764888
4.7  0.16901437858025395  0.001650496525056965
4.8  0.16686297030721958  0.0017165893193278009
4.9  0.16550457124249207  0.0017444008760162397
5.0  0.16660044056123566  0.0017432777142116166
