#mmax= 10
#m-states: all states (FBR)
#Nr. of sites: 18

0.0  1.0  0.0
0.1  1.0  1.2123370701465883e-19
0.2  1.0  3.630073952208658e-19
0.3  0.999890000000697  3.316458932295428e-5
0.4  0.9990000003085351  9.995045640927056e-5
0.41  0.9987100045252932  0.00011350505473154634
0.42  0.9982500023116494  0.00013217224952239765
0.43  0.9982600020162538  0.0001317947549940918
0.44  0.9979800049103671  0.00014198344829410354
0.45  0.9974600245903292  0.00015917049630877642
0.46  0.9969400602315305  0.00017465815288652197
0.47  0.9963900456386496  0.0001896552907867618
0.48  0.9952500696410335  0.0002174246115655474
0.49  0.9940301743529353  0.00024359951722435723
0.5  0.9936704730293687  0.0002507799359663066
0.51  0.9926204339915455  0.000270642719626571
0.52  0.9921405787575326  0.00027923380106621796
0.53  0.9905117303250384  0.00030653929939903745
0.54  0.989248498481078  0.0003267161409301099
0.55  0.9880248815975938  0.0003439092633470979
0.56  0.9864758585198246  0.0003651804090030556
0.57  0.9851866554877972  0.00038193643066107905
0.58  0.98425439634463  0.0003935244807946924
0.59  0.9826326058879701  0.00041296268944145543
0.6  0.9800373867326623  0.0004460613844890647
0.7  0.9681873663608929  0.0005546443465958325
0.8  0.9581459263161829  0.0006353967307152481
0.9  0.946259287265295  0.0007142395070877389
1.0  0.9378029385698454  0.0007654097317265657
1.1  0.9289582688626267  0.0008140495304640699
1.2  0.922449700736657  0.0008502414165833095
1.3  0.9158216077921945  0.0008914949433710379
1.4  0.9071029734093319  0.0009236163912195546
1.5  0.902194328025303  0.0009584284348542385
1.6  0.8940590774616364  0.0010051693767040481
1.7  0.8931948859001284  0.0010215721915841627
1.8  0.8883097158724798  0.001027519358940582
1.9  0.8817954178105929  0.0010379462136825225
2.0  0.8790572242953726  0.0010609059638945972
2.1  0.8735949576280275  0.001093739246520325
2.2  0.8718029508458287  0.0011158646814280688
2.3  0.8694879470388002  0.001137086566732781
2.4  0.8662929021024419  0.0011758981238899813
2.5  0.8643327173867458  0.001176227847129482
2.6  0.862956905635937  0.0011798057540133857
2.7  0.8568217967014028  0.00118553237186163
2.8  0.8606833233994186  0.0012304012815956592
2.9  0.8557072108232008  0.0012220891535344855
3.0  0.8540570239604527  0.0012411565719959298
3.1  0.850933177110146  0.001228441990269874
3.2  0.8533521975013487  0.0012859274223124913
3.3  0.8517275771863051  0.0012719865011161543
3.4  0.8505080542689659  0.0012961069346360955
3.5  0.8480543997622849  0.0012853410731414317
3.6  0.8479110516637852  0.0013161255519323503
3.7  0.8473665414757846  0.001328455774616777
3.8  0.8474134438253683  0.001324314814591648
3.9  0.8484464544708936  0.0013596407616019515
4.0  0.8479248179578232  0.001383134859411587
4.1  0.8470700345098401  0.0014089198872666092
4.2  0.845039370072521  0.001368301358428162
4.3  0.847126741018045  0.0013954517509650538
4.4  0.8464565122356458  0.0014177336718845127
4.5  0.846666754044757  0.0014205197242351567
4.6  0.8447828179792545  0.0014326135054339019
4.7  0.8444967606342898  0.0013938389688487587
4.8  0.8463155737549265  0.0014527762746884866
4.9  0.8474659892235277  0.0014783204139954909
5.0  0.8465377859349039  0.001475750456458362
