#mmax= 10
#m-states: all states (FBR)
#Nr. of sites: 18
 
0.0  -4.74438198082435e-30 
0.1  0.8576921577733253 
0.2  1.7651124516406609 
0.3  2.7928318692359655 
0.4  4.0777397259759525 
0.41  4.230522284396198 
0.42  4.3893992463829195 
0.43  4.555006393968645 
0.44  4.727724835757352 
0.45  4.908387356969747 
0.46  5.0970683972738655 
0.47  5.293678721908715 
0.48  5.498332148881879 
0.49  5.709530736252606 
0.5  5.925599536125722 
0.51  6.1438295324865875 
0.52  6.361066470333716 
0.53  6.5739262207624645 
0.54  6.779309253317946 
0.55  6.97477806252772 
0.56  7.158942923089548 
0.57  7.331124921485707 
0.58  7.4917536800029865 
0.59  7.641161015291933 
0.6  7.780841605205816 
0.7  8.80640732422699 
0.8  9.482589186463988 
0.9  9.989626576506138 
1.0  10.39371275298417 
1.1  10.728276231222887 
1.2  11.012615987443723 
1.3  11.259028680904086 
1.4  11.475785309629362 
1.5  11.668689111036318 
1.6  11.842020630920967 
1.7  11.999030907079302 
1.8  12.142209663681843 
1.9  12.273532522690095 
2.0  12.394580631581482 
2.1  12.506659036267498 
2.2  12.610810794948685 
2.3  12.708002883377517 
2.4  12.798956419094823 
2.5  12.88433424641011 
2.6  12.964661333499253 
2.7  13.040443206206934 
2.8  13.11209141231194 
2.9  13.179956863920797 
3.0  13.244392175107858 
3.1  13.305641508136205 
3.2  13.363991933902778 
3.3  13.419640863211116 
3.4  13.472810433717209 
3.5  13.523662006367204 
3.6  13.572376496362354 
3.7  13.619092473510149 
3.8  13.663946301322879 
3.9  13.707057207223887 
4.0  13.748532056414698 
4.1  13.788478391750612 
4.2  13.826946944306814 
4.3  13.864134173680476 
4.4  13.89996985813723 
4.5  13.934634665288248 
4.6  13.968161715532423 
4.7  14.000617112707886 
4.8  14.032042212438368 
4.9  14.062497929875025 
5.0  14.09203521598224 
