#mmax= 10
#m-states: all states (FBR)
#Nr. of sites: 18
 
0.0  -3.8893845486632136e-62 
0.1  -0.4198521669809152 
0.2  -0.8077428721773986 
0.3  -1.1257378307634367 
0.4  -1.3184458595850719 
0.41  -1.3274881970363677 
0.42  -1.3341617294387595 
0.43  -1.3382838406799902 
0.44  -1.3397158930063622 
0.45  -1.3382218103787713 
0.46  -1.3337028876548924 
0.47  -1.3260852416169588 
0.48  -1.3152628537856756 
0.49  -1.301429735401302 
0.5  -1.2848450529802116 
0.51  -1.2660025537513189 
0.52  -1.2455350975471073 
0.53  -1.2241764197952492 
0.54  -1.2026570167158568 
0.55  -1.1816154326169648 
0.56  -1.1615019821535344 
0.57  -1.1426233961640373 
0.58  -1.1250474695369892 
0.59  -1.1088449201228254 
0.6  -1.0938170020585039 
0.7  -0.9892764259467363 
0.8  -0.9226027504774079 
0.9  -0.8716294850657884 
1.0  -0.8299491659592017 
1.1  -0.7945798886845318 
1.2  -0.7638886804301348 
1.3  -0.7368090912969962 
1.4  -0.7126159719882984 
1.5  -0.6907986701052904 
1.6  -0.6709677533209567 
1.7  -0.6528200497603431 
1.8  -0.6361199220801017 
1.9  -0.6206779260003147 
2.0  -0.6063423050419202 
2.1  -0.5929810129432469 
2.2  -0.5805055705713547 
2.3  -0.5687877076960399 
2.4  -0.5577638043981133 
2.5  -0.5473646838231419 
2.6  -0.5375457449757896 
2.7  -0.5282415835119534 
2.8  -0.5194122477732016 
2.9  -0.5110237613921519 
3.0  -0.503026932711877 
3.1  -0.4954098120961793 
3.2  -0.4881259682680591 
3.3  -0.48116876580153733 
3.4  -0.47449586977134806 
3.5  -0.4681081747752259 
3.6  -0.4619699345428588 
3.7  -0.4560729494581082 
3.8  -0.4503982385783384 
3.9  -0.44493351764656286 
4.0  -0.43966637378183976 
4.1  -0.4345829386151342 
4.2  -0.42969800283921766 
4.3  -0.4249322414535588 
4.4  -0.42036755015940375 
4.5  -0.4159290748138923 
4.6  -0.4116293301526419 
4.7  -0.407454292733118 
4.8  -0.4034141650249739 
4.9  -0.3994937070404154 
5.0  -0.3956866932660756 
