#mmax= 10
#m-states: all states (FBR)
#Nr. of sites: 12
 
0.0  5.9999999999999964 0.041666666666667296 
0.1  5.470063417785098 0.03442295244691951 
0.2  4.988071370530535 0.028066377787920316 
0.3  4.554554525519219 0.022698459956489336 
0.4  4.170762901857575 0.01863184514479399 
0.41  4.134842551896125 0.01831690167596045 
0.42  4.099332987788975 0.018017179624600255 
0.43  4.064230790461148 0.017733531644507083 
0.44  4.029559318266627 0.01748870096213717 
0.45  3.9952661754959036 0.017248317058541796 
0.46  3.9613714719139064 0.017028506312032232 
0.47  3.927915695330484 0.016835804701765045 
0.48  3.894899366808539 0.01667887010661917 
0.49  3.8623292095015405 0.01652379670713744 
0.5  3.830267651110479 0.016416039967730334 
0.51  3.79875695470233 0.01633189590663131 
0.52  3.7678260939569914 0.01627100628807554 
0.53  3.737549466341133 0.016230573004607285 
0.54  3.7079428483917116 0.016208746154629194 
0.55  3.6790686382722 0.01620257855222762 
0.56  3.6509673812437002 0.01620875942676403 
0.57  3.623646395217359 0.016224445567561308 
0.58  3.597131641226108 0.016246371015995575 
0.59  3.5713934691301965 0.01627299000936011 
0.6  3.546468091849767 0.016300196951732238 
0.7  3.334208760995034 0.016426941457251987 
0.8  3.168156574755648 0.016280900578682256 
0.9  3.0302098628052123 0.016045660333615874 
1.0  2.9117756500464873 0.015790305744065924 
1.1  2.808063418771177 0.015535856074531895 
1.2  2.715933106652556 0.01529234642668742 
1.3  2.6331777107539276 0.01505355337790859 
1.4  2.5581945058454636 0.014822261177577789 
1.5  2.4897892933496237 0.014608460981598181 
1.6  2.4269636113485875 0.01439587240362239 
1.7  2.3689858406234063 0.01419271223734897 
1.8  2.315230543366982 0.0139995179362431 
1.9  2.265190878268209 0.013817337923902051 
2.0  2.218442476399925 0.013644929414708407 
2.1  2.174632064770095 0.013476426488487458 
2.2  2.133447407417955 0.013314569921778374 
2.3  2.094639587040119 0.01315924426917725 
2.4  2.0579767309610024 0.013009736638910363 
2.5  2.0232746176922896 0.012866219682679647 
2.6  1.9903450488590455 0.012727744701533261 
2.7  1.9590483429946273 0.012593976149620656 
2.8  1.9292393049575132 0.012464604072809471 
2.9  1.9008116160521886 0.012339403654471615 
3.0  1.8736612551784275 0.01221832816492463 
3.1  1.8476918247882577 0.012101388043010863 
3.2  1.8228168439057217 0.011988051336982442 
3.3  1.7989551669492823 0.01187773157905947 
3.4  1.7760531764313643 0.011763301231916157 
3.5  1.7540335197516574 0.011663442818260927 
3.6  1.7328490729616801 0.01155947600765328 
3.7  1.712443593355036 0.011464823535888291 
3.8  1.6927655312424374 0.011369423002872248 
3.9  1.6737782237463552 0.01127669549887178 
4.0  1.6554384516812248 0.01118622341868436 
4.1  1.6377133010775777 0.01110164919338974 
4.2  1.6205643154373903 0.011015781336468966 
4.3  1.6039626571740513 0.010931794697566888 
4.4  1.5878796165792184 0.010850199843417507 
4.5  1.5722880260529737 0.01077078854064506 
4.6  1.5571609677197031 0.010690151726779451 
4.7  1.5424830442589266 0.01062022968856735 
4.8  1.5282246089441665 0.010549132854805077 
4.9  1.5143663441316673 0.010476535814585852 
5.0  1.5008909121319118 0.01040551858867289 
