#mmax= 10
#m-states: all states (FBR)
#Nr. of sites: 12
 
0.0  5.999999999999989 0.04166666666666685 
0.1  7.305734233612668 0.0600868131027974 
0.2  9.270849175845465 0.08983514026105766 
0.3  12.622139988731881 0.1450380730056594 
0.4  19.474615087287805 0.2590996389097253 
0.41  20.52506599631328 0.27522734909238866 
0.42  21.667660290362527 0.29218090022331966 
0.43  22.913175969792377 0.3099460038716898 
0.44  24.262216592393028 0.328381827887838 
0.45  25.72407538440623 0.34739480864873074 
0.46  27.305905505954854 0.36685711602858884 
0.47  28.997654292015156 0.386459013718786 
0.48  30.806802057970675 0.4061107930100034 
0.49  32.72524084609826 0.4255619236430995 
0.5  34.73533316128342 0.4445179355778657 
0.51  36.827819998023934 0.46281126836988595 
0.52  38.98430560701009 0.480274945177927 
0.53  41.171297836177054 0.4966453279356533 
0.54  43.37518495776408 0.5119024398480925 
0.55  45.56379646551628 0.5259149240160903 
0.56  47.712277535663404 0.5386503514378143 
0.57  49.80446105341452 0.5501547100419155 
0.58  51.81928585437417 0.5604479731620259 
0.59  53.74699328684639 0.5696186728643111 
0.6  55.57771207350394 0.5777446015216647 
0.7  68.83066768746046 0.6215651617486453 
0.8  76.3965281555307 0.6365334540646241 
0.9  81.53333084807203 0.6436655137418413 
1.0  85.43039775038909 0.6479098580395853 
1.1  88.56598872628946 0.6507646916832519 
1.2  91.18390190558657 0.652835146493039 
1.3  93.42433325654824 0.6544130611565915 
1.4  95.37815846859364 0.6556605744498165 
1.5  97.1045590020314 0.6566728643619493 
1.6  98.64916324465018 0.6575135320204792 
1.7  100.04235611355782 0.6582227344322874 
1.8  101.3091937865692 0.6588299906936879 
1.9  102.46860461810276 0.6593561648201967 
2.0  103.53550953166604 0.6598166459210395 
2.1  104.52170787555994 0.6602229107571349 
2.2  105.43766461290463 0.660584349493378 
2.3  106.29119060685957 0.6609078590661077 
2.4  107.08940929813356 0.6611992107257789 
2.5  107.83755227426282 0.6614627138178897 
2.6  108.54183182283934 0.6617026601377667 
2.7  109.205782850243 0.6619217787834245 
2.8  109.8336607731365 0.6621228705987297 
2.9  110.42832164829028 0.6623079314716793 
3.0  110.99246998413062 0.66247873265597 
3.1  111.5287826919206 0.6626369104313912 
3.2  112.03963694164942 0.6627838620350837 
3.3  112.52726050292814 0.6629208229900867 
3.4  112.99237186321135 0.6630483822301363 
3.5  113.43766532796755 0.6631678872347797 
3.6  113.86397822320478 0.6632798275841596 
3.7  114.27286228683589 0.6633850150594391 
3.8  114.66554348239247 0.6634840320535645 
3.9  115.04290673218628 0.6635773550706972 
4.0  115.40602282031513 0.6636654896486965 
4.1  115.75573049653201 0.6637488489434162 
4.2  116.09280921231202 0.6638277810297093 
4.3  116.41802384527055 0.6639026402647441 
4.4  116.73206257232542 0.6639737361702397 
4.5  117.03556362756915 0.6640413458176739 
4.6  117.32911323973677 0.664105711755814 
4.7  117.6132040034988 0.6641670701950212 
4.8  117.88836481714053 0.6642256123551937 
4.9  118.1550725934628 0.6642815317150772 
5.0  118.41372762558922 0.6643349965510315 
