#mmax= 10
#m-states: all states (FBR)
#Nr. of sites: 12
 
0.0  -5.109433724536285e-31 
0.1  0.025728434086580165 
0.2  0.0560703388358367 
0.3  0.09700377247829098 
0.4  0.1582876660513639 
0.41  0.16612102169439905 
0.42  0.1743362139758676 
0.43  0.18296274425810385 
0.44  0.19199587693721665 
0.45  0.20145808869438547 
0.46  0.2113638164854489 
0.47  0.22166690455758034 
0.48  0.23238443917862528 
0.49  0.24347650269614254 
0.5  0.25486719629956517 
0.51  0.2665136623942824 
0.52  0.2783409976339754 
0.53  0.2902169008424465 
0.54  0.30208472722989016 
0.55  0.31381904122219595 
0.56  0.3253224610594455 
0.57  0.33653058564742033 
0.58  0.34736135706072213 
0.59  0.3577763746761151 
0.6  0.36773711076019483 
0.7  0.44364948182707403 
0.8  0.49160425654861817 
0.9  0.526311389460127 
1.0  0.553630571563295 
1.1  0.5761342359912107 
1.2  0.5952247764654933 
1.3  0.6117506158789109 
1.4  0.6262844502683259 
1.5  0.6392113522445221 
1.6  0.6508336782907187 
1.7  0.6613589542995432 
1.8  0.6709597278927463 
1.9  0.6797689074055581 
2.0  0.6878921748198906 
2.1  0.695414641178668 
2.2  0.7024111890302159 
2.3  0.7089393770127308 
2.4  0.7150509432275063 
2.5  0.7207849336586102 
2.6  0.7261865379455649 
2.7  0.7312826091785877 
2.8  0.7361040800250565 
2.9  0.7406730897974825 
3.0  0.7450099206480801 
3.1  0.7491345576873496 
3.2  0.7530648599598397 
3.3  0.7568174163625577 
3.4  0.760398779115966 
3.5  0.7638275035015881 
3.6  0.7671116122344163 
3.7  0.7702617973737997 
3.8  0.7732877801316121 
3.9  0.7761963969706042 
4.0  0.7789956654117955 
4.1  0.7816920004128836 
4.2  0.784291424958775 
4.3  0.7867997213002224 
4.4  0.7892221883125713 
4.5  0.7915636342558721 
4.6  0.7938286032462475 
4.7  0.7960207682508326 
4.8  0.7981442366371142 
4.9  0.8002027531899322 
5.0  0.802199289025962 
