#mmax= 10
#m-states: all states (FBR)
#Nr. of sites: 12
 
0.0 3.657745598224822e-28
0.1 -0.06890365649146353
0.2 -0.27757137199702564
0.3 -0.6327921634764836
0.4 -1.149742403649123
0.41 -1.2113505347292928
0.42 -1.2749145223685603
0.43 -1.3404807873788993
0.44 -1.4080967505710735
0.45 -1.4778117203511825
0.46 -1.5496752029224872
0.47 -1.6237340209021303
0.48 -1.7000334078608168
0.49 -1.7786121236188563
0.5 -1.8595023308872352
0.51 -1.9427242683721293
0.52 -2.0282867357139835
0.53 -2.1161836997426207
0.54 -2.2063938533249825
0.55 -2.298879373478194
0.56 -2.393587753034014
0.57 -2.4904537553492885
0.58 -2.589400762131149
0.59 -2.690344926176113
0.6 -2.7931968528297086
0.7 -3.9078188624418133
0.8 -5.1350301141053905
0.9 -6.4386652670469715
1.0 -7.8001623453531295
1.1 -9.208192415898324
1.2 -10.655024376409086
1.3 -12.135019272959568
1.4 -13.643875293745182
1.5 -15.178202112852105
1.6 -16.735261423790902
1.7 -18.312794149477497
1.8 -19.908907388316948
1.9 -21.52199248953515
2.0 -23.150667420497257
2.1 -24.793732867422932
2.2 -26.450138807592268
2.3 -28.118959481255587
2.4 -29.799373202751013
2.5 -31.490645951953553
2.6 -33.19211953644712
2.7 -34.903200621723556
2.8 -36.62335106040574
2.9 -38.35208192784007
3.0 -40.08894673752384
3.1 -41.833536810988164
3.2 -43.58547640818814
3.3 -45.34442026574228
3.4 -47.11004896332436
3.5 -48.88206658447035
3.6 -50.660198860768226
3.7 -52.44419007367131
3.8 -54.233802823695065
3.9 -56.028814544139365
4.0 -57.82901732813752
4.1 -59.634216242876306
4.2 -61.44422823897099
4.3 -63.25888167360584
4.4 -65.07801383815811
4.5 -66.90147196717072
4.6 -68.72911242079223
4.7 -70.56079819421919
4.8 -72.39640038962787
4.9 -74.23579649745007
5.0 -76.07887034535221
