#mmax= 10
#m-states: all states (FBR)
#Nr. of sites: 12
 
0.0  0.0 
0.1  0.022975114329905132 
0.2  0.07702436716154619 
0.3  0.16000971272238934 
0.4  0.2881568330568996 
0.41  0.30510219013617357 
0.42  0.3230347168180971 
0.43  0.3420458636553363 
0.44  0.36209826634103626 
0.45  0.3832403858122028 
0.46  0.40548991538618706 
0.47  0.42859039649324016 
0.48  0.4525418321642629 
0.49  0.4770890661384484 
0.5  0.5018505027881953 
0.51  0.5265691204041953 
0.52  0.5508790248526889 
0.53  0.574245443662962 
0.54  0.5964471433640036 
0.55  0.6170768100486276 
0.56  0.6358811454339303 
0.57  0.6527678583450184 
0.58  0.6676336965845491 
0.59  0.6805358825875428 
0.6  0.6915525238817115 
0.7  0.7349391560107942 
0.8  0.7371704426067262 
0.9  0.7352760705938386 
1.0  0.7336115665074942 
1.1  0.7323940128838363 
1.2  0.7314891539321345 
1.3  0.7307894695362195 
1.4  0.7302286686593646 
1.5  0.7297648337731568 
1.6  0.7293749112575704 
1.7  0.7290392785587515 
1.8  0.7287474466456124 
1.9  0.7284901958421433 
2.0  0.7282612497074946 
2.1  0.7280558345872219 
2.2  0.727870236137448 
2.3  0.7277014973071924 
2.4  0.7275472805796024 
2.5  0.7274055881541663 
2.6  0.7272744427152421 
2.7  0.7271534359457886 
2.8  0.7270411128654942 
2.9  0.7269364665792936 
3.0  0.7268387051430795 
3.1  0.7267470648785609 
3.2  0.7266606204494012 
3.3  0.7265794285217864 
3.4  0.7265029968551205 
3.5  0.7264307347182453 
3.6  0.7263622890708713 
3.7  0.7262973329659501 
3.8  0.7262356189134626 
3.9  0.7261768700433671 
4.0  0.7261208741710479 
4.1  0.726067427330179 
4.2  0.7260163492920635 
4.3  0.7259674798671077 
4.4  0.7259206615136745 
4.5  0.7258757681593614 
4.6  0.7258326627784095 
4.7  0.7257912479366437 
4.8  0.7257514159752861 
4.9  0.7257130615228271 
5.0  0.7256761096564776 
