0.0  -0.0  0.0
0.1  0.006590182239107258  0.00025712525280044006
0.2  0.026722756112236568  0.0005202546607011189
0.3  0.06809543613383627  0.0008431226799166702
0.4  0.14587892189476495  0.0012605245012003623
0.41  0.1597765711898182  0.0013228504103092989
0.42  0.17286732295993357  0.0013799884274946844
0.43  0.18696402149901298  0.0014388135652475898
0.44  0.20461415479953657  0.0015191414321700512
0.45  0.2244091727329767  0.001598795113359275
0.46  0.2459277486855864  0.0016799358747384744
0.47  0.26186245663601804  0.0017444010859756884
0.48  0.28672482434667845  0.0018411508224887465
0.49  0.31223633393430433  0.001931599536725118
0.5  0.3366243318103291  0.0020205025198815002
0.51  0.36500962682853527  0.002124714461901396
0.52  0.3930694325564633  0.0022194677837871217
0.53  0.4235365147352407  0.0023257344256711167
0.54  0.45358919455488694  0.002425254583910903
0.55  0.479472255737767  0.0025101567865745632
0.56  0.5096502742894115  0.002610485832579721
0.57  0.5368172513586833  0.002700568619915426
0.58  0.5558292770940391  0.002768125463377351
0.59  0.5776904951638486  0.002842059284615147
0.6  0.5986525570861446  0.002910198421241739
0.7  0.6886262257096709  0.003200170516643407
0.8  0.7060035583429539  0.0032482493698380724
0.9  0.7048633641660355  0.0032414251786567106
1.0  0.702575203268846  0.003235924175401199
1.1  0.7077621594032979  0.003245935643348025
1.2  0.707930258997572  0.003246067838178569
1.3  0.7021311718319839  0.003230945903519782
1.4  0.7076778162605825  0.0032480875020777186
1.5  0.7067782172846863  0.003238641229748644
1.6  0.705167442771783  0.0032352903739678866
1.7  0.7056123600067561  0.0032406894264907986
1.8  0.7060368278639356  0.0032420294198821464
1.9  0.7052459283294928  0.003231020195077165
2.0  0.7051544343018944  0.003236191816144327
2.1  0.7084917455712966  0.003247054726513081
2.2  0.7079408863942377  0.003243930473859052
2.3  0.7042625250489595  0.003231235832394884
2.4  0.7061534125005711  0.0032381748253964386
2.5  0.6989013500430677  0.003211521706326415
2.6  0.702179910094933  0.003225447862825834
2.7  0.699153682938677  0.003214490527126228
2.8  0.7075230355889266  0.003244225058750969
2.9  0.7090219674955422  0.003244151397879705
3.0  0.7031525746226914  0.0032311081291911754
3.1  0.7045620717198527  0.003233674599554445
3.2  0.6974600452470011  0.0032118751191888206
3.3  0.7026359412837999  0.0032232757281796124
3.4  0.7031766418307401  0.0032250619851219744
3.5  0.7042284899837773  0.003229964367605358
3.6  0.7033976184487174  0.0032278256109923827
3.7  0.6978061206393794  0.0032097048487115705
3.8  0.704209837017971  0.003231365339326791
3.9  0.7045361235038096  0.003227173049321181
4.0  0.7112303374215226  0.003255078851277269
4.1  0.704445923408188  0.0032316845914842703
4.2  0.7040625640511549  0.0032330030908829135
4.3  0.7021245712514782  0.003223767944349633
4.4  0.7029648340065257  0.003226585283792958
4.5  0.7065580084958768  0.003236776961761882
4.6  0.7022049073950777  0.0032225658791599013
4.7  0.7040360408230878  0.0032314357225706304
4.8  0.7113517176171636  0.003248233444636035
4.9  0.7012673405296413  0.003218145278465384
5.0  0.7051261546076706  0.0032296244359181266
0.0  -0.0  0.0
0.1  0.00599795183056293  0.0002452760832689286
0.2  0.026290908543346477  0.0005160053787414057
0.3  0.06586943192658878  0.0008307343631516525
0.4  0.1482831170458428  0.0012743270013864342
0.41  0.15813784109522863  0.0013157799101070446
0.42  0.17474406394870604  0.0013908450819952944
0.43  0.18743576137506013  0.0014424987543446267
0.44  0.20473721460079294  0.001516100660455188
0.45  0.21989710644857252  0.0015793808199466319
0.46  0.23930583360977292  0.0016576280706898856
0.47  0.2649755198750446  0.0017537789788463838
0.48  0.2863328871387312  0.0018332113711505608
0.49  0.3131792655096697  0.0019338219768708477
0.5  0.33967884654402747  0.0020343393340494296
0.51  0.36290021001334133  0.002117245618150131
0.52  0.3971161722226564  0.0022330995001754498
0.53  0.4226212982769028  0.0023201353429475554
0.54  0.45425573599774755  0.002426002629225959
0.55  0.48426561600523926  0.0025290674653269934
0.56  0.5053107878878128  0.0025970848011694137
0.57  0.5325437078499499  0.0026860665749041334
0.58  0.560191091321786  0.002785115728737711
0.59  0.5800192398779107  0.0028494590840486556
0.6  0.6003585063201973  0.0029097483878114047
0.7  0.690964115565982  0.0032036443788088786
0.8  0.7083643619860549  0.0032483192264835953
0.9  0.6993044931290582  0.0032243662148732297
1.0  0.7034324508500973  0.0032294545224224097
1.1  0.7012220926028688  0.00323080125664674
1.2  0.7038753656736884  0.0032341438979357567
1.3  0.703262451728667  0.0032354554644746596
1.4  0.7026874646548794  0.0032321448030599594
1.5  0.7083610899658955  0.0032454221626085976
1.6  0.7112942600615355  0.0032563236930120065
1.7  0.7081639601191814  0.003245553897808323
1.8  0.7043376470692376  0.003232271258680536
1.9  0.7046169477522393  0.0032360492745588613
2.0  0.7074805405423322  0.003239191542211983
2.1  0.7049530442187076  0.003234895699435565
2.2  0.7055413402924305  0.003232587428928362
2.3  0.7021725543384262  0.0032270980917159238
2.4  0.7058509726378606  0.0032397842059436978
2.5  0.7062418636665679  0.003237857376600681
2.6  0.7043544337330135  0.0032292828199007545
2.7  0.7005459528893393  0.003220089813045456
2.8  0.703229356699379  0.0032326314522546015
2.9  0.7043768889599245  0.003230912894403032
3.0  0.7041562520506918  0.0032307702001487287
3.1  0.6987541322282459  0.0032122260271534994
3.2  0.7013013812366059  0.0032212837966747216
3.3  0.7046619051533947  0.003227765237007851
3.4  0.7020223499882506  0.0032243545477415986
3.5  0.6972044717719764  0.0032092678861295656
3.6  0.7090449423201584  0.003249389956265408
3.7  0.7065907334603684  0.003237377728717893
3.8  0.6994582449768829  0.003215415462987195
3.9  0.7064951493755419  0.0032325004796625993
4.0  0.7086512650292227  0.003243913509111427
4.1  0.7052467068680319  0.0032349865154860154
4.2  0.7034366095366128  0.003224090066067404
4.3  0.7050818381774135  0.003231527731493801
4.4  0.700221016572703  0.003219365991719444
4.5  0.7064769988228304  0.0032397517059842636
4.6  0.7046509768791762  0.003230840079007347
4.7  0.6986380827530276  0.0032135336727778345
4.8  0.7047210062059929  0.003232924218483528
4.9  0.7027792426066967  0.0032240140324057403
5.0  0.7063530021148039  0.0032327260025559568
