#mmax= 10
#m-states: all states (FBR)
#Nr. of sites: 12
 
0.0  -0.0 
0.1  0.006345490208589024 
0.2  0.02670090050918203 
0.3  0.06676753999171436 
0.4  0.147205916566306 
0.41  0.1595687912267336 
0.42  0.17311570210161478 
0.43  0.188008056057891 
0.44  0.2043343342059003 
0.45  0.22225606673118745 
0.46  0.24193153583892002 
0.47  0.2633016140509629 
0.48  0.28651785614562814 
0.49  0.31150325498286496 
0.5  0.33801947954220163 
0.51  0.36590390261304934 
0.52  0.3948145376965253 
0.53  0.4241317738158029 
0.54  0.45349604005562805 
0.55  0.48224169858855465 
0.56  0.5098073632499409 
0.57  0.5357946691242566 
0.58  0.5597680072705618 
0.59  0.581521707030234 
0.6  0.6009065560118619 
0.7  0.6913660286843863 
0.8  0.7044975252893144 
0.9  0.7058182917761184 
1.0  0.7056434321751093 
1.1  0.7053415049458854 
1.2  0.7050835883729989 
1.3  0.7048763627817655 
1.4  0.7047080280528748 
1.5  0.7045681125427686 
1.6  0.7044501055865191 
1.7  0.704348227322824 
1.8  0.7042595615000373 
1.9  0.7041812782574359 
2.0  0.7041115430725469 
2.1  0.7040489253312414 
2.2  0.7039923188838625 
2.3  0.7039408000875962 
2.4  0.7038937012251094 
2.5  0.7038503983410748 
2.6  0.7038103579183376 
2.7  0.7037732977667818 
2.8  0.70373892053559 
2.9  0.7037068574778724 
3.0  0.7036769021668444 
3.1  0.7036488240603134 
3.2  0.703622365887366 
3.3  0.7035974630027447 
3.4  0.7035740239095029 
3.5  0.7035518529361774 
3.6  0.7035308499221693 
3.7  0.7035109135243902 
3.8  0.703491959786651 
3.9  0.7034739142110364 
4.0  0.7034567061429957 
4.1  0.7034402790949594 
4.2  0.7034245729272832 
4.3  0.7034095443451964 
4.4  0.7033951392116354 
4.5  0.7033813255769157 
4.6  0.7033680566422206 
4.7  0.7033553045882057 
4.8  0.7033430369026417 
4.9  0.7033312205358702 
5.0  0.7033198339055445 
