#mmax= 10
#m-states: all states (FBR)
#Nr. of sites: 12

0.0  0.0 0.0 0.0 NaN NaN 0.0 
0.1  -0.00138 0.001073868003026852 0.11531924879248788 -0.11651030611165311 34.42845892080365 0.0 
0.2  -0.0004 0.002204551428402161 0.48600470004700075 0.013999651869965197 7.604111719550744 0.0 
0.3  0.00014 0.0033474336225112174 1.1205311857118572 0.015048519210150858 3.149510148627309 0.0 
0.4  -0.0099 0.004475222919162997 2.002762017620177 -0.01923530888643698 1.4880911034547637 0.0 
0.41  0.00222 0.004572587867017757 2.090855980159801 0.025321769563161605 1.4743565986073452 0.0 
0.42  -0.00128 0.0047093317354008875 2.2177805394053935 -0.006238441539792726 1.3402013589013109 0.0 
0.43  0.0003 0.004830469173312707 2.3333432434324344 0.0023062746433674215 1.23261808454071 0.0 
0.44  -0.00244 0.004957921567941827 2.458098627386274 -0.009322386470184761 1.1255202595336566 0.0 
0.45  0.00616 0.005057576132374415 2.5579076334763347 0.01230288803411713 0.9551894174208817 0.0 
0.46  0.0038 0.0051829069280898985 2.6862524225242264 0.00990699204009866 0.9286723306998592 0.0 
0.47  0.0023 0.005329224249955246 2.8400631106311054 -0.0035762114686968076 0.8878918881831326 0.0 
0.48  0.00422 0.005443722830672277 2.963411825718259 0.0016002772543094476 0.8313081038713661 0.0 
0.49  0.00178 0.0055717751895412665 3.1044678762787616 0.0036239303355830275 0.8060174446255091 0.0 
0.5  0.00658 0.005685937946803793 3.2329890334903335 0.0056874569239674586 0.7337328928384368 0.0 
0.51  0.0036 0.00579932812678048 3.3632206722067193 0.0022824434829312977 0.6572466426313497 0.0 
0.52  0.00342 0.005956696891598448 3.548223785837861 0.003997183602839983 0.6004861671007959 0.0 
0.53  -0.0038 0.006087448247850793 3.7057026170261693 -0.009128177974605361 0.581273107597116 0.0 
0.54  -0.00296 0.006186848564087497 3.827709515495153 0.01064945464278344 0.5135040085367488 0.0 
0.55  -0.00194 0.0062904974419818885 3.9570358067580687 0.0028546266053665094 0.46221937204494656 0.0 
0.56  0.00828 0.006396477434122289 4.091492356523566 0.010165373008429162 0.4146772028076602 0.0 
0.57  -0.00044 0.006486818854584159 4.207881885218853 -0.0007282181396587276 0.4031554541679969 0.0 
0.58  -0.00288 0.006597238232133421 4.35235522915229 0.011172397159304442 0.35404508379694866 0.0 
0.59  -0.00598 0.006694153457525837 4.481169051290513 -0.015805326764795787 0.31702581996441603 0.0 
0.6  0.00852 0.0067980391459127616 4.6213336229362305 0.009949129500019584 0.2980126528131679 0.0 
0.7  -2.0e-5 0.007548891961983464 5.698576985369854 0.006053099707891477 0.15831846165523977 0.0 
0.8  0.00624 0.008075410995523849 6.521226274662748 0.0014606321461160103 0.1337126900975929 0.0 
0.9  -0.00484 0.008456174123846324 7.150688081280815 -0.008058746367717732 0.057279563335370653 0.0 
1.0  -0.00658 0.00877113084860576 7.693273636336361 -0.008378166566145805 0.038704720155065875 0.0 
1.1  -0.00162 0.009168533927305047 8.40620143761437 -0.0021937476790303686 0.06338685395805843 0.0 
1.2  -0.00608 0.009392960801213117 8.822771261312615 -0.00632656377636258 0.056163645024919884 0.0 
1.3  -0.00314 0.009629518611035903 9.272762868028684 0.016979179792422458 0.06324826646595039 0.0 
1.4  0.00162 0.009852134002410034 9.706454440144396 -0.003171042345864806 0.0411341606093667 0.0 
1.5  -0.00892 0.010067860644356353 10.136181795417953 -0.0010448498215951038 0.06020138900794958 0.0 
1.6  -0.00122 0.010281587534346156 10.571104222642226 -0.015314426162535456 0.022772611048526237 0.0 
1.7  0.00948 0.010521948888399149 11.07114084100841 -0.0025795105819850905 0.05304977262369315 0.0 
1.8  0.0029 0.01062309956662574 11.285024440244397 -0.008285504809997808 0.03718927347730849 0.0 
1.9  0.00802 0.010819137088200394 11.705372733327332 -0.0003702879306257618 0.04697456679254586 0.0 
2.0  -0.01668 0.010940640509227398 11.969761475214753 0.0015050265040032922 0.029952498610191114 0.0 
2.1  -0.00362 0.011148735887943484 12.429431189911897 0.0024761027273365412 0.013903919504151485 0.0 
2.2  0.00484 0.01132025826677432 12.81482472264723 -0.0009345144142533551 0.021263180124962755 0.0 
2.3  -0.00714 0.011499304872214032 13.22340125441254 0.0040187874815866284 0.043182695984461894 0.0 
2.4  -0.00956 0.011636719477430139 13.541324019640196 -0.0017683924320380522 0.007104119539686149 0.0 
2.5  0.01908 0.011738762180118278 13.779853752137523 0.006791599337611069 0.02975466138626226 0.0 
2.6  0.0027 0.011871720030280569 14.093773647736484 -0.009546821518388376 0.02133464042000588 0.0 
2.7  0.01596 0.012033274732216822 14.479970078100783 -0.008514432799794207 0.03579475502969087 0.0 
2.8  -0.01046 0.01213368773900917 14.722637814778144 0.012314964297527596 0.022035601364374102 0.0 
2.9  -0.03544 0.012254866049101427 15.018174188141883 0.0057670748527120725 0.0317369658429949 0.0 
3.0  -0.00084 0.012368828676282495 15.29879228232282 -0.006863956117697764 0.009908475175114617 0.0 
3.1  0.00342 0.012510773286671065 15.65194482304823 0.00016234277776385953 0.006829550009154417 0.0 
3.2  0.00736 0.012569687278305007 15.799703827438275 -0.012744601745312714 0.05694303704674564 0.0 
3.3  0.02058 0.012720415980848554 16.180898272582727 -0.004334587932697306 0.04606516613952927 0.0 
3.4  -0.01272 0.012788339119376458 16.354161743217425 -0.005347934624853135 -0.001013573670668233 0.0 
3.5  -0.01338 0.012864348590995452 16.549146467064666 0.012843925306453398 0.011324356278763048 0.0 
3.6  0.01366 0.013042064062039796 17.009543499834997 0.019587429081934397 0.03571619648468216 0.0 
3.7  -0.01852 0.013103705093097589 17.17070871668717 0.0008241920621379726 0.038421214328699715 0.0 
3.8  -0.01124 0.013237752415153037 17.52380890048901 0.004209852171546233 0.014363108634687372 0.0 
3.9  0.00128 0.013319855772551669 17.741855780157803 -0.006379917881668843 0.015416136558256355 0.0 
4.0  -0.01282 0.013434007637395924 18.0472561201612 -0.005595961713367747 0.034740838209337266 0.0 
4.1  -0.00278 0.013534361991078304 18.31789545055451 0.005694632818882552 0.03352045666404857 0.0 
4.2  0.00956 0.013586704237942346 18.45985320493205 0.00019184912183105315 -0.005303448106704245 0.0 
4.3  -0.016 0.013622925377500913 18.55840958409584 0.006517266591394275 0.012666055852880831 0.0 
4.4  0.0113 0.013774012499420906 18.972342033420336 0.001441999281699911 0.04012881543321223 0.0 
4.5  -0.0134 0.013883491344518465 19.275133191331914 0.009470390916791107 0.028092025593574377 0.0 
4.6  0.00874 0.013941046576631057 19.43527796517965 0.00795064408961033 0.019943563544920995 0.0 
4.7  0.01876 0.014019702070460036 19.65520461444614 -0.005454658033710233 0.0260111681316908 0.0 
4.8  0.00038 0.014129090376522784 19.963119486794874 0.0010965106291042851 0.0015450401235992395 0.0 
4.9  0.0032 0.014222416122839459 20.22771203712038 -0.0012709686421139765 0.026032623583717385 0.0 
5.0  -0.01478 0.014240261351760146 20.27850433664337 -0.0074586722832179556 0.02544798484719335 0.0 
