#mmax= 10
#m-states: all states (FBR)
#Nr. of sites: 12
 
0.0  -1.3403059798855228e-61 
0.1  0.0024809384038520523 
0.2  0.00969040980496929 
0.3  0.020900118547628715 
0.4  0.03469723928883777 
0.41  0.036132416105079224 
0.42  0.037564406927140935 
0.43  0.03898891508168762 
0.44  0.0404018534308258 
0.45  0.04179847493774292 
0.46  0.043173306562888245 
0.47  0.04452189069677363 
0.48  0.04583859965004626 
0.49  0.047118348200289775 
0.5  0.04835775639367381 
0.51  0.049552020380613744 
0.52  0.05069904343296059 
0.53  0.05179739450961744 
0.54  0.052846674567135384 
0.55  0.05384838170584506 
0.56  0.054804818087235224 
0.57  0.05571937507157387 
0.58  0.056596038970676665 
0.59  0.057438967276143484 
0.6  0.05825246036520861 
0.7  0.06544720821396513 
0.8  0.07179122717424793 
0.9  0.07756761360800946 
1.0  0.0828769828183541 
1.1  0.08781243403696998 
1.2  0.09244634130147125 
1.3  0.0968351395103518 
1.4  0.1010170393975799 
1.5  0.10502482614435092 
1.6  0.10887936679039112 
1.7  0.11260101171799008 
1.8  0.11620356883577006 
1.9  0.11969841397746527 
2.0  0.12309612758533 
2.1  0.12640484129353674 
2.2  0.12963128642706864 
2.3  0.13278189483290864 
2.4  0.135862189223355 
2.5  0.13887883851043592 
2.6  0.14183154695072842 
2.7  0.14472693282644206 
2.8  0.14756734839663885 
2.9  0.1503561260968647 
3.0  0.15309704086879747 
3.1  0.15579198159523897 
3.2  0.1584422753593475 
3.3  0.16104893308717927 
3.4  0.16361785587162936 
3.5  0.1661498818654941 
3.6  0.16864417220280525 
3.7  0.171105241104342 
3.8  0.17353182249839108 
3.9  0.1759263979933184 
4.0  0.1782899497343512 
4.1  0.1806242588945498 
4.2  0.1829298943155841 
4.3  0.18520810572563667 
4.4  0.18745962771452487 
4.5  0.18968546501119385 
4.6  0.19188599225594888 
4.7  0.19406396558246392 
4.8  0.19621855251996054 
4.9  0.19834972974272616 
5.0  0.20045926920939988 
