#mmax= 10
#m-states: all states (FBR)
#Nr. of sites: 12
 
0.0  2.3729228205251135e-14 
0.1  7.762822448461735e-10 
0.2  5.867268071723964e-9 
0.3  2.0481483043780344e-6 
0.4  2.841262089466108e-6 
0.41  2.1080900407347384e-5 
0.42  1.2959919655100586e-6 
0.43  7.045986197844173e-7 
0.44  1.8363074860445043e-6 
0.45  -1.6427878805048255e-8 
0.46  -3.07369373098621e-7 
0.47  2.266202661081007e-5 
0.48  5.684989000165757e-6 
0.49  2.1661032318009134e-5 
0.5  6.128827226488819e-6 
0.51  1.8564392066261137e-5 
0.52  8.880286651488412e-6 
0.53  2.883948832999702e-6 
0.54  7.341740681001934e-6 
0.55  1.3615539730975145e-6 
0.56  1.3310616394670206e-6 
0.57  1.0124050098251875e-5 
0.58  6.028243030512395e-5 
0.59  4.188828247746224e-5 
0.6  2.6132466231770787e-5 
0.7  -2.1232281421562336e-5 
0.8  -2.889925834745641e-5 
0.9  -0.00016603520261278612 
1.0  0.0001234882732261714 
1.1  0.0006222746303112023 
1.2  0.0006239673442819805 
1.3  0.0009210403342225137 
1.4  -0.002759346713985933 
1.5  -0.002559345760902 
1.6  -0.0013117614551573728 
1.7  -0.003374724758672989 
1.8  -0.0028177825777318 
1.9  -0.0027833255251474274 
2.0  -0.0026807476635756443 
2.1  -0.0025507681680382133 
2.2  -0.002189188153182802 
2.3  -0.0024550874950534213 
2.4  -0.002392282155924957 
2.5  -0.002585159930148918 
2.6  -0.0026571934418644252 
2.7  -0.003487856873707561 
2.8  -0.003587756357590014 
2.9  -0.004070604316458303 
3.0  -0.004381779109588654 
3.1  -0.004453534763842532 
3.2  -0.004557984277365572 
3.3  -0.004661008692454881 
3.4  -0.0046454601104517846 
3.5  -0.0046957798047773626 
3.6  -0.00467058996021065 
3.7  -0.004626555041890002 
3.8  -0.00466471205998352 
3.9  -0.004642989043112957 
4.0  -0.004680271025438377 
4.1  -0.004662512980133956 
4.2  -0.0047006051308818506 
4.3  -0.004674287774997017 
4.4  -0.004716988105485251 
4.5  -0.004692187420354978 
4.6  -0.004702860505686864 
4.7  -0.0047121159603733635 
4.8  -0.004724379602795279 
4.9  -0.004733745795222405 
5.0  -0.004738527327584752 
