#mmax= 10
#m-states: all states (FBR)
#Nr. of sites: 12

0.0  -0.0  0.0
0.1  -0.0  4.439526300498618e-20
0.2  0.00036945831988399107  6.074004048007492e-5
0.3  0.0040155584338556856  0.00020008766568960028
0.4  0.016629865526074997  0.0004232356098353297
0.41  0.018525825628068943  0.0004323674218268913
0.42  0.020874041141752717  0.00045636997658327576
0.43  0.023327623222936383  0.00048311307458123606
0.44  0.0258816330492026  0.0005154574521135723
0.45  0.029389373478159807  0.0005480843473275481
0.46  0.031377836508061634  0.0005695923811294207
0.47  0.03574532188555437  0.0006122752630913214
0.48  0.03890894756931733  0.0006367381416329118
0.49  0.04332493308397169  0.000666878023088092
0.5  0.04730143917218166  0.0007042060511409137
0.51  0.05001756308523625  0.0007160891020235594
0.52  0.055641924684440715  0.0007621227939959758
0.53  0.06098139009687956  0.0007924462415482689
0.54  0.06564930151854155  0.0008205398628909186
0.55  0.06815957422065541  0.000854518872711964
0.56  0.07400559006705199  0.0008776410141956513
0.57  0.07710342869499286  0.0009041886058650447
0.58  0.08056133129004446  0.0009225012287810306
0.59  0.0851853145705272  0.0009548531641573291
0.6  0.09074203838090676  0.000981230538072272
0.7  0.12502845488380396  0.0011459877095367035
0.8  0.1455645161590144  0.0012514032534676352
0.9  0.16314364833190959  0.0013474279620440401
1.0  0.17754347313779342  0.001403056282733702
1.1  0.19010243253094922  0.0014615835452451913
1.2  0.1940007947891835  0.001518999459228965
1.3  0.19960727892061852  0.0015760005614656053
1.4  0.20003998343457224  0.0016597908148796264
1.5  0.20383932137002683  0.0017007974894843157
1.6  0.2046465390250198  0.0017395628321913354
1.7  0.20350617293890808  0.0017383241215545321
1.8  0.20041127520399957  0.0018178497849526338
1.9  0.20636150267326245  0.0018372511239227614
2.0  0.20629719977823074  0.0018681270157520067
2.1  0.20500254604156667  0.0018617059646291647
2.2  0.20341357414368108  0.001917796466225423
2.3  0.2061777223602073  0.001923389727593644
2.4  0.19741879606372312  0.001964622828512943
2.5  0.19735997606212025  0.0019411087781600967
2.6  0.19557272272508258  0.0019836642323471207
2.7  0.19624096702603624  0.0019594312141183842
2.8  0.19053771651146414  0.001984151865359651
2.9  0.19130032685980441  0.001997532526628631
3.0  0.18627125798394606  0.0019968596968272232
3.1  0.1874271805270509  0.0019950425975205095
3.2  0.1800024649069288  0.0020054575005704106
3.3  0.18177214250323864  0.001974074755157208
3.4  0.17966108617952511  0.0019659481190988943
3.5  0.17633553592627402  0.0019971424528674913
3.6  0.17793994505068564  0.001985774388817389
3.7  0.17383135630179236  0.0019817870679231303
3.8  0.17525000129285692  0.0019669004335062736
3.9  0.1723895533865654  0.001944552711060914
4.0  0.17031948357929064  0.0019765615168709557
4.1  0.16816414007415487  0.001944716332983371
4.2  0.16985826738117768  0.0019316732991516293
4.3  0.16547832487894343  0.0019420950866018305
4.4  0.16830291075564863  0.001938351388299536
4.5  0.16211984950043573  0.001950978976886062
4.6  0.16246204324248903  0.0018995780725677234
4.7  0.16097741750335715  0.0019211029225487664
4.8  0.1559424232019897  0.0019295706476800743
4.9  0.15385754987588213  0.0019189347673945756
5.0  0.15940791339885685  0.0018992626060629235
