#mmax= 10
#m-states: all states (FBR)
#Nr. of sites: 12

0.0  1.0  0.0
0.1  1.0  4.439526300498618e-20
0.2  0.9996306099214367  6.071760371175005e-5
0.3  0.9959924931401182  0.00019928581299677147
0.4  0.9835076473588351  0.00041625545890762694
0.41  0.9816447226729247  0.00042443119789206614
0.42  0.9793423136405018  0.0004469424287431269
0.43  0.9769423623311612  0.00047197362835446323
0.44  0.9744504255082059  0.0005022877335434462
0.45  0.9710382942885905  0.0005322108897552177
0.46  0.9691093390035024  0.0005519972959777639
0.47  0.9648859975405806  0.000590775827997291
0.48  0.9618382828729851  0.0006124391207879354
0.49  0.9576001835282729  0.0006386025173001287
0.5  0.9537998416175472  0.0006716716200443219
0.51  0.9512127181239605  0.0006811530611547759
0.52  0.9458777707396259  0.0007208750094147687
0.53  0.9408407485682734  0.0007455657150983882
0.54  0.9364592215380008  0.0007684021212437275
0.55  0.9341114015845932  0.0007982158218694592
0.56  0.9286665025187593  0.0008150358111200923
0.57  0.92579409497941  0.0008370924720575235
0.58  0.9225983177035142  0.0008510980817528035
0.59  0.9183420864625156  0.0008768818470375765
0.6  0.9132532648068576  0.0008961119924226921
0.7  0.8824717915950419  0.0010113018271807532
0.8  0.8645341118544408  0.0010818808003083998
0.9  0.8494691548227402  0.001144598492102078
1.0  0.8373245974169055  0.001174813537093257
1.1  0.8268744307645355  0.0012085460619894292
1.2  0.8236572496344438  0.0012511349167847368
1.3  0.8190523490476783  0.0012908269619688639
1.4  0.8186980180649174  0.0013588674505443043
1.5  0.8155934090911032  0.0013871592226221028
1.6  0.8149353133409777  0.0014176311817281646
1.7  0.8158651680212898  0.0014182381015075494
1.8  0.8183940986540428  0.0014877175362447562
1.9  0.8135389266214029  0.0014946753072900894
2.0  0.8135912412115774  0.0015198917774865552
2.1  0.8146452422881252  0.0015166299066245736
2.2  0.8159407196508572  0.0015648082287958425
2.3  0.813688452799583  0.0015650400115762835
2.4  0.8208467939121795  0.0016126543500315266
2.5  0.8208950775419208  0.0015934466409650357
2.6  0.822363536872146  0.0016312931340797486
2.7  0.8218141806978284  0.001610288357864451
2.8  0.826514583894397  0.0016399304533810239
2.9  0.8258845155985023  0.0016497311831469392
3.0  0.8300484071838091  0.0016574902107209806
3.1  0.8290894898419353  0.0016540688493912087
3.2  0.8352681525504779  0.001675094781519946
3.3  0.8337913043719932  0.0016459663650303519
3.4  0.8355533440058148  0.001642654525055023
3.5  0.838336644077599  0.001674277701681837
3.6  0.8369926875328769  0.0016620786425302224
3.7  0.8404386203848314  0.0016655703892618158
3.8  0.8392471816598345  0.0016507156454256468
3.9  0.8416512412078245  0.0016366352028584583
4.0  0.8433953225928026  0.0016670227381458988
4.1  0.8452150896306697  0.0016437035896887673
4.2  0.843784399894475  0.0016299157955168382
4.3  0.8474882324158761  0.0016459027321277433
4.4  0.8450978066945776  0.0016380965068553274
4.5  0.8503392856943023  0.0016589940696098947
4.6  0.8500483546923386  0.0016147332151958372
4.7  0.851311295624557  0.0016354566180231133
4.8  0.8556084521478624  0.0016509569551714967
4.9  0.8573941482155645  0.0016452834403715044
5.0  0.8526484812819405  0.001619403376615132
