#mmax= 10
#m-states: all states (FBR)
#Nr. of sites: 12
 
0.0  -5.620377096989913e-30 
0.1  0.5547302573068931 
0.2  1.1398817754472468 
0.3  1.7974562935105836 
0.4  2.6018585020771074 
0.41  2.6950395742598983 
0.42  2.791100369040925 
0.43  2.8902799688247818 
0.44  2.9925140842170737 
0.45  3.097977898861537 
0.46  3.20676510886279 
0.47  3.3184313194309922 
0.48  3.4330944634357428 
0.49  3.55036080500218 
0.5  3.6695229362811848 
0.51  3.7901644439233624 
0.52  3.911599832180457 
0.53  4.032623077542937 
0.54  4.152737050561356 
0.55  4.270825111413026 
0.56  4.386040342075791 
0.57  4.497845795704661 
0.58  4.605548861839813 
0.59  4.7088578377322525 
0.6  4.8074799990036015 
0.7  5.557850094321607 
0.8  6.034010013614651 
0.9  6.3793411182411806 
1.0  6.650895986935954 
1.1  6.874178789369709 
1.2  7.063224368803121 
1.3  7.226590462085962 
1.4  7.370027465803621 
1.5  7.4974410825918945 
1.6  7.61184291010808 
1.7  7.715341007005792 
1.8  7.809655651879865 
1.9  7.896115352878814 
2.0  7.975780354376577 
2.1  8.04950249211452 
2.2  8.118022781927847 
2.3  8.181918725785014 
2.4  8.24170387163372 
2.5  8.297777031567872 
2.6  8.350563725786175 
2.7  8.400344752279521 
2.8  8.447420098127608 
2.9  8.49201263168646 
3.0  8.534326916099197 
3.1  8.57455770174848 
3.2  8.61287815292197 
3.3  8.649447757797821 
3.4  8.684348522337515 
3.5  8.717751854349482 
3.6  8.749736745180739 
3.7  8.780412174403853 
3.8  8.809868306176242 
3.9  8.838176124638087 
4.0  8.86541316527233 
4.1  8.891643773900144 
4.2  8.916926771227667 
4.3  8.941319096659752 
4.4  8.964872183925772 
4.5  8.987633478849727 
4.6  9.009646801138764 
4.7  9.030951068265137 
4.8  9.051584268978592 
4.9  9.071581901532916 
5.0  9.090974840731018 
