#mmax= 10
#m-states: all states (FBR)
#Nr. of sites: 12
 
0.0  0.0 
0.1  -0.27171748235451126 
0.2  -0.523108048253043 
0.3  -0.7304147962493828 
0.4  -0.8606941755121046 
0.41  -0.8677083356215087 
0.42  -0.8734020153063814 
0.43  -0.8776897819856396 
0.44  -0.8805594379076905 
0.45  -0.8819389232232969 
0.46  -0.8817631275228522 
0.47  -0.8800953692976082 
0.48  -0.8768656324708644 
0.49  -0.8721192753446122 
0.5  -0.8659837769859682 
0.51  -0.8585141575862557 
0.52  -0.8498488582067272 
0.53  -0.8402371682760247 
0.54  -0.8298050510325645 
0.55  -0.8188156579688701 
0.56  -0.8074932704218907 
0.57  -0.7960093535830377 
0.58  -0.784573934171869 
0.59  -0.7733177162949867 
0.6  -0.7623717806414582 
0.7  -0.6777057942237924 
0.8  -0.6263631915798511 
0.9  -0.5899158341797834 
1.0  -0.5609596997397093 
1.1  -0.5367021934663914 
1.2  -0.5157518276826948 
1.3  -0.49733368741794215 
1.4  -0.4808985128520358 
1.5  -0.4661162079021518 
1.6  -0.45267244891017466 
1.7  -0.4403925097108168 
1.8  -0.4290986450596557 
1.9  -0.4186573714176751 
2.0  -0.40896643135777977 
2.1  -0.3999414391491717 
2.2  -0.39149970259547073 
2.3  -0.38358557864497583 
2.4  -0.37614349613115056 
2.5  -0.369142761323159 
2.6  -0.3625118083849614 
2.7  -0.35623605131505653 
2.8  -0.3502752178519876 
2.9  -0.3446086439141526 
3.0  -0.3392177889703139 
3.1  -0.3340775671876344 
3.2  -0.32916469336373283 
3.3  -0.3244561778096872 
3.4  -0.31996195206189026 
3.5  -0.31564931583201256 
3.6  -0.3115090106021594 
3.7  -0.307532403292056 
3.8  -0.30370272472850696 
3.9  -0.3000157579614411 
4.0  -0.29646084574257875 
4.1  -0.29303176935842423 
4.2  -0.2897210966811422 
4.3  -0.28652216235730554 
4.4  -0.2834281124874885 
4.5  -0.2804335020351331 
4.6  -0.2775321654300423 
4.7  -0.2747226175059794 
4.8  -0.27199766597033603 
4.9  -0.26935161644366196 
5.0  -0.2667826614454363 
