#mmax= 3
#m-states: all states (FBR)
#Nr. of sites: 10
 
0.0  5.000000000000004 0.050000000000001044 
0.1  4.565801152987142 0.04146309767851697 
0.2  4.168784438245305 0.03395559427274453 
0.3  3.8132416612683495 0.02765610773189875 
0.4  3.4974751637927017 0.022850709628820742 
0.41  3.467974481044998 0.02247058670640434 
0.42  3.4388283908750448 0.02210500366532464 
0.43  3.4100488067372554 0.02176883130327323 
0.44  3.3816344019010085 0.021462797327308603 
0.45  3.353562676425655 0.02116095790724626 
0.46  3.3258617630614533 0.020887686960009977 
0.47  3.2985460585134945 0.020653939601340987 
0.48  3.2716173422660564 0.020446757540607652 
0.49  3.2450857436714036 0.020265982801596194 
0.5  3.2189689380922295 0.020111604234302027 
0.51  3.193288424126796 0.0199829505872946 
0.52  3.1680646074969223 0.019878777771988432 
0.53  3.1433280311246303 0.019798148459278853 
0.54  3.1190984378535838 0.019739175381626173 
0.55  3.095398703047684 0.019699720052329783 
0.56  3.0722487496586885 0.019677389964093295 
0.57  3.0496621842889975 0.019669722952679214 
0.58  3.027646327815626 0.019674643378824297 
0.59  3.006221074642106 0.019688117123257243 
0.6  2.985378604690327 0.019708469192010636 
0.7  2.8060810707906407 0.019939804516703963 
0.8  2.666041720331422 0.019906403288082797 
0.9  2.5504470764254714 0.019714667981300615 
1.0  2.451620209818842 0.019477317158948182 
1.1  2.3653258576508285 0.01923072405888171 
1.2  2.2888783467107885 0.01899026655727043 
1.3  2.2204279462828596 0.018764531634904325 
1.4  2.1586160913208055 0.01854934483298487 
1.5  2.1024164705730906 0.018344349728329434 
1.6  2.0510500088343875 0.018181613500439564 
1.7  2.003846469212979 0.018020719523089923 
1.8  1.9603074577690602 0.01789379035920302 
1.9  1.919973573743111 0.017761894986658477 
2.0  1.882492407036985 0.017633033882036298 
2.1  1.8475695346557266 0.017524048346970744 
2.2  1.814944830154114 0.01742810485620827 
2.3  1.784390584923236 0.017342642870862957 
2.4  1.7557103735721518 0.017266029133570115 
2.5  1.7287363344269675 0.017197850197452125 
2.6  1.7033192055227917 0.01713729739918146 
2.7  1.6793290452331484 0.017086778449034834 
2.8  1.6566462741840435 0.017039850646362265 
2.9  1.635168199292187 0.01699893071544878 
3.0  1.6148018068095324 0.016963470422076687 
