#mmax= 3
#m-states: all states (FBR)
#Nr. of sites: 10
 
0.0  5.000000000000012 0.05000000000000071 
0.1  6.066727841526582 0.07172901438316515 
0.2  7.646005323849883 0.10601240717733806 
0.3  10.266231470045016 0.1670086236018098 
0.4  15.220509942807082 0.27856075438877015 
0.41  15.932981959366067 0.293086500115493 
0.42  16.696203542144794 0.30814463854009877 
0.43  17.51286395110638 0.3236600308778611 
0.44  18.384939057273737 0.33957770303134605 
0.45  19.31379021906583 0.3557889615713762 
0.46  20.299924674813493 0.3721923291311132 
0.47  21.34283076269914 0.3886680430980831 
0.48  22.440532321173407 0.40509223702147545 
0.49  23.5899171444428 0.42133062747765715 
0.5  24.786153815319096 0.4372509092903193 
0.51  26.02287127288344 0.452726163009752 
0.52  27.292373937496983 0.4676412415227331 
0.53  28.58533136737517 0.48189090722778694 
0.54  29.892232273037774 0.4953966878259304 
0.55  31.202687572664033 0.5080955611728633 
0.56  32.506255102355986 0.5199459442685037 
0.57  33.793965377472205 0.5309374516703169 
0.58  35.054787066120525 0.5410505246673402 
0.59  36.28307950436397 0.5503234027928355 
0.6  37.47188396346712 0.5587816077148372 
0.7  46.755754942372036 0.6096291673342578 
0.8  52.33710978230992 0.6290702205652562 
0.9  56.0631690612299 0.6382973662398473 
1.0  58.839185585861486 0.6436684403244738 
1.1  61.04971414157192 0.6472351487058161 
1.2  62.88221671404026 0.6498062951312513 
1.3  64.4420031884642 0.6517627869016678 
1.4  65.79475012899519 0.6533092852916382 
1.5  66.98445422750291 0.6545667950682312 
1.6  68.0422431005368 0.6556122565500077 
1.7  68.99091237627769 0.6564962377376977 
1.8  69.8480385719534 0.6572549081694554 
1.9  70.62705594041248 0.6579135297695331 
2.0  71.3386892557963 0.6584911105774288 
2.1  71.9917102126571 0.6590020801447727 
2.2  72.59308490327966 0.6594573468624831 
2.3  73.14895063515927 0.6598657620169731 
2.4  73.66426554614532 0.6602342132621879 
2.5  74.14329162698444 0.6605683040421098 
2.6  74.58968533265185 0.6608726162056697 
2.7  75.00660853870531 0.6611509651863736 
2.8  75.3968157302256 0.6614064781138718 
2.9  75.76271382649261 0.6616418337955747 
3.0  76.10642453461779 0.6618592929385382 
