#mmax= 3
#m-states: all states (FBR)
#Nr. of sites: 10
 
0.0  8.186802431371493e-33 
0.1  0.025712521668414673 
0.2  0.0559172621269017 
0.3  0.09633803826162761 
0.4  0.15580263564237112 
0.41  0.16327293459306266 
0.42  0.17107335314947422 
0.43  0.17921379780786686 
0.44  0.18770123977071906 
0.45  0.19653818407821286 
0.46  0.20572155742930467 
0.47  0.2152434436021981 
0.48  0.22508644880376305 
0.49  0.23522652478907455 
0.5  0.2456292112971156 
0.51  0.25625094112009295 
0.52  0.26704027500788935 
0.53  0.2779370086861385 
0.54  0.2888787158451561 
0.55  0.29979823433044106 
0.56  0.31062809682479153 
0.57  0.3213102414964993 
0.58  0.3317735906673545 
0.59  0.34198131582564517 
0.6  0.3518881034015473 
0.7  0.43155926579628173 
0.8  0.4830511085925359 
0.9  0.5194600124360803 
1.0  0.5475901427484631 
1.1  0.5705179794054308 
1.2  0.5898270785054728 
1.3  0.606447583098919 
1.4  0.6209806166532509 
1.5  0.6338407953400855 
1.6  0.645329084562579 
1.7  0.6556694119322488 
1.8  0.6650380685428496 
1.9  0.6735714870898645 
2.0  0.6813800579522621 
2.1  0.688554970510758 
2.2  0.6951694650419742 
2.3  0.701288218526657 
2.4  0.706964072015976 
2.5  0.7122426291402079 
2.6  0.7171632124011845 
2.7  0.7217600011431501 
2.8  0.7260628548969287 
2.9  0.7300979468577642 
3.0  0.7338884344383932 
