#mmax= 3
#m-states: all states (FBR)
#Nr. of sites: 10
 
0.0 7.979079853535824e-29
0.1 -0.056370276322027735
0.2 -0.22700549988869767
0.3 -0.5171574346544041
0.4 -0.9382722320760326
0.41 -0.98832307208923
0.42 -1.03992217844233
0.43 -1.0930994934152558
0.44 -1.1478854718729643
0.45 -1.2043107226369365
0.46 -1.262404904387557
0.47 -1.3221965193834588
0.48 -1.3837116862144434
0.49 -1.4469731733728022
0.5 -1.5119995056656865
0.51 -1.5788035422383704
0.52 -1.6473917084690566
0.53 -1.717762232313392
0.54 -1.7899060803506543
0.55 -1.8638054662479586
0.56 -1.939434211371422
0.57 -2.016758167639834
0.58 -2.09573616201739
0.59 -2.1763203172586856
0.6 -2.258458340236775
0.7 -3.1526202199970115
0.8 -4.144502214704943
0.9 -5.202150458976785
1.0 -6.308645801358422
1.1 -7.4539524481518455
1.2 -8.631373489430327
1.3 -9.836076360517888
1.4 -11.064389487666382
1.5 -12.313423038360442
1.6 -13.580836942631603
1.7 -14.86469914865916
1.8 -16.163385595164
1.9 -17.475514016831458
2.0 -18.79989268635324
2.1 -20.135485469428975
2.2 -21.481383425085358
2.3 -22.836783948742767
2.4 -24.20097352536198
2.5 -25.573314556571923
2.6 -26.953234736101013
2.7 -28.340217592504008
2.8 -29.733795944217334
2.9 -31.133545179598467
3.0 -32.539078409844194
