#mmax= 3
#m-states: all states (FBR)
#Nr. of sites: 10
 
0.0  -0.0 
0.1  0.006346117628293901 
0.2  0.026702546156773692 
0.3  0.06672417003608197 
0.4  0.1453302236496391 
0.41  0.15699063355909526 
0.42  0.16962157309708994 
0.43  0.18330222896659054 
0.44  0.19810927358521366 
0.45  0.2141086598725881 
0.46  0.23135065689264345 
0.47  0.24986687407455446 
0.48  0.2696535211456043 
0.49  0.2906734706960233 
0.5  0.3128405573830794 
0.51  0.33601729012698744 
0.52  0.3600159873665212 
0.53  0.38459129401316744 
0.54  0.40946978015281504 
0.55  0.43433921549714966 
0.56  0.45887449868633323 
0.57  0.48277898554255344 
0.58  0.5057099825054256 
0.59  0.5274667244231964 
0.6  0.5478346988663663 
0.7  0.6685515883550108 
0.8  0.6982887839053268 
0.9  0.7041943111788594 
1.0  0.705204353089241 
1.1  0.7052212863536814 
1.2  0.7050535765235466 
1.3  0.7048729209834049 
1.4  0.7047126291886375 
1.5  0.7045758366870947 
1.6  0.7044586337108065 
1.7  0.7043578870159302 
1.8  0.7042701379974317 
1.9  0.7041931804173581 
2.0  0.7041250612500081 
2.1  0.7040643427877807 
2.2  0.7040097872846584 
2.3  0.7039607171859075 
2.4  0.7039162538619089 
2.5  0.7038758044110875 
2.6  0.7038389548411811 
2.7  0.7038052334981544 
2.8  0.7037742997680334 
2.9  0.7037458510890358 
3.0  0.7037196306176671 
