#mmax= 3
#m-states: all states (FBR)
#Nr. of sites: 10
 
0.0  0.0 
0.1  0.02297720760510967 
0.2  0.07702900589365319 
0.3  0.1599316542724272 
0.4  0.2854247700262029 
0.41  0.30146002333608507 
0.42  0.3182566773024982 
0.43  0.3358267911342487 
0.44  0.3541683068434603 
0.45  0.37325599851914876 
0.46  0.3930403006705102 
0.47  0.4134455816251243 
0.48  0.4343597902892799 
0.49  0.45564325389140564 
0.5  0.477121469013274 
0.51  0.4985936280718861 
0.52  0.5198399466690434 
0.53  0.540624297892513 
0.54  0.5607277422137226 
0.55  0.5799373896617115 
0.56  0.59806759417703 
0.57  0.6149858455762348 
0.58  0.6305500292827064 
0.59  0.6447365903933719 
0.6  0.657516654284209 
0.7  0.7228551892001446 
0.8  0.7341980196896316 
0.9  0.7345962699953674 
1.0  0.7334722170251993 
1.1  0.7323794601587046 
1.2  0.7314990530389968 
1.3  0.7307996208896952 
1.4  0.7302333718346357 
1.5  0.7297660040121795 
1.6  0.7293704580731035 
1.7  0.7290316824601475 
1.8  0.728736578692296 
1.9  0.7284773426339265 
2.0  0.7282472503150292 
2.1  0.7280414795896927 
2.2  0.7278558430015519 
2.3  0.7276883141283077 
2.4  0.7275358838675277 
2.5  0.72739659395345 
2.6  0.7272691902775779 
2.7  0.7271520907462049 
2.8  0.7270441865290872 
2.9  0.7269444993357036 
3.0  0.7268521973495475 
