#mmax= 3
#m-states: all states (FBR)
#Nr. of sites: 10
 
0.0  -9.2657025764275e-61 
0.1  0.002480943869111467 
0.2  0.009690413418911907 
0.3  0.02089969558393283 
0.4  0.03470637931147813 
0.41  0.03614481007872013 
0.42  0.03758128040848702 
0.43  0.03901195841409724 
0.44  0.040432944133015604 
0.45  0.041839877047811835 
0.46  0.04322866210740997 
0.47  0.04459465949084117 
0.48  0.04593366382506467 
0.49  0.047241325582467075 
0.5  0.048513772398456195 
0.51  0.04974769022097047 
0.52  0.05094031251024073 
0.53  0.05208926002648958 
0.54  0.05319346666161492 
0.55  0.054252614862594 
0.56  0.055267315946430744 
0.57  0.056238841014044055 
0.58  0.05716977009429588 
0.59  0.058062258409014626 
0.6  0.058919573433614696 
0.7  0.06622177427261512 
0.8  0.07245327496440847 
0.9  0.0781677587993183 
1.0  0.08346139713676955 
1.1  0.08839401830148809 
1.2  0.09302116263063925 
1.3  0.0973891010559311 
1.4  0.10153411933836264 
1.5  0.10548506176701229 
1.6  0.10926343231183441 
1.7  0.11288708244172309 
1.8  0.11636927276069903 
1.9  0.1197216424073195 
2.0  0.1229538241446985 
2.1  0.12607359425436257 
2.2  0.12908871269211408 
2.3  0.13200469385369282 
2.4  0.13482714882110572 
2.5  0.13756099284726206 
2.6  0.14021070111970058 
2.7  0.14278029368040224 
2.8  0.14527339838451198 
2.9  0.14769352811396944 
3.0  0.15004386585661444 
