#mmax= 3
#m-states: all states (FBR)
#Nr. of sites: 10
 
0.0  1.2185574343395557e-14 
0.1  1.7182337374672005e-16 
0.2  6.613019573530246e-15 
0.3  2.0873168920861355e-13 
0.4  3.6194280368230958e-12 
0.41  -1.970028387610237e-13 
0.42  6.7415839066965744e-9 
0.43  1.2245747669335139e-5 
0.44  9.330609193910236e-6 
0.45  1.0725653467766928e-5 
0.46  1.4108485536240815e-5 
0.47  2.2361707391925444e-5 
0.48  2.5185663488019114e-5 
0.49  2.3120368729289078e-5 
0.5  2.393622310955155e-5 
0.51  2.5859289161849366e-5 
0.52  2.540581344589397e-5 
0.53  1.5141839582593225e-5 
0.54  9.068002944353534e-6 
0.55  1.6649215970987675e-5 
0.56  1.9472640628298605e-5 
0.57  1.5790005207329542e-5 
0.58  9.67726324928122e-6 
0.59  1.572552025708153e-5 
0.6  8.418656824198976e-6 
0.7  -0.00013015493125631363 
0.8  -0.0001248256093452306 
0.9  -0.0001241809448729673 
1.0  -0.000246078280806575 
1.1  -0.0002935931175688883 
1.2  -0.00028068304715140203 
1.3  -0.00036394414794850907 
1.4  -0.00021836053278407016 
1.5  -0.00020609785825301732 
1.6  -0.00020758902834725246 
1.7  -0.0002092209578088985 
1.8  -0.00021229951502178598 
1.9  -0.00021347552016691445 
2.0  -0.00021462044736520646 
2.1  -0.0002151058874543471 
2.2  -0.00021620223153641027 
2.3  -0.0002186989417573903 
2.4  -0.00020855268099597912 
2.5  -0.00020862065036160774 
2.6  -0.000209326150458512 
2.7  -0.00020992072788298438 
2.8  -0.00021049012557734645 
2.9  -0.0002110228666585499 
3.0  -0.00021152232018830673 
