#mmax= 3
#m-states: all states (FBR)
#Nr. of sites: 10
 
0.0  7.368122188234343e-32 
0.1  0.4537520828682567 
0.2  0.9314937931999996 
0.3  1.465684825880281 
0.4  2.1102834301325646 
0.41  2.1838147910558496 
0.42  2.259321014458485 
0.43  2.336854748823593 
0.44  2.4164481372529814 
0.45  2.498099425857925 
0.46  2.581763238314585 
0.47  2.6673597698941074 
0.48  2.754739965750118 
0.49  2.843706685976596 
0.5  2.9339890798975072 
0.51  3.0252520369303504 
0.52  3.117107566531511 
0.53  3.2091062500102336 
0.54  3.300791719638755 
0.55  3.3916781074772406 
0.56  3.4812842917619227 
0.57  3.569204505288788 
0.58  3.654943795477542 
0.59  3.73826122588725 
0.6  3.818858816399127 
0.7  4.46192071063693 
0.8  4.877369532208608 
0.9  5.172191040480924 
1.0  5.400189653474314 
1.1  5.585864211293193 
1.2  5.741994969690587 
1.3  5.87616145099253 
1.4  5.99328662721264 
1.5  6.096774677110402 
1.6  6.189092650838809 
1.7  6.272081496054459 
1.8  6.347179797106625 
1.9  6.415505738879211 
2.0  6.4779615862733815 
2.1  6.535289728547257 
2.2  6.588090709591916 
2.3  6.636887318297258 
2.4  6.6821102272144515 
2.5  6.724129923874718 
2.6  6.763265664739571 
2.7  6.79979443852274 
2.8  6.833958040890677 
2.9  6.865968596252318 
3.0  6.896013403845764 
