#mmax= 3
#m-states: all states (FBR)
#Nr. of sites: 10
 
0.0  -2.1590421387736112e-78 
0.1  -0.22233938785252463 
0.2  -0.4282384340578843 
0.3  -0.5986424815256326 
0.4  -0.7080597093512244 
0.41  -0.7143583797182858 
0.42  -0.7196608361132172 
0.43  -0.7239305685527914 
0.44  -0.7271369793165098 
0.45  -0.7292557691540095 
0.46  -0.7302692214508429 
0.47  -0.7301687774743245 
0.48  -0.7289619265162502 
0.49  -0.7266679628749251 
0.5  -0.723326178223467 
0.51  -0.7189935668495139 
0.52  -0.7137450914605067 
0.53  -0.7076731718349869 
0.54  -0.7008832770323503 
0.55  -0.6934939985032711 
0.56  -0.6856314203387989 
0.57  -0.6774123318202948 
0.58  -0.668981479471351 
0.59  -0.660429383456443 
0.6  -0.6518658857852017 
0.7  -0.5778873184703942 
0.8  -0.5299095548757844 
0.9  -0.49705092855620153 
1.0  -0.47187836873814587 
1.1  -0.4512023966443154 
1.2  -0.43355126314133186 
1.3  -0.41813320310225915 
1.4  -0.4044610773333829 
1.5  -0.39220751904963275 
1.6  -0.3811308897755991 
1.7  -0.37105678866421915 
1.8  -0.3618371802209782 
1.9  -0.35336235507043073 
2.0  -0.3455410647030222 
2.1  -0.3382949939504354 
2.2  -0.33156552421414853 
2.3  -0.32529335155734473 
2.4  -0.3194335790706677 
2.5  -0.31394626161284644 
2.6  -0.30879675312890975 
2.7  -0.30395442823438945 
2.8  -0.2993923468183181 
2.9  -0.2950870745324402 
3.0  -0.2910174939002246 
