#mmax= 10
#m-states: all states (FBR)
#Nr. of sites: 21
 
0.0  10.500000000000018 0.023809523809525612 
0.1  9.539251639540188 0.01950958288819815 
0.2  8.669426766621612 0.015728985436812004 
0.3  7.890342769922753 0.01252874607593013 
0.4  7.200345137939275 0.010113594235752088 
0.41  7.135460937951218 0.009927253517978851 
0.42  7.07118777372015 0.009759031520459316 
0.43  7.007445885537276 0.009599964053831456 
0.44  6.9442367862076155 0.009456113175667191 
0.45  6.8814226210963 0.00932545397005069 
0.46  6.819070362786627 0.009220717717093097 
0.47  6.757165381080896 0.009133266839476795 
0.48  6.695763769574928 0.009071203625432123 
0.49  6.634968972956944 0.009027269042401476 
0.5  6.575015032292684 0.009007868827924037 
0.51  6.516251616510994 0.009006796389356864 
0.52  6.4590002897194925 0.00902024413145086 
0.53  6.4036188070229265 0.009042661395862184 
0.54  6.350250757213111 0.00906970391201245 
0.55  6.299113235644247 0.009095953815920876 
0.56  6.250086835586778 0.009119479010348486 
0.57  6.203120739185994 0.009138137438967964 
0.58  6.157995986832361 0.009152069258618334 
0.59  6.114628872365536 0.009160605135250632 
0.6  6.072806784931105 0.009164741029128343 
0.7  5.7158373564953235 0.009080088312709012 
0.8  5.431474929720403 0.00891910885212055 
0.9  5.1934895613124095 0.008752333371025434 
1.0  4.988752256813456 0.008594910604982964 
1.1  4.809269046795673 0.008437733135641556 
1.2  4.649765316983079 0.008286237106491456 
1.3  4.506491123362361 0.008139904299166112 
1.4  4.3767040182313375 0.0080021110918298 
1.5  4.258315479176791 0.007873559174732314 
1.6  4.149643853372424 0.007748620598271194 
1.7  4.049366715666531 0.007630208795229354 
1.8  3.95645090258442 0.007518593873567125 
1.9  3.869989823382019 0.007412731718591359 
2.0  3.7892523258144855 0.007311735337657055 
2.1  3.713620551865224 0.007214869469599927 
2.2  3.6425522243091044 0.0071221623676702706 
2.3  3.57561531936063 0.007033490485716554 
2.4  3.512397588695274 0.006948412797438741 
2.5  3.4525711568282365 0.006867064513152776 
2.6  3.395826791948137 0.006788633726903415 
2.7  3.341916899808485 0.00671301652309475 
2.8  3.2905962400067534 0.006640179454650563 
2.9  3.2416677593807752 0.00656987922050678 
3.0  3.1949520912399394 0.006502021378902878 
3.1  3.1502700898596405 0.006436398085569173 
3.2  3.1074912914774364 0.0063719336351003575 
3.3  3.0664768367381448 0.006310533397139828 
3.4  3.0271041077060663 0.0062508644565467675 
3.5  2.989266501267583 0.006191993215125979 
3.6  2.952866596247979 0.006136059925996862 
3.7  2.9178146396143108 0.006081874113346819 
3.8  2.8840243320214674 0.006029124387047946 
3.9  2.851425291585176 0.005977863310626885 
4.0  2.8199457346211942 0.0059280123308468324 
4.1  2.789525941158199 0.00588077624129113 
4.2  2.76010296028359 0.005834508029948449 
4.3  2.731621183646892 0.005788351734709263 
4.4  2.704034849050948 0.005743518203990439 
4.5  2.677293309342891 0.005698722382545873 
4.6  2.651357622623135 0.005657136690916276 
4.7  2.6261890340547573 0.005615537395477155 
4.8  2.6017536481421515 0.005577236588533152 
4.9  2.578004443076418 0.005536447251305532 
5.0  2.5549107441279446 0.0054963446288699425 
