#mmax= 10
#m-states: all states (FBR)
#Nr. of sites: 21
 
0.0  10.500000000000018 0.023809523809524724 
0.1  12.892713767501647 0.034787242683772424 
0.2  16.585997516630584 0.05295589923978461 
0.3  23.24877055340966 0.08941391747373184 
0.4  39.607055109872846 0.19158144703962188 
0.41  42.62869127743637 0.21050319049604937 
0.42  46.106180263049346 0.23195708113862168 
0.43  50.13127997082168 0.2560040174863837 
0.44  54.79807037811031 0.2826533268939232 
0.45  60.23422319277628 0.31191704370524576 
0.46  66.5677304923062 0.3435859591174608 
0.47  73.84485357238374 0.3767948394919055 
0.48  82.1273067369834 0.4107322574495105 
0.49  91.36294852009165 0.44424623692519727 
0.5  101.39243775842374 0.47612798983482973 
0.51  111.8967460655143 0.5051638777393745 
0.52  122.5198141108157 0.5306420938030234 
0.53  132.8595005710521 0.5521840754307159 
0.54  142.63983110450346 0.5699654390376457 
0.55  151.62586688965862 0.5842780681929063 
0.56  159.7649653989598 0.595711360870988 
0.57  167.0567565478114 0.6047864293529979 
0.58  173.5944231846166 0.6120410674607458 
0.59  179.45172622090024 0.6178603526956308 
0.6  184.72693664172542 0.6225792688415794 
0.7  219.62170431720835 0.6437343840737316 
0.8  240.20031121219242 0.650752234357527 
0.9  254.8461767872447 0.6543450717028751 
1.0  266.17777283512726 0.6565562322819996 
1.1  275.3871357464026 0.6580664251885842 
1.2  283.12387469480115 0.6591711675882648 
1.3  289.7738245835022 0.6600179828512358 
1.4  295.5894200166354 0.6606900805442513 
1.5  300.74232556263775 0.6612375088411171 
1.6  305.35741447170165 0.6616927606875729 
1.7  309.5286181349628 0.6620779782010905 
1.8  313.3234214244004 0.6624080450625591 
1.9  316.79893492531164 0.6626943410203671 
2.0  319.99856425250414 0.6629450624008631 
2.1  322.95667677558436 0.6631663371081523 
2.2  325.706576872559 0.6633634590188301 
2.3  328.26779035671757 0.6635397716050002 
2.4  330.6641989872414 0.6636986656631964 
2.5  332.91234915181735 0.6638425472165613 
2.6  335.02710757251623 0.6639734285168234 
2.7  337.02088382804106 0.6640929500685946 
2.8  338.90549324748076 0.664202572294245 
2.9  340.6901975436453 0.6643034325386286 
3.0  342.3838354837435 0.6643965557542655 
3.1  343.9940727947627 0.6644827998285889 
3.2  345.5272910878107 0.6645628805749069 
3.3  346.9893369924341 0.6646374112038067 
3.4  348.3860997810523 0.6647069807604906 
3.5  349.7219439632547 0.6647720390764574 
3.6  351.00122963481175 0.6648330142629116 
3.7  352.22812083449026 0.6648902920957307 
3.8  353.405864611075 0.6649441768400897 
3.9  354.53775020967595 0.6649949655714749 
4.0  355.62663445195255 0.6650429112946149 
4.1  356.67516274964777 0.6650882459009417 
4.2  357.6859045553 0.6651311790762757 
4.3  358.66102653894467 0.6651718896245621 
4.4  359.60247512084385 0.6652105414483043 
4.5  360.5124129293411 0.665247297848468 
4.6  361.392238072182 0.6652822804692622 
4.7  362.24373989218793 0.6653156176366153 
4.8  363.0670946820303 0.6653473530075703 
4.9  363.86641006734993 0.6653777332700963 
5.0  364.64143794975166 0.665406770296144 
