#mmax= 10
#m-states: all states (FBR)
#Nr. of sites: 21
 
0.0  -5.406907552143018e-30 
0.1  0.025762647067960897 
0.2  0.056383455823191375 
0.3  0.0983562529397864 
0.4  0.1634244657862084 
0.41  0.1720524062334301 
0.42  0.18122622241441472 
0.43  0.19098817068157198 
0.44  0.2013938960730956 
0.45  0.21250319767111706 
0.46  0.22438390612693687 
0.47  0.23702867203383643 
0.48  0.250435386482931 
0.49  0.2645156414515484 
0.5  0.2790989342728866 
0.51  0.29389383827803334 
0.52  0.30858643287372134 
0.53  0.32283484833074966 
0.54  0.3364046596225734 
0.55  0.3491005860795649 
0.56  0.36088248129234374 
0.57  0.37175500828708297 
0.58  0.38180468871457285 
0.59  0.3911019376325255 
0.6  0.3997389538446406 
0.7  0.4637428720230308 
0.8  0.5066664855785964 
0.9  0.5390814774051063 
1.0  0.5650318649394881 
1.1  0.5865877934534949 
1.2  0.6049675860262024 
1.3  0.6209348891053251 
1.4  0.6350098586835087 
1.5  0.6475577977322957 
1.6  0.658849724169578 
1.7  0.6690934144474593 
1.8  0.6784427320844071 
1.9  0.6870272472751984 
2.0  0.6949475231461522 
2.1  0.7022838124148078 
2.2  0.7091138469988778 
2.3  0.715484646543423 
2.4  0.7214522432689428 
2.5  0.7270566702776113 
2.6  0.7323331933813945 
2.7  0.7373124194099911 
2.8  0.7420222609890919 
2.9  0.7464855509414654 
3.0  0.7507239422563061 
3.1  0.7547555077523478 
3.2  0.7585965822658027 
3.3  0.7622610626459859 
3.4  0.7657634193091338 
3.5  0.7691144468950583 
3.6  0.772324749308065 
3.7  0.7754047015240426 
3.8  0.7783621651988513 
3.9  0.7812054512656916 
4.0  0.7839414982971478 
4.1  0.786576889810402 
4.2  0.7891179577378368 
4.3  0.7915700843653352 
4.4  0.7939381379527933 
4.5  0.7962274175733399 
4.6  0.7984412839006186 
4.7  0.8005845153311517 
4.8  0.8026573874658659 
4.9  0.80467010732749 
5.0  0.8066217938433062 
