#mmax= 10
#m-states: all states (FBR)
#Nr. of sites: 21
 
0.0 7.674513985052694e-28
0.1 -0.12530497898443788
0.2 -0.5051195535743875
0.3 -1.1531505244222824
0.4 -2.1014093085469816
0.41 -2.215067074613353
0.42 -2.3325407060951413
0.43 -2.4539661625575064
0.44 -2.5794923096081197
0.45 -2.709285820319522
0.46 -2.8435248419625765
0.47 -2.982396397625062
0.48 -3.1260870248669885
0.49 -3.274763468110507
0.5 -3.428549711092451
0.51 -3.5874988829173446
0.52 -3.7515732476977246
0.53 -3.920635178249455
0.54 -4.094462103241052
0.55 -4.272771438444836
0.56 -4.455253576484727
0.57 -4.641599190591402
0.58 -4.831517685181986
0.59 -5.0247456483848945
0.6 -5.221050526946443
0.7 -7.318570736083618
0.8 -9.596257464694744
0.9 -12.002710120845634
1.0 -14.50903746920567
1.1 -17.096557144837526
1.2 -19.75219634965397
1.3 -22.46629712875604
1.4 -25.23143058881722
1.5 -28.04170629831492
1.6 -30.89234411789758
1.7 -33.77938206504177
1.8 -36.699492832113975
1.9 -39.64983918557208
2.0 -42.627978410772386
2.1 -45.631786811127114
2.2 -48.65940263131759
2.3 -51.70918201661233
2.4 -54.779664500600404
2.5 -57.86954345366385
2.6 -60.97764848998555
2.7 -64.10292227682416
2.8 -67.24440479673152
2.9 -70.40122458684915
3.0 -73.57258510404547
3.1 -76.75775703117768
3.2 -79.95606875737586
3.3 -83.16690578497062
3.4 -86.38969651313343
3.5 -89.62391252323113
3.6 -92.8690637009436
3.7 -96.12469336409532
3.8 -99.39037695342031
3.9 -102.66571693567839
4.0 -105.95034165491907
4.1 -109.24390276527956
4.2 -112.54607315155904
4.3 -115.85654551224764
4.4 -119.17502955640917
4.5 -122.501252230167
4.6 -125.83495592404759
4.7 -129.17589640138354
4.8 -132.5238426523151
4.9 -135.87857597032468
5.0 -139.23988859855945
