#mmax= 10
#m-states: all states (FBR)
#Nr. of sites: 21
 
0.0  -0.0 
0.1  0.0063455110961096765 
0.2  0.02670055878156358 
0.3  0.06678867755990905 
0.4  0.14946487619634888 
0.41  0.16304531048046908 
0.42  0.17843978450685208 
0.43  0.19604119684961488 
0.44  0.21634259510039175 
0.45  0.23997638182325498 
0.46  0.2677039159460068 
0.47  0.3000114844875184 
0.48  0.3373886284989113 
0.49  0.3797283433966163 
0.5  0.4261094986911513 
0.51  0.47438826447860954 
0.52  0.5218478719844741 
0.53  0.5654333604759653 
0.54  0.6030588119094267 
0.55  0.633409026732726 
0.56  0.6566956073625174 
0.57  0.6737254345846296 
0.58  0.6858228660875431 
0.59  0.6941290442328817 
0.6  0.6997058726618989 
0.7  0.708689721202598 
0.8  0.7071980938917672 
0.9  0.706285398406073 
1.0  0.70573194511092 
1.1  0.7053577760656315 
1.2  0.7050848392484586 
1.3  0.7048749735609966 
1.4  0.7047064659339685 
1.5  0.7045640185259213 
1.6  0.7044416250114862 
1.7  0.7043404483409332 
1.8  0.7042525281492731 
1.9  0.7041732643272326 
2.0  0.7041031938616666 
2.1  0.7040384867767845 
2.2  0.7039814857021954 
2.3  0.7039303132339818 
2.4  0.7038836419619869 
2.5  0.7038396699976444 
2.6  0.7038001805495119 
2.7  0.703763105821435 
2.8  0.7037286657026542 
2.9  0.7036964144370088 
3.0  0.7036666805452324 
3.1  0.7036384726474225 
3.2  0.7036121342531754 
3.3  0.7035871675651789 
3.4  0.7035636096272981 
3.5  0.7035412964364867 
3.6  0.7035202837722556 
3.7  0.7035003312117372 
3.8  0.7034814128359304 
3.9  0.703463368614668 
4.0  0.703446158954304 
4.1  0.7034297331428698 
4.2  0.7034140145979254 
4.3  0.7033989653811921 
4.4  0.7033845970476962 
4.5  0.7033707743533671 
4.6  0.7033575086918041 
4.7  0.7033447580895326 
4.8  0.7033325391005497 
4.9  0.7033207129609665 
5.0  0.7033093019825226 
