0.0  -0.0  0.0
0.1  0.006460797261978321  0.0002545939403913138
0.2  0.026272060121672568  0.000515887974184815
0.3  0.06813641562046631  0.0008433102220368727
0.4  0.15056873588616565  0.0012836498444721617
0.41  0.16447806788489455  0.001341743220310467
0.42  0.17781810558129296  0.001410606613113102
0.43  0.19757172340418755  0.0014839359874788257
0.44  0.21555278980204498  0.0015616053905424365
0.45  0.24274227025700754  0.0016720194649525151
0.46  0.26382761403733856  0.0017559199949626488
0.47  0.2976549990362489  0.0018802791730976752
0.48  0.33785360457293234  0.00203013421331826
0.49  0.37827739761046353  0.0021787595273559802
0.5  0.4222723964499474  0.0023351846145302693
0.51  0.4798919946434405  0.0025199779301362892
0.52  0.5193348635290534  0.002659984890322532
0.53  0.5629798206589139  0.0028044703794197225
0.54  0.6072578593739449  0.002947146730581946
0.55  0.6349925445932226  0.0030331606555752256
0.56  0.6568540234671568  0.0031094118112453685
0.57  0.6769672392839138  0.0031812667390772697
0.58  0.6787681588707314  0.00319162927317388
0.59  0.6884427921413856  0.003220181169631214
0.6  0.7007359570253676  0.0032481960039389517
0.7  0.7136105055610577  0.00327987667046484
0.8  0.7047591051616614  0.0032482261328441514
0.9  0.7064031743085262  0.00324586950444928
1.0  0.7072872340710646  0.0032460286535982786
1.1  0.7073623089644642  0.0032418285828694528
1.2  0.708587458439094  0.0032498111563345673
1.3  0.7021997010092416  0.0032304931925780313
1.4  0.6997526819542393  0.0032196414081253674
1.5  0.7002276007621053  0.0032175987419676647
1.6  0.712056458779181  0.0032583178998355756
1.7  0.7039920686384438  0.003225882619120165
1.8  0.7053880199853532  0.0032354517194797673
1.9  0.7053552720050277  0.0032386393917178216
2.0  0.7040933203020361  0.0032313180144670924
2.1  0.7045182402210557  0.003229431950098378
2.2  0.7014004096395599  0.003225848897643985
2.3  0.7029430810672589  0.0032278103907409173
2.4  0.7043577851059469  0.003237282162874125
2.5  0.703748879540104  0.0032341278418296085
2.6  0.7080482687961773  0.0032378233632679707
2.7  0.7023467428695943  0.003220964916610711
2.8  0.7080477630229888  0.003239551136107638
2.9  0.7023117544193359  0.0032227289894285792
3.0  0.7125655376426456  0.0032565236949993834
3.1  0.703937142481412  0.0032294315571124222
3.2  0.7018920615111923  0.003218540866858916
3.3  0.7018096000538475  0.0032228557528554223
3.4  0.7043364645018799  0.0032328116661310895
3.5  0.701545300246398  0.003220291486683193
3.6  0.7030402178981286  0.0032270886364791605
3.7  0.7070457003441756  0.003241779859038911
3.8  0.7010940728748885  0.003218250055837368
3.9  0.7044161753530572  0.0032325200517684945
4.0  0.702948784153691  0.0032256121595770778
4.1  0.7025508991609568  0.0032265148582560064
4.2  0.7061174061974601  0.0032314323463281764
4.3  0.7046684654126162  0.0032289742329535635
4.4  0.6973724736695359  0.0032122146549167486
4.5  0.705514158270521  0.00323303986805215
4.6  0.7071204038715925  0.003238632024625245
4.7  0.7011287150380187  0.0032208565113210365
4.8  0.7040577439158981  0.0032278002999920497
4.9  0.7017647741814244  0.0032224827471000286
5.0  0.6996158409088923  0.003214118296474767
0.0  -0.0  0.0
0.1  0.006389212727142584  0.00025315441718506217
0.2  0.02768785805291462  0.0005300767904265859
0.3  0.06591770941696107  0.0008254158516377933
0.4  0.14928906864606387  0.001269795854678624
0.41  0.16290479813151018  0.0013389081098686736
0.42  0.17657684023933956  0.0013970910083713377
0.43  0.19680353130134778  0.0014854955736917643
0.44  0.2157073876911909  0.001559419515550831
0.45  0.24113054432678238  0.00166240143526198
0.46  0.2679095679355013  0.001777401641103303
0.47  0.29992189553786425  0.0018969532016350616
0.48  0.33670449348454656  0.0020311915189772257
0.49  0.38277714375027094  0.002188873789537215
0.5  0.4287324758752558  0.0023519802550724927
0.51  0.47217958401775567  0.002497039830180802
0.52  0.5255516057046073  0.002674089201768776
0.53  0.5654055606456763  0.0028129659811189506
0.54  0.6053223067193877  0.002950535023615392
0.55  0.6343190297635727  0.0030375940915462495
0.56  0.6574765368083882  0.0031190061466738143
0.57  0.6741566962342299  0.0031730619938823267
0.58  0.6802764077312949  0.0031967469747793526
0.59  0.6913367065559073  0.0032251775289626715
0.6  0.696402474049551  0.0032326549096009572
0.7  0.7062928994179514  0.0032506535799764836
0.8  0.7019405871384898  0.003237499328917272
0.9  0.7073362256623245  0.0032505224361935522
1.0  0.702280161925909  0.0032297526880381575
1.1  0.7071308804522077  0.0032431121345042877
1.2  0.7048684465827985  0.0032375449834592656
1.3  0.7003437798314731  0.0032203521840862234
1.4  0.7092553260965984  0.0032492846638443574
1.5  0.7037370598488778  0.0032336493352398844
1.6  0.7045115675965667  0.0032346136701254594
1.7  0.7077135811356964  0.003239512378483352
1.8  0.701265907249076  0.0032212792965272074
1.9  0.7037630871489643  0.0032330317292126125
2.0  0.7044575883802486  0.0032335092258625924
2.1  0.7040962175082116  0.0032290262804532087
2.2  0.7045201792241023  0.0032328736072893766
2.3  0.7068472655030725  0.003239633832141244
2.4  0.704237288845749  0.0032345259703913153
2.5  0.7016822096733007  0.0032222057015171028
2.6  0.7047887643460349  0.0032317745669323767
2.7  0.7017894459665264  0.003221745997555629
2.8  0.7063239535883165  0.0032364924293819086
2.9  0.705654201470554  0.003233966172093442
3.0  0.705300648814153  0.003231532074782826
3.1  0.7015145253796692  0.0032199101475790582
3.2  0.7073378428931066  0.00324455297762759
3.3  0.7067327027300175  0.0032383268059482965
3.4  0.7014237631569097  0.0032199911438840143
3.5  0.7078920805246223  0.0032383206772892965
3.6  0.7033819152745073  0.0032291900164538403
3.7  0.702135043267098  0.003222484318314126
3.8  0.7004233837433426  0.00322058050394613
3.9  0.7090792102984687  0.0032431882500215943
4.0  0.7073325937293368  0.003244832544670102
4.1  0.704610886058754  0.0032298136128606925
4.2  0.7050280719044488  0.003230686589869309
4.3  0.7064531411416198  0.003234377067194626
4.4  0.705376350513116  0.0032320149534918693
4.5  0.7034425728994157  0.0032263964981537204
4.6  0.6971272146604087  0.0032037502152674423
4.7  0.7026664719870511  0.0032223961993464376
4.8  0.7090405305075083  0.0032412172576615746
4.9  0.7007928136455761  0.003221697623918624
5.0  0.6988628820399654  0.003215234358185207
