#mmax= 10
#m-states: all states (FBR)
#Nr. of sites: 21
 
0.0  0.0 
0.1  0.022975176846144214 
0.2  0.07702359446928414 
0.3  0.16004932099097216 
0.4  0.29156601218904044 
0.41  0.3102133320650569 
0.42  0.33062072641191154 
0.43  0.3530889676051707 
0.44  0.3779550941124731 
0.45  0.4056330316450862 
0.46  0.4365006779941235 
0.47  0.4704180867010095 
0.48  0.5071584106301749 
0.49  0.5458104844409526 
0.5  0.5848565224082534 
0.51  0.622139034209673 
0.52  0.6556967377489414 
0.53  0.6839181069073099 
0.54  0.7062785581808202 
0.55  0.7228099876840075 
0.56  0.7343854603679739 
0.57  0.7419882018373987 
0.58  0.7466958255013791 
0.59  0.7493245847616383 
0.6  0.7505546834559212 
0.7  0.7440752736349374 
0.8  0.7384774173415382 
0.9  0.7354721693136698 
1.0  0.7336361735439331 
1.1  0.7323916747508828 
1.2  0.7314836436222206 
1.3  0.7307848582879116 
1.4  0.7302249822067371 
1.5  0.7297607466711994 
1.6  0.7293688201915238 
1.7  0.7290337808567015 
1.8  0.7287426026321113 
1.9  0.7284850255786367 
2.0  0.728256039891091 
2.1  0.7280498490459444 
2.2  0.727863956270685 
2.3  0.7276955574048073 
2.4  0.7275415498293851 
2.5  0.7273995517239285 
2.6  0.7272687512618635 
2.7  0.7271477311124105 
2.8  0.7270354484748103 
2.9  0.726930730578852 
3.0  0.7268330860877596 
3.1  0.7267413321183669 
3.2  0.7266550304398198 
3.3  0.7265738477410295 
3.4  0.7264973823906161 
3.5  0.7264250529079435 
3.6  0.7263566092079276 
3.7  0.7262916657542422 
3.8  0.7262299807210303 
3.9  0.7261712455784015 
4.0  0.7261152582249492 
4.1  0.7260618246323739 
4.2  0.7260107506369945 
4.3  0.7259618784632214 
4.4  0.7259150880061243 
4.5  0.7258701960939992 
4.6  0.7258271036335686 
4.7  0.7257856946601714 
4.8  0.7257460008494837 
4.9  0.7257076429364472 
5.0  0.7256706422797351 
