#mmax= 10
#m-states: all states (FBR)
#Nr. of sites: 21

0.0  0.0 0.0 0.0 NaN NaN 0.0 
0.1  -0.0009 0.0014911787740379625 0.22236141361413606 -0.05149692925597157 18.133964405602217 0.0 
0.2  -0.00556 0.0029848584485364753 0.8909379957799574 -0.03560200717808721 4.05523929035631 0.0 
0.3  0.00264 0.004484209114806518 2.0108131385313857 0.02488449845729257 1.6933989776943452 0.0 
0.4  -0.00234 0.006093662000075629 3.7132716571165725 -0.007526307945167055 0.8030108212046092 0.0 
0.41  -0.00648 0.006242817458783993 3.897276982369824 -0.002755165115290488 0.6976107853297431 0.0 
0.42  -0.00028 0.006423426797288049 4.126041182011821 -0.007795545109645513 0.766357750816669 0.0 
0.43  0.00192 0.0065983330103886965 4.353799851598516 0.008863807190401949 0.6464899884868203 0.0 
0.44  0.0018 0.006749668375574594 4.555802318023178 0.009169041674379394 0.5690386047584779 0.0 
0.45  0.0083 0.00693231502962154 4.805699166991669 0.010883753963940238 0.5785604784327361 0.0 
0.46  -0.01402 0.007105866543173555 5.049333932939329 -0.0049236863443802535 0.48910114273148597 0.0 
0.47  0.00374 0.007304354431429009 5.33535936599366 0.0021988482598876407 0.474813396611359 0.0 
0.48  0.00232 0.007457003570136093 5.560690224502244 0.004089063298227889 0.40024733808935187 0.0 
0.49  -0.00866 0.007688916779261716 5.911944123841237 0.0121488011456976 0.37896224554288693 0.0 
0.5  0.00656 0.007858357792940713 6.175378720187204 -0.00017271984410201146 0.33684466332441465 0.0 
0.51  0.01122 0.008033317276061278 6.453418645786459 0.007084328173867193 0.29694858895893583 0.0 
0.52  0.00842 0.008268565457668414 6.8369174727747275 0.0074209233841857816 0.2969217534330526 0.0 
0.53  -0.00232 0.008406607691960465 7.067105288652885 -0.005489636891093947 0.21907143331194412 0.0 
0.54  0.01558 0.008592060921054311 7.382351087110866 0.0070829227888737755 0.22216040668510395 0.0 
0.55  -0.00638 0.008750677613738664 7.657435869958699 -0.014267415209932029 0.2069639164378989 0.0 
0.56  0.01012 0.008893265247234425 7.909016675766758 -0.0053500338899091894 0.17940341693997697 0.0 
0.57  0.0152 0.008997871927127666 8.096169921699214 0.004199232999792827 0.1779722511248214 0.0 
0.58  0.01102 0.009153011710482715 8.377762337223372 0.014050852215758771 0.17143802113483586 0.0 
0.59  0.00062 0.009278860766741318 8.609725712857127 0.00375837000987119 0.12207315445050515 0.0 
0.6  -0.00326 0.009367281952824515 8.774597118371185 0.009134260829825923 0.14375428720139816 0.0 
0.7  0.0097 0.010252946421839104 10.51229103291033 0.009147470351902639 0.10962486205107069 0.0 
0.8  0.02068 0.010891028855029962 11.861450952109523 0.008016351330108057 0.0625442139520822 0.0 
0.9  -0.00036 0.011380355610829488 12.95124938289382 0.0021023663918881396 0.04907374612983073 0.0 
1.0  0.00018 0.011900025873171783 14.161061578215785 -0.017586512995148355 0.02362574146629015 0.0 
1.1  0.01009 0.012269742759523274 15.054658738487381 -0.011331821727459694 0.0523625633589897 0.0 
1.2  0.0004 0.012598316775500438 15.871758557585578 -0.006379228287275796 0.028158195350656445 0.0 
1.3  0.018 0.012915820848257454 16.68184281842819 0.0002839090373183986 -0.009054404909003999 0.0 
1.4  0.03122 0.01325644033849602 17.57332104481045 0.0026333122667477667 0.02864615632055667 0.0 
1.5  -0.03532 0.013512562705479248 18.258935086950867 0.004997960036440656 0.010422559102077233 0.0 
1.6  0.01802 0.013815696201444768 19.087346153061535 0.002863457535307666 0.013085850628948403 0.0 
1.7  -0.00426 0.014068510857726825 19.792299775397755 0.0048106170762419066 0.01711225040255604 0.0 
1.8  0.00166 0.014319525932524068 20.50488229322293 -0.003804365449218048 0.01579062770930495 0.0 
1.9  0.01662 0.014526794141636356 21.102774803348034 -0.012376510489087486 0.0067686280044041425 0.0 
2.0  0.02436 0.014718513248637665 21.66346322503225 0.0016411502542896278 -0.02219479444104966 0.0 
2.1  -0.01756 0.014952991419228588 22.35919523835238 0.013268724510475517 0.03199962678254842 0.0 
2.2  -0.01017 0.015210738949071271 23.13665793767938 -0.008908646995791272 -0.006798395897232634 0.0 
2.3  0.00088 0.015303043294957408 23.418313408734086 -0.0023696713083593765 0.020463823737908005 0.0 
2.4  0.0069 0.015531617308296072 24.123113621136213 -0.010791933249636261 0.03662025604277952 0.0 
2.5  0.00335 0.01576828697619819 24.863887416374155 0.020245821760980207 0.00577220685769575 0.0 
2.6  0.00164 0.015847071792632353 25.1129684400844 -0.004179339717008384 0.0035235675937697053 0.0 
2.7  0.00758 0.016095639662099835 25.906961613216133 -0.007270040294751679 0.03413057863605751 0.0 
2.8  0.00146 0.016254839921765112 26.421982088220883 0.00975836009336639 0.01184986659999332 0.0 
2.9  -0.00576 0.016376518254119257 26.819035012750117 -0.013255854701825817 0.006850785567127815 0.0 
3.0  0.01101 0.016585995259597405 27.50952387513876 0.011580344849642892 -0.021181027064476332 0.0 
3.1  -0.0075 0.016745394638001693 28.040824158241584 0.0034554071168281866 0.018719279524421317 0.0 
3.2  -0.03803 0.016858021210088427 28.419287911979122 0.0016280447039161944 0.0053250471183243775 0.0 
3.3  -0.0289 0.017036212907377692 29.023255022550227 -0.002746083826416872 0.01201267632470504 0.0 
3.4  -0.01788 0.017173297652970522 29.492215227752286 -0.005254537188717127 -0.026784413447737965 0.0 
3.5  0.00128 0.0173024500393376 29.937477736377367 0.010098974921823212 0.00014758560197236648 0.0 
3.6  -0.00962 0.017391978017608972 30.248089936499365 0.010380054124771526 0.0024957066341393386 0.0 
3.7  0.01283 0.01752572752904296 30.715112542225423 0.004487108253283341 0.02170163303133643 0.0 
3.8  0.01251 0.017730405485261374 31.436727867178664 0.0027501657616153 0.01931113625565528 0.0 
3.9  0.0077 0.017774244466014957 31.59237663376634 -0.005066298206797353 0.014630778513307519 0.0 
4.0  0.03663 0.01797976404600882 32.32719151501515 -0.007277687031505445 0.011090130254334252 0.0 
4.1  0.01758 0.018058869584326332 32.612277066370666 0.0011266325107442856 0.021841823558314655 0.0 
4.2  -0.01779 0.018146333735861924 32.928942805328056 0.006368028394160561 -0.004625221054804118 0.0 
4.3  -0.01182 0.018369278079983762 33.74303771797719 -0.004392729975835025 0.022185813776908425 0.0 
4.4  -0.03294 0.018431498766119585 33.97201467654678 0.006224078661164156 0.0009220866607537737 0.0 
4.5  -0.0144 0.018566350570150696 34.4709373493735 -0.003914899282177449 0.04434980671801325 0.0 
4.6  0.00839 0.018643156163904155 34.756727175171754 -0.007177429699369362 0.02978736760774181 0.0 
4.7  0.00809 0.018730812954929094 35.08433539525395 -0.014851454172812478 0.008652522149820374 0.0 
4.8  -0.00068 0.018866508813968424 35.59451548275483 -0.007498421501444537 -0.029113618185766743 0.0 
4.9  -0.00262 0.018982474409289928 36.0334334699347 0.00956283732422172 -0.0053501695909883296 0.0 
5.0  -0.00474 0.019005214739799 36.11981873058731 -0.0007484070119312358 0.019706786399715348 0.0 
