#mmax= 10
#m-states: all states (FBR)
#Nr. of sites: 21
 
0.0  5.974911464066588e-59 
0.1  0.0024809973943822447 
0.2  0.009691157000123445 
0.3  0.02090155896108422 
0.4  0.03468073784270753 
0.41  0.036109658246718114 
0.42  0.03753325265374054 
0.43  0.038946795627816735 
0.44  0.04034453398057325 
0.45  0.04171981388321337 
0.46  0.04306606091889041 
0.47  0.044374709230866616 
0.48  0.04563782258986899 
0.49  0.046847653665825544 
0.5  0.04799847826089283 
0.51  0.04908766180911681 
0.52  0.050116989563404116 
0.53  0.05109226538310645 
0.54  0.052021861957356266 
0.55  0.05291534041793775 
0.56  0.05378042184662833 
0.57  0.05462356706972543 
0.58  0.05544889306380073 
0.59  0.05625918878290074 
0.6  0.057056163283092556 
0.7  0.06438870024345285 
0.8  0.0707643092872138 
0.9  0.07645728311126766 
1.0  0.08165855520246179 
1.1  0.08649008826412506 
1.2  0.09102942797996419 
1.3  0.09533270047621982 
1.4  0.09943832972589742 
1.5  0.10337497232322619 
1.6  0.10716559689868266 
1.7  0.11082671372511954 
1.8  0.11437267290126345 
1.9  0.11781405407254904 
2.0  0.12116045318315471 
2.1  0.12442157417583469 
2.2  0.1275990635839731 
2.3  0.13070519619945867 
2.4  0.13374118484306002 
2.5  0.13671174456896656 
2.6  0.13962261712538632 
2.7  0.14247653136388738 
2.8  0.14527706385820383 
2.9  0.14802736263007282 
3.0  0.15072887373725719 
3.1  0.15338581227759698 
3.2  0.15599840386583796 
3.3  0.15857113996353048 
3.4  0.16110407197815071 
3.5  0.16359955365773676 
3.6  0.1660599229357082 
3.7  0.16848515178832413 
3.8  0.1708781334118229 
3.9  0.1732390945790986 
4.0  0.17556994331750303 
4.1  0.17787184689601343 
4.2  0.18014539489282436 
4.3  0.18239160508809332 
4.4  0.18461173318146115 
4.5  0.18680567844043 
4.6  0.1889768364748085 
4.7  0.1911230821571971 
4.8  0.19325257240156637 
4.9  0.19535261488575617 
5.0  0.19743296044132003 
