#mmax= 10
#m-states: all states (FBR)
#Nr. of sites: 21
 
0.0  2.6467100511086627e-14 
0.1  8.234330779160386e-9 
0.2  1.1759402357089318e-6 
0.3  -1.9146760310933113e-6 
0.4  9.891816779870307e-7 
0.41  3.1144757117734267e-6 
0.42  -1.9657302654629104e-6 
0.43  3.0937888050701596e-6 
0.44  1.8027261157578292e-5 
0.45  5.791281212885201e-6 
0.46  4.140714786927967e-5 
0.47  -1.8419313138338424e-5 
0.48  0.0006360137427590158 
0.49  0.0002937304784472154 
0.5  0.00010594181622809287 
0.51  0.0003308229177045298 
0.52  0.00036092016828690544 
0.53  0.0004047151260476282 
0.54  0.0005878227773920432 
0.55  0.0008345870196229364 
0.56  0.0007189756413981306 
0.57  0.0008965301609780808 
0.58  0.0008573188185214082 
0.59  0.0008410970113396352 
0.6  0.0008489845080976927 
0.7  0.0005652374083749795 
0.8  -0.0028851922517681857 
0.9  -0.013314323145876853 
1.0  0.00918595647288722 
1.1  0.016524097520929915 
1.2  -0.020070270835424498 
1.3  -0.017889014155827315 
1.4  -0.015097212691702788 
1.5  -0.03187305066846637 
1.6  -0.04847302098225004 
1.7  -0.04713778182259828 
1.8  -0.04516429097164321 
1.9  -0.04892113637716334 
2.0  -0.05040090743201956 
2.1  -0.05721579170677637 
2.2  -0.05839418044757249 
2.3  -0.05789581345966047 
2.4  -0.056864630700944795 
2.5  -0.05902320087538114 
2.6  -0.05774479127501591 
2.7  -0.05809531970910549 
2.8  -0.05854179333738214 
2.9  -0.05937106802677513 
3.0  -0.05895484255356965 
3.1  -0.059420599868218564 
3.2  -0.05933233122856385 
3.3  -0.05972832190853317 
3.4  -0.060221498520638926 
3.5  -0.06075792296649643 
3.6  -0.06090139258279447 
3.7  -0.06106451736908705 
3.8  -0.06108880537039645 
3.9  -0.061195303076300764 
4.0  -0.06131285870977317 
4.1  -0.06141237656575838 
4.2  -0.06155107815192482 
4.3  -0.06171010429367035 
4.4  -0.061689837781274154 
4.5  -0.061808940852578875 
4.6  -0.06188676570632333 
4.7  -0.061964669827406144 
4.8  -0.06204331725881863 
4.9  -0.062145641028867736 
5.0  -0.062231632085914916 
