#mmax= 10
#m-states: all states (FBR)
#Nr. of sites: 21

0.0  -0.0  0.0
0.1  -0.0  3.555956580424766e-19
0.2  -0.0  2.2131732073383445e-19
0.3  1.0000050000287824e-5  1.0000100001000008e-5
0.4  0.00023002645405631884  4.79640712118901e-5
0.41  0.00023002645405631884  4.796407121189011e-5
0.42  0.00044009682840403613  6.634742551164814e-5
0.43  0.0006301985333884218  7.93979504923881e-5
0.44  0.0005501513054812704  7.418275874812507e-5
0.45  0.0007903122144437275  8.891751794521743e-5
0.46  0.0010005003335835344  0.00010005053778521686
0.47  0.0012708071334453497  0.0001127664696292487
0.48  0.0013008457330479584  0.00011409229671243017
0.49  0.0020320632427280032  0.00014262361739696518
0.5  0.002252535053293755  0.0001501697861514217
0.51  0.002884155179862984  0.0001699513824698151
0.52  0.0033154901683188614  0.00018223681558297586
0.53  0.003837353231255177  0.00019608069118422285
0.54  0.004359488777452863  0.0002090226988388774
0.55  0.005505125434472125  0.00023495449955613054
0.56  0.0063601831526820364  0.0002525968303692012
0.57  0.006390375022012888  0.00025319757386084283
0.58  0.007407366928420666  0.0002726709314380874
0.59  0.008415309601331912  0.0002907043577693026
0.6  0.008657367091180018  0.0002948734885242659
0.7  0.016495302529184862  0.00040782677079706574
0.8  0.02400584846592873  0.0004929153213254657
0.9  0.030541684822361637  0.0005568947528363786
1.0  0.03623876354004786  0.0006074846553642972
1.1  0.04399368536320093  0.0006706430171864913
1.2  0.051061741504886314  0.0007237982480451994
1.3  0.05608369699713127  0.0007595181472092207
1.4  0.06473053911598446  0.0008177540812780043
1.5  0.06933935695960598  0.00084735225760929
1.6  0.07704303335176228  0.00089492650020945
1.7  0.08228437290333668  0.0009260959585199463
1.8  0.08701863647711398  0.0009535088100564912
1.9  0.09332214111355622  0.0009890211839637608
2.0  0.09924589097393974  0.0010214638031308195
2.1  0.1043609827343693  0.0010488190390752533
2.2  0.11017203251021813  0.001079218434745245
2.3  0.11415458560772862  0.0010996661042116137
2.4  0.11936924012189987  0.00112599779853605
2.5  0.12168181986935876  0.0011375232917124052
2.6  0.12785601536429064  0.001167864020998345
2.7  0.13278870768400883  0.0011916793913380585
2.8  0.1355104163389995  0.0012046679527270721
2.9  0.14182848798899517  0.0012344245893813831
3.0  0.14754910057825488  0.0012609190429977242
3.1  0.15175345258448952  0.0012801358147024983
3.2  0.15439745850523576  0.0012921091207528108
3.3  0.16081433331617684  0.0013208650104550143
3.4  0.16445006636796597  0.001336960482548204
3.5  0.1675010860836552  0.0013503934503284643
3.6  0.17228384429928967  0.0013711913523743351
3.7  0.17475761635835171  0.0013818780807947754
3.8  0.18152103555668736  0.0014108181127729846
3.9  0.18061015468447553  0.0014069435929279389
4.0  0.18714880808934894  0.0014346020447813213
4.1  0.18689365962458546  0.0014335218973629802
4.2  0.19184450224838007  0.0014542337929794528
4.3  0.19523550440810541  0.0014683258284807123
4.4  0.19899895827144362  0.0014838524207169
4.5  0.20205283951365827  0.0014963702718058553
4.6  0.20534344923038642  0.0015097752110605467
4.7  0.20607239778261882  0.0015127451027633926
4.8  0.21419426608352005  0.001545520389538794
4.9  0.21405732394444565  0.0015449688512700825
5.0  0.21392138715203865  0.001544411460157632
