#mmax= 10
#m-states: all states (FBR)
#Nr. of sites: 21

0.0  1.0  0.0
0.1  1.0  3.555956580424766e-19
0.2  1.0  2.2131732073383445e-19
0.3  0.99999  9.999999999999999e-6
0.4  0.99977  4.795303947551137e-5
0.41  0.99977  4.7953039475511374e-5
0.42  0.99956  6.631823264442301e-5
0.43  0.99937  7.934792978357789e-5
0.44  0.99945  7.414195823081359e-5
0.45  0.99921  8.884727310604071e-5
0.46  0.999  9.995048724743164e-5
0.47  0.99873  0.00011262325621281955
0.48  0.9987000000000001  0.00011394397672670402
0.49  0.99797  0.00014233409145364935
0.5  0.99775  0.00014983190413258101
0.51  0.99712  0.00016946192248830204
0.52  0.9966900000000002  0.00018163361172339625
0.53  0.99617  0.00019532970213698728
0.54  0.99565  0.0002081134500989283
0.55  0.9945100000000192  0.0002336645993535719
0.56  0.9936600000000004  0.00025099536646466054
0.57  0.9936300000000015  0.00025158470531534965
0.58  0.9926200000000015  0.0002706586199640747
0.59  0.9916200000000152  0.0002882682552512003
0.6  0.9913800000000026  0.0002923316790531875
0.7  0.9836400000000124  0.0004011547248268308
0.8  0.9762800000008958  0.0004812233699040672
0.9  0.9699200002816037  0.000540143358827884
1.0  0.9644100000457104  0.0005858642765076502
1.1  0.9569600003088007  0.0006417785419338798
1.2  0.9502200007084471  0.0006877675717702822
1.3  0.9454600004157991  0.0007180940277762368
1.4  0.9373200004273676  0.0007664972558129806
1.5  0.9330100029100711  0.0007905881323378989
1.6  0.9258500103200332  0.0008285677094545906
1.7  0.9210100111618472  0.0008529436490933973
1.8  0.916660012160627  0.0008740433974216482
1.9  0.9109000146817193  0.0009008994109931211
2.0  0.9055200214463655  0.0009249559249177056
2.1  0.9009000293606679  0.0009448811030969233
2.2  0.8956800359569222  0.0009666344064379944
2.3  0.8921200363045131  0.0009810341648121073
2.4  0.8874800470150136  0.0009993005791835753
2.5  0.8854300499364954  0.0010071973049848417
2.6  0.8799800736337287  0.0010276970671923061
2.7  0.8756500906993543  0.0010434941671097222
2.8  0.8732700666040523  0.0010520004633137376
2.9  0.867770076714268  0.0010711967206254616
3.0  0.8628200723168056  0.0010879462598649336
3.1  0.8592000881909108  0.00109989280488873
3.2  0.856931358659465  0.001107248824382993
3.3  0.8514501423567868  0.0011246507011860207
3.4  0.8483601175886643  0.0011342239521859917
3.5  0.845775698705183  0.0011421299639784597
3.6  0.8417402160949813  0.0011541869052551425
3.7  0.8396605160798796  0.0011603084624796146
3.8  0.8340007014499252  0.0011766232956709288
3.9  0.8347607228282058  0.0011744612506110392
4.0  0.8293203176308522  0.0011897446234519155
4.1  0.8295319444336717  0.0011891522069077593
4.2  0.8254352118324212  0.00120037577896186
4.3  0.8226408996832753  0.0012079048805695638
4.4  0.8195507470818976  0.0012160923599578177
4.5  0.8170517541842818  0.0012226119554881846
4.6  0.8143675744588856  0.0012295119766095295
4.7  0.8137741587055527  0.0012310328733372248
4.8  0.8071915598472864  0.0012475310140076048
4.9  0.8073021059551722  0.0012472566072654807
5.0  0.8074118554732889  0.001246976122660085
