#mmax= 10
#m-states: all states (FBR)
#Nr. of sites: 21
 
0.0  -1.0813815104286036e-28 
0.1  1.0091723958093322 
0.2  2.0777332508680484 
0.3  3.2905254296316326 
0.4  4.815797134705245 
0.41  4.9984187142685155 
0.42  5.189003561083158 
0.43  5.388218188525858 
0.44  5.596920685040896 
0.45  5.816034842865178 
0.46  6.0466184088377295 
0.47  6.28843129293023 
0.48  6.5413374092886345 
0.49  6.803748544751092 
0.5  7.072727209666871 
0.51  7.343348628636423 
0.52  7.6103978116340345 
0.53  7.868261074113109 
0.54  8.113191314651996 
0.55  8.342119580787791 
0.56  8.554573728959983 
0.57  8.750807327311112 
0.58  8.932409462518411 
0.59  9.10067126694859 
0.6  9.257223978558631 
0.7  10.422423507516053 
0.8  11.20477715889629 
0.9  11.794303709934487 
1.0  12.265095649812661 
1.1  12.655292724325852 
1.2  12.98730958474532 
1.3  13.275247210777772 
1.4  13.528670135290447 
1.5  13.754298056244107 
1.6  13.957108231973717 
1.7  14.14089417654249 
1.8  14.308485469191613 
1.9  14.462235121535397 
2.0  14.60398050257243 
2.1  14.735200345794876 
2.2  14.857257547586187 
2.3  14.971067294984113 
2.4  15.077607577524926 
2.5  15.177609871609647 
2.6  15.271721105174269 
2.7  15.36049199094325 
2.8  15.44442640649129 
2.9  15.523939401359062 
3.0  15.599414865305391 
3.1  15.671186743186558 
3.2  15.739542421218575 
3.3  15.804741823542086 
3.4  15.86703553061642 
3.5  15.92662269780794 
3.6  15.983695912873655 
3.7  16.038434776315732 
3.8  16.09098732946005 
3.9  16.141498398978804 
4.0  16.190095254053496 
4.1  16.236895883999765 
4.2  16.282011739591635 
4.3  16.325540016646592 
4.4  16.367569084730984 
4.5  16.40818996897331 
4.6  16.44747143411801 
4.7  16.485489977593517 
4.8  16.52227667974632 
4.9  16.55796566862617 
5.0  16.592572749048497 
