#mmax= 10
#m-states: all states (FBR)
#Nr. of sites: 21
 
0.0  0.0 
0.1  -0.49391945445011426 
0.2  -0.950064134404221 
0.3  -1.3234003708359046 
0.4  -1.5473078189810772 
0.41  -1.5573705895999137 
0.42  -1.564479112794864 
0.43  -1.568454774894419 
0.44  -1.5690427635789834 
0.45  -1.5659708894428368 
0.46  -1.5589402862989918 
0.47  -1.5478578522535023 
0.48  -1.5326296796300145 
0.49  -1.5134357157201241 
0.5  -1.4907485242091385 
0.51  -1.465471863075756 
0.52  -1.4386691541596082 
0.53  -1.4115641074981153 
0.54  -1.3850981222005283 
0.55  -1.360107859196494 
0.56  -1.3369241031131094 
0.57  -1.3157071615694527 
0.58  -1.2963156882269538 
0.59  -1.2786325142980797 
0.6  -1.2624449016658195 
0.7  -1.1475660670554355 
0.8  -1.071447447324362 
0.9  -1.0126741618323614 
1.0  -0.9644583510228996 
1.1  -0.923536855255955 
1.2  -0.8879578642212722 
1.3  -0.85654942867127 
1.4  -0.8284729616202752 
1.5  -0.8031421015981918 
1.6  -0.780113748582156 
1.7  -0.7590258875933054 
1.8  -0.7396308275034706 
1.9  -0.7216901760314299 
2.0  -0.7050300396493866 
2.1  -0.6895240974987209 
2.2  -0.6749806076086305 
2.3  -0.6613743641156522 
2.4  -0.6485627121460693 
2.5  -0.6364764660574208 
2.6  -0.6250572375463798 
2.7  -0.6142436027434265 
2.8  -0.6039811867094521 
2.9  -0.5942283825297531 
3.0  -0.5849360201792689 
3.1  -0.5760765881396015 
3.2  -0.5676107759025214 
3.3  -0.5595205706223685 
3.4  -0.5517671444337422 
3.5  -0.5443337599067744 
3.6  -0.5372009267123543 
3.7  -0.5303407458348801 
3.8  -0.5237440254830222 
3.9  -0.5173893736649711 
4.0  -0.51126528811054 
4.1  -0.5053580877917252 
4.2  -0.49965258483489927 
4.3  -0.49413832933988855 
4.4  -0.48880632567511784 
4.5  -0.4836416175065125 
4.6  -0.4786457561056383 
4.7  -0.4737996709704832 
4.8  -0.46912893042900267 
4.9  -0.46456352207637236 
5.0  -0.4601368721823723 
