#mmax= 10
#m-states: all states (FBR)
#Nr. of sites: 47
 
0.0  23.499999999999996 0.010638297872343161 
0.1  29.033278613003517 0.015687098309308367 
0.2  37.71890997693798 0.024143035720946004 
0.3  53.94597545677689 0.04168469369641514 
0.4  99.2145513780532 0.10120733646386304 
0.41  109.0044944417811 0.11562201606829203 
0.42  121.04500687811456 0.13384223575764642 
0.43  136.28467125849014 0.15729151587599055 
0.44  156.06660461614683 0.18784189906379967 
0.45  183.00197233142885 0.22884071817828255 
0.46  220.1916753874464 0.28200831784756686 
0.47  272.5758102452236 0.34799949659163676 
0.48  344.8741961816295 0.42221894945085436 
0.49  436.5537917801767 0.4936947384539708 
0.5  535.7848466482322 0.5500680703525567 
0.51  625.8622761721482 0.5872823503617794 
0.52  698.8073369922821 0.609590384925593 
0.53  756.1467435872819 0.6228520526678556 
0.54  802.756101301727 0.6312713169224149 
0.55  841.5298487434807 0.6368776030704624 
0.56  875.0411276762092 0.6409022065493712 
0.57  904.6578220631312 0.6439357788739758 
0.58  931.1350694889127 0.6462934895830204 
0.59  955.1548830249575 0.6481893986517663 
0.6  977.0791887604295 0.6497407324495654 
0.7  1131.6468448001149 0.657293191149394 
0.8  1227.5903474391525 0.6600400163216654 
0.9  1297.0390866211749 0.6614842536473298 
1.0  1351.33850765253 0.6623874677024573 
1.1  1395.8107677170958 0.6630120956584389 
1.2  1433.3579253439761 0.6634727759160688 
1.3  1465.7720839397925 0.6638285579490315 
1.4  1494.1945543037725 0.6641122897183276 
1.5  1519.4344129802148 0.6643443224653401 
1.6  1542.0818582442473 0.6645379368825756 
1.7  1562.5633832495985 0.6647020097890588 
1.8  1581.2279123247874 0.664842992664132 
1.9  1598.3240737304518 0.6649653455537596 
2.0  1614.0766163037874 0.6650726607176995 
2.1  1628.6517035793338 0.6651675077277394 
2.2  1642.194921976891 0.6652519657751501 
2.3  1654.8209670282613 0.6653276240514501 
2.4  1666.6290712481396 0.6653957732774624 
2.5  1677.710294982316 0.6654575175069481 
2.6  1688.132477255915 0.6655136736412924 
2.7  1697.95944243383 0.6655649694125738 
2.8  1707.2476253220584 0.6656120143984571 
2.9  1716.0445103074228 0.6656553105254743 
3.0  1724.3923374404972 0.6656952823296929 
3.1  1732.3282747466637 0.6657322983904997 
3.2  1739.8841680932608 0.6657666769849118 
3.3  1747.0868963996131 0.6657986433557086 
3.4  1753.9686256361956 0.6658284905491807 
3.5  1760.5563625936918 0.6658564396971689 
3.6  1766.856958866921 0.6658825828171444 
3.7  1772.9005840916416 0.665907148051852 
3.8  1778.7039372604893 0.6659302681097559 
3.9  1784.2807492231268 0.6659520563134438 
4.0  1789.645110934666 0.6659726204155771 
4.1  1794.8110510141073 0.6659920651928705 
4.2  1799.7896696978873 0.6660104734990795 
4.3  1804.5933214498411 0.6660279330407692 
4.4  1809.2307950822953 0.6660445067780161 
4.5  1813.711578790836 0.6660602611885985 
4.6  1818.0456322960308 0.6660752602562258 
4.7  1822.2384565694874 0.6660895465840037 
4.8  1826.2996767584941 0.6661031779151769 
4.9  1830.2349960833021 0.6661161943856071 
5.0  1834.051218132077 0.6661286365925323 
