#mmax= 10
#m-states: all states (FBR)
#Nr. of sites: 47
 
0.0  23.49999999999996 0.010638297872341052 
0.1  21.294689697308378 0.008663314307936765 
0.2  19.30517879736446 0.006923686503588655 
0.3  17.527071334861663 0.005446482950453135 
0.4  15.95247210573543 0.004333197051372917 
0.41  15.803854113066905 0.004249484667808723 
0.42  15.6562946544299 0.004172103417375506 
0.43  15.509395485763555 0.00410014277192694 
0.44  15.363169943966518 0.00403827969909587 
0.45  15.217083725489214 0.00398736607685668 
0.46  15.070663151491958 0.003948784127065563 
0.47  14.923194766241267 0.00392237118278016 
0.48  14.774316129239955 0.003909073516843886 
0.49  14.625192851288293 0.003919371955088291 
0.5  14.479467636994126 0.003940901220851001 
0.51  14.341407122650743 0.003966033810024583 
0.52  14.212407648652343 0.003985183722776897 
0.53  14.091678414268536 0.003997218000631242 
0.54  13.977401723712223 0.004003831713554895 
0.55  13.8686066307709 0.004006551929841451 
0.56  13.764318427030013 0.004006766834221964 
0.57  13.6639521565822 0.004005150004078195 
0.58  13.567132011378675 0.0040021753640124835 
0.59  13.473543868346542 0.003998177846935791 
0.6  13.382939302961994 0.003993412517397377 
0.7  12.599416961747357 0.003925409122683132 
0.8  11.97051574685725 0.003841863753599628 
0.9  11.44307490165493 0.0037591303185816605 
1.0  10.988879544457218 0.003682992269419816 
1.1  10.590530223741316 0.003610544924858683 
1.2  10.236389820712056 0.003538466966890086 
1.3  9.918286975281504 0.0034701894165846126 
1.4  9.630170276088757 0.0034060760917075106 
1.5  9.367388742749968 0.0033460813119726707 
1.6  9.126229432004719 0.00328894541539404 
1.7  8.90383067941064 0.003235047816004477 
1.8  8.697759821627129 0.003184100269709722 
1.9  8.506099584790212 0.0031358187851031616 
2.0  8.327154183920563 0.003090190502657464 
2.1  8.159583831511837 0.0030465317772958578 
2.2  8.002176431542482 0.003004881241348345 
2.3  7.853951539454327 0.002965135441207689 
2.4  7.7140313583671105 0.0029271597878589573 
2.5  7.5816332588222695 0.0028908340513019715 
2.6  7.456112700484891 0.002856054836455457 
2.7  7.336878494254315 0.0028225009852974603 
2.8  7.223413957015138 0.0027902382345839083 
2.9  7.115255764693809 0.0027591447099687416 
3.0  7.012000093083065 0.0027292224012098742 
3.1  6.9132829152864375 0.002700314112275004 
3.2  6.818787011544798 0.0026725696836514823 
3.3  6.728214816872876 0.0026451379178592527 
3.4  6.641276504083016 0.002619045979115109 
3.5  6.5577192964975595 0.0025937585672984875 
3.6  6.477380863878786 0.002569324592983424 
3.7  6.4000298887010905 0.0025459052373774105 
3.8  6.325471256269991 0.002522879145958723 
3.9  6.253549889823044 0.002500785170906017 
4.0  6.184108083438159 0.0024788473455915616 
4.1  6.117000917401479 0.002457737246901237 
4.2  6.052111287487244 0.002437230399119361 
4.3  5.989310339154109 0.002417236635363307 
4.4  5.928487989303993 0.0023977978849005765 
4.5  5.869541068695179 0.0023793556992056653 
4.6  5.812378992865164 0.0023604394418736963 
4.7  5.756901266689526 0.0023429164087026555 
4.8  5.703044799006157 0.002324916339686678 
4.9  5.650702844862698 0.0023084577494234537 
5.0  5.599830622320963 0.00229149922373284 
