#mmax= 10
#m-states: all states (FBR)
#Nr. of sites: 47
 
0.0  2.0162188444581987e-25 
0.1  0.025786343170370728 
0.2  0.05660014144074486 
0.3  0.09928971337202422 
0.4  0.16699527987726367 
0.41  0.17619975005783586 
0.42  0.18607194547561662 
0.43  0.19671339144610608 
0.44  0.20825351141467746 
0.45  0.22087498095230462 
0.46  0.2348007116057574 
0.47  0.25030487373618937 
0.48  0.2675627742315123 
0.49  0.28625286225028984 
0.5  0.3051109008564736 
0.51  0.32255382721945425 
0.52  0.33786080656622197 
0.53  0.35120415019360995 
0.54  0.3630898980753771 
0.55  0.3738204467409777 
0.56  0.38368437090643204 
0.57  0.39284370517668127 
0.58  0.40139261806139165 
0.59  0.40942500081478383 
0.6  0.4169928616737941 
0.7  0.47586265499252045 
0.8  0.5166796723498644 
0.9  0.5478113444682535 
1.0  0.5728846620938938 
1.1  0.5938060651439752 
1.2  0.611695796305121 
1.3  0.627279531294931 
1.4  0.64103832966482 
1.5  0.653321802411081 
1.6  0.6643890940615218 
1.7  0.6744330956619458 
1.8  0.6836112127866375 
1.9  0.6920391466882626 
2.0  0.6998198965748699 
2.1  0.7070322308098184 
2.2  0.7137440097843957 
2.3  0.7200101373812103 
2.4  0.7258777945944395 
2.5  0.7313898777473323 
2.6  0.736579481482098 
2.7  0.7414772215317602 
2.8  0.7461102130580406 
2.9  0.7505013571757778 
3.0  0.7546712059566956 
3.1  0.7586378520895463 
3.2  0.7624169481039241 
3.3  0.7660217157644308 
3.4  0.7694673219486198 
3.5  0.7727668517652353 
3.6  0.7759245644834138 
3.7  0.7789547885491614 
3.8  0.7818655775628625 
3.9  0.784663807506165 
4.0  0.7873564110205997 
4.1  0.7899501664003764 
4.2  0.7924508809465837 
4.3  0.7948643678304333 
4.4  0.7971950741446735 
4.5  0.7994476613027931 
4.6  0.8016272033986899 
4.7  0.803736069736041 
4.8  0.8057795564722688 
4.9  0.807759756338866 
5.0  0.8096807577904295 
