#mmax= 10
#m-states: all states (FBR)
#Nr. of sites: 47
 
0.0 1.4210854715202004e-14
0.1 -0.288242155757767
0.2 -1.1624808299662965
0.3 -2.6564070834334377
0.4 -4.850691824067809
0.41 -5.1147379008875475
0.42 -5.3879988921822
0.43 -5.670891405237227
0.44 -5.963908906848317
0.45 -6.267649770561957
0.46 -6.582836206551873
0.47 -6.910371339388192
0.48 -7.251314093042869
0.49 -7.6066850246733395
0.5 -7.9769393560460315
0.51 -8.361457959131936
0.52 -8.758790938382761
0.53 -9.167363921952983
0.54 -9.585883050632093
0.55 -10.013361101632391
0.56 -10.449036694576137
0.57 -10.892299935422955
0.58 -11.34264057524129
0.59 -11.799620052151212
0.6 -12.262855366283253
0.7 -17.17870998227809
0.8 -22.48570895335702
0.9 -28.07694837852129
1.0 -33.89031484608898
1.1 -39.885188385923314
1.2 -46.03292191497127
1.3 -52.312212599327054
1.4 -58.70659009630487
1.5 -65.20294073138919
1.6 -71.79058241725204
1.7 -78.46063622534145
1.8 -85.20562882943888
1.9 -92.01917416662486
2.0 -98.89576563677107
2.1 -105.83060938179003
2.2 -112.81949811409164
2.3 -119.85871387087977
2.4 -126.94495017098683
2.5 -134.07524891452414
2.6 -141.24695442468595
2.7 -148.4576732430021
2.8 -155.70522687601755
2.9 -162.98763674540533
3.0 -170.30309595271927
3.1 -177.64994877688167
3.2 -185.02666924821892
3.3 -192.43186400255922
3.4 -199.8642340438833
3.5 -207.32257871465043
3.6 -214.80578428397462
3.7 -222.31281416561373
3.8 -229.84270241991248
3.9 -237.3945461835837
4.0 -244.967500968995
4.1 -252.560775078853
4.2 -260.17362531826484
4.3 -267.8053520704378
4.4 -275.45529710955634
4.5 -283.12283939176575
4.6 -290.8073926812249
4.7 -298.50840203877954
4.8 -306.2253427275109
4.9 -313.957716902996
5.0 -321.70505232933147
