0.0  -2.2204460492503128e-16  0.0
0.1  0.006530151044520085  0.00025594018571303443
0.2  0.026713297383400916  0.0005218803668163277
0.3  0.06737839636186906  0.0008355655188229331
0.4  0.15086483859470973  0.0012820690021674056
0.41  0.16377359390038862  0.001340659329989142
0.42  0.17938762530585364  0.0014118990501128725
0.43  0.19794256252625028  0.001495187783540532
0.44  0.21971720566837538  0.001580698304145791
0.45  0.24734082935193197  0.0016918741075028117
0.46  0.2882329424700865  0.0018484642440665044
0.47  0.3403097790857606  0.0020416862884976576
0.48  0.41204836320495675  0.002300245936084716
0.49  0.5015754821943421  0.002620500904433185
0.5  0.6024434920005861  0.0029625283632205013
0.51  0.6666284133705884  0.003195246557234683
0.52  0.6969841731232969  0.003288057841522496
0.53  0.719623176003612  0.0033466208640828663
0.54  0.7172718941815817  0.0033346204281973733
0.55  0.7178217376039306  0.003328351434350632
0.56  0.7176895336327079  0.003316406064108423
0.57  0.7199601427819642  0.0033183217091231464
0.58  0.7170325415315552  0.003315361524895216
0.59  0.7154389666339709  0.0033049790986254004
0.6  0.7122023403087616  0.0032880651441796905
0.7  0.7092292248049558  0.0032616566012343548
0.8  0.6998773380399652  0.003231558849121616
0.9  0.7070496589743992  0.003250426814930884
1.0  0.7070267589652556  0.003243537902317602
1.1  0.7032398504907219  0.003232038446789903
1.2  0.7022661396576253  0.0032279845014514226
1.3  0.7048421401299619  0.003237479452583876
1.4  0.7008699522167626  0.003224158172657028
1.5  0.7038374337464349  0.0032325778670862066
1.6  0.7025168609995484  0.0032297113140203437
1.7  0.7036263598028611  0.0032315477270293516
1.8  0.7042644475897832  0.0032337147001854014
1.9  0.7053405726265599  0.0032344012265561432
2.0  0.7080128875854333  0.0032412502692805863
2.1  0.7031763922671767  0.00322628256489318
2.2  0.7054968330087388  0.003229538342764444
2.3  0.7059788609760066  0.0032370282674963327
2.4  0.702006243070088  0.003226301387650121
2.5  0.7095093875455483  0.0032508718857744215
2.6  0.7023230106366537  0.0032275683206500765
2.7  0.7058572303403389  0.0032349956746736135
2.8  0.706084556993855  0.0032355675912034516
2.9  0.7039409519983053  0.003226159979767587
3.0  0.7083370459334012  0.0032444359499851764
3.1  0.6966993267490669  0.0032074426771331616
3.2  0.7071242784049651  0.003235866581587763
3.3  0.702226931994192  0.003221017581390551
3.4  0.7067643090050146  0.003238204490931484
3.5  0.7031648147195317  0.0032275018187182683
3.6  0.7045726440671664  0.003231326982578851
3.7  0.69982969517511  0.0032170370220396265
3.8  0.7024472411044681  0.003223421405952422
3.9  0.6987140413709211  0.0032112339882440348
4.0  0.7104396811724571  0.003248919629423729
4.1  0.7013156803595874  0.0032218616278719674
4.2  0.7049461779674542  0.0032355145163991722
4.3  0.6999644893802884  0.003212552558701799
4.4  0.701701371164567  0.0032236155466911693
4.5  0.7029364114897556  0.003224728263976461
4.6  0.7030851954161836  0.003222698767270356
4.7  0.700607035090982  0.003212664645044599
4.8  0.7052458554620213  0.00323501672895032
4.9  0.7021089287717246  0.0032239325148052706
5.0  0.703089389829634  0.0032259310831937527
0.0  -2.2204460492503128e-16  0.0
0.1  0.006189162460842946  0.00024916595907063967
0.2  0.02642487187498979  0.0005173740185402723
0.3  0.06631285426452305  0.0008302782686629684
0.4  0.150951424026723  0.0012815849683030054
0.41  0.16206132697025435  0.0013333518649737233
0.42  0.1776243255892567  0.0014038384654454013
0.43  0.19899936512968006  0.001488407519542098
0.44  0.2249891659730898  0.0015977318470327634
0.45  0.24996473436253808  0.0016999697933964054
0.46  0.2858754827905022  0.0018480381467379861
0.47  0.3397247777467425  0.0020382587683605074
0.48  0.4119684643523457  0.002299528500928758
0.49  0.5059867747744243  0.002633046490270911
0.5  0.5982384861054877  0.002957010840263646
0.51  0.6731333546525358  0.0032070132247204093
0.52  0.701503485855679  0.003298782829903226
0.53  0.7147289523892916  0.003336849627922905
0.54  0.715843837611656  0.003338005707614061
0.55  0.7189686842316996  0.0033269809030436422
0.56  0.7153992057444637  0.003321613059910415
0.57  0.7184360729004166  0.003320910737180108
0.58  0.7232462004989381  0.003325423987394084
0.59  0.7196348294189954  0.003321424127656257
0.6  0.711486940828797  0.0032845090871679904
0.7  0.7066169511089467  0.0032520706739384733
0.8  0.7094285000326043  0.003255471391379827
0.9  0.7054995228881354  0.003243950567884981
1.0  0.7148285925726823  0.0032678471948108263
1.1  0.7071818182852166  0.003248774187172616
1.2  0.7056773284604405  0.0032419162059698784
1.3  0.7037937366383489  0.003236491259922483
1.4  0.7054208276334956  0.003235470373343461
1.5  0.7065399683020447  0.0032423963270491957
1.6  0.7034773201439399  0.003228496843551185
1.7  0.7042858192429696  0.003234626566044104
1.8  0.7096711949962975  0.0032453172937246598
1.9  0.7041792252138444  0.0032334898669828856
2.0  0.7040838597735608  0.0032353777038368
2.1  0.7060627987361474  0.0032374777510509323
2.2  0.7037573858028547  0.0032278672941282965
2.3  0.7020458633377114  0.003222428446713125
2.4  0.7047826190316245  0.0032339297878623274
2.5  0.7008256580535565  0.003218478106360381
2.6  0.7007044473446562  0.003215504622662412
2.7  0.7016754336316302  0.0032263763733189612
2.8  0.7031272161411676  0.0032280525139981166
2.9  0.7033660139950566  0.003231704793627432
3.0  0.7005913679117542  0.0032200318968633635
3.1  0.7050965905218318  0.0032324254658672
3.2  0.7040184545445074  0.003228820937502019
3.3  0.7050142216288072  0.0032310578407023826
3.4  0.7123302372105734  0.003258564537570574
3.5  0.7016729589829063  0.0032193080140872532
3.6  0.7047998326337835  0.003235215633291395
3.7  0.7042483392224353  0.003230511103895601
3.8  0.7051493166651687  0.0032333248062458614
3.9  0.7043319637844745  0.003232221076791775
4.0  0.7092963855602369  0.0032457567665732825
4.1  0.699498882986483  0.0032136565738060787
4.2  0.7052773051638648  0.0032289015464690646
4.3  0.702640138884642  0.0032200878222063893
4.4  0.7036641298333071  0.0032268477014414506
4.5  0.7091419417234494  0.003245101160595501
4.6  0.7081447866398476  0.003235776586216288
4.7  0.7033698528606762  0.003229096102066251
4.8  0.6981738545836506  0.003208555204070202
4.9  0.7042690055906627  0.0032268695706016755
5.0  0.7030454111894172  0.003226884924200121
