#mmax= 10
#m-states: all states (FBR)
#Nr. of sites: 47
 
0.0  -0.0 
0.1  0.006345533424343081 
0.2  0.02670127243483644 
0.3  0.06678816855635557 
0.4  0.14972098382976168 
0.41  0.16356378100407867 
0.42  0.17948339652224196 
0.43  0.19818528092985524 
0.44  0.22077353275782005 
0.45  0.24925195331281444 
0.46  0.28681455398047506 
0.47  0.33886026391942586 
0.48  0.4117021334978824 
0.49  0.5050461661536302 
0.5  0.5993440430055036 
0.51  0.6670916788947361 
0.52  0.701939845221997 
0.53  0.7155487942466213 
0.54  0.7195705583494925 
0.55  0.7197703189731797 
0.56  0.7187665330556791 
0.57  0.7174803128200279 
0.58  0.7162356575042915 
0.59  0.7151209951536537 
0.6  0.7141485545203077 
0.7  0.7089372556225751 
0.8  0.7071542829950865 
0.9  0.7061770525170468 
1.0  0.705670032495368 
1.1  0.7053475142103232 
1.2  0.7050120431985711 
1.3  0.7048102436541083 
1.4  0.7046718771975687 
1.5  0.7045102402453499 
1.6  0.7044082445526249 
1.7  0.7042611322085959 
1.8  0.7041527085826856 
1.9  0.7040834315814393 
2.0  0.7040132844688295 
2.1  0.7038961284780727 
2.2  0.7038398480652288 
2.3  0.7037899243021537 
2.4  0.7037758819819987 
2.5  0.70372630573986 
2.6  0.7036831774078821 
2.7  0.703654215573942 
2.8  0.703620727552499 
2.9  0.7035859044503506 
3.0  0.7035564093805748 
3.1  0.7035287913469443 
3.2  0.7035064911695064 
3.3  0.703481423752819 
3.4  0.7034578598595375 
3.5  0.703434808792925 
3.6  0.7034123709684271 
3.7  0.70339208312402 
3.8  0.7033729107975926 
3.9  0.7033546112404376 
4.0  0.7033365782746679 
4.1  0.7033202907369149 
4.2  0.7033045109409197 
4.3  0.7032894806492378 
4.4  0.7032744430203717 
4.5  0.7032606643817014 
4.6  0.7032472743235297 
4.7  0.7032344847344717 
4.8  0.7032222025630195 
4.9  0.7032102943396144 
5.0  0.7031988685235657 
