#mmax= 10
#m-states: all states (FBR)
#Nr. of sites: 47
 
0.0  0.0 
0.1  0.022975244449325853 
0.2  0.0770254777675948 
0.3  0.16004828943995547 
0.4  0.29198520489618396 
0.41  0.3110310932249195 
0.42  0.3322239707826407 
0.43  0.3562823242971731 
0.44  0.3843044773058503 
0.45  0.41837255118492206 
0.46  0.4612504339685284 
0.47  0.5169632611037444 
0.48  0.5874903984172496 
0.49  0.6655742834274728 
0.5  0.7312899876968618 
0.51  0.7695014824646779 
0.52  0.7836916012943403 
0.53  0.785080350576959 
0.54  0.7816872422143468 
0.55  0.7770077950822631 
0.56  0.7724130354864899 
0.57  0.7682875934703135 
0.58  0.7647110874345339 
0.59  0.7616148536905253 
0.6  0.7589305336327096 
0.7  0.7442177736278457 
0.8  0.738455800950206 
0.9  0.7354171918224185 
1.0  0.7336043998254118 
1.1  0.7323865891696968 
1.2  0.7314478095343573 
1.3  0.7307524861465933 
1.4  0.730207389783371 
1.5  0.7297336498802004 
1.6  0.7293521248707489 
1.7  0.728994159722238 
1.8  0.7286926893719488 
1.9  0.728440380115293 
2.0  0.7282113498530444 
2.1  0.7279786582011235 
2.2  0.7277934043151212 
2.3  0.7276253817408544 
2.4  0.7274878421587533 
2.5  0.7273423375223876 
2.6  0.7272101536363227 
2.7  0.7270932119578817 
2.8  0.7269814487137624 
2.9  0.7268754529984086 
3.0  0.7267778757944504 
3.1  0.7266865564969173 
3.2  0.7266022595108301 
3.3  0.7265211498173141 
3.4  0.7264446353056685 
3.5  0.7263717958782446 
3.6  0.7263027345870386 
3.7  0.7262377318906451 
3.8  0.7261757874224996 
3.9  0.7261169171754736 
4.0  0.7260606449729836 
4.1  0.7260072581044668 
4.2  0.7259561378702145 
4.3  0.7259072663738856 
4.4  0.7258601298636249 
4.5  0.7258152283281905 
4.6  0.7257720671160963 
4.7  0.7257306348317313 
4.8  0.7256907985929898 
4.9  0.7256524110776927 
5.0  0.725615442932139 
