#mmax= 10
#m-states: all states (FBR)
#Nr. of sites: 47

0.0  0.0 0.0 0.0 NaN NaN 0.0 
0.1  0.00082 0.0022637235962999556 0.5124444520445205 -0.04421842509478169 7.628310056464601 0.0 
0.2  -0.00096 0.004535746522234807 2.057299651396515 0.013394659426189837 1.7950462610496638 0.0 
0.3  -0.00664 0.006858106840834022 4.7033629440294416 0.0016402071067368401 0.7109267272320703 0.0 
0.4  0.00148 0.009248223255973761 8.552963339233392 0.00862047412790932 0.3459912497166431 0.0 
0.41  -0.0105 0.009473552395060147 8.974819498194986 0.002579193878055563 0.29940308746651656 0.0 
0.42  -0.001 0.009779373515796583 9.563614636146363 0.0022630693261312027 0.27753154139727476 0.0 
0.43  -0.00312 0.010043351599198022 10.086891134511346 0.006138605680240838 0.27861491570460073 0.0 
0.44  -0.01334 0.010310173783250914 10.62996834408345 -0.006397273395001679 0.22486898229784558 0.0 
0.45  0.01982 0.010653638189654594 11.35000066760668 0.0023874045116149163 0.22411278140922208 0.0 
0.46  -0.0181 0.010895279297526508 11.870711097110972 0.012992594289937553 0.23979175386596907 0.0 
0.47  -0.004 0.011221457089477823 12.59210992109921 -0.023595970448436185 0.22286787809501174 0.0 
0.48  -0.00848 0.011565181296900809 13.375341843018425 0.00797011217159803 0.161886056899613 0.0 
0.49  0.00702 0.011935750157292924 14.246213181731807 -0.005950170624004422 0.1502666619659072 0.0 
0.5  0.00572 0.012274867801316454 15.067237953979541 0.007977586957362613 0.14642899951223454 0.0 
0.51  0.0152 0.012546842783451074 15.74232638326383 0.0030828667353850607 0.13684651314918872 0.0 
0.52  -0.00416 0.012871856268263638 16.56846837908379 0.010869119011640017 0.09183548160681276 0.0 
0.53  -0.01198 0.013119020004667225 17.210868588285884 0.0004424956635361397 0.09141382681862487 0.0 
0.54  -0.00032 0.013330152883810412 17.769297590575903 -0.010125925944873562 0.07564182479174653 0.0 
0.55  0.00376 0.01351070997456611 18.253928401684014 0.0009070325976703794 0.06623494646790151 0.0 
0.56  0.00266 0.013712177415789761 18.80238094820948 -0.0066729717639972125 0.11013097786692327 0.0 
0.57  -0.0141 0.013820257663850517 19.099952189521893 -0.009300308564673097 0.05344482697364317 0.0 
0.58  0.01748 0.014100912483003663 19.883573285332854 0.005053269326335726 0.05117206413685427 0.0 
0.59  0.00312 0.014246021625258102 20.294913214732148 0.0038548966125402477 0.07319959335876147 0.0 
0.6  0.00794 0.014336255607593235 20.552822484624848 0.004843732996524984 0.036830232028633336 0.0 
0.7  0.00053 0.015570970481707858 24.24551217422174 0.007886250693472234 0.05180702098823797 0.0 
0.8  0.00857 0.01652430016902261 27.305249607596068 -0.002860120142276641 0.01556293978684753 0.0 
0.9  0.00134 0.01729874488249784 29.924657450974518 0.0016982980026452408 0.03958311942341153 0.0 
1.0  0.00632 0.017940780899732122 32.187161929219286 0.0021036278967940573 -0.0023326066420668035 0.0 
1.1  0.01536 0.018494330512527645 34.204026110661104 -0.0017194328067670663 0.02004320243445834 0.0 
1.2  0.03735 0.019105470419882354 36.501899996499965 -0.0009870747394183006 0.02832326185884071 0.0 
1.3  -0.02005 0.019509938143209567 38.06376863518636 -0.0004285968318002293 -0.02068476282975551 0.0 
1.4  0.02357 0.020038496948738438 40.154135996459964 -0.006000790983097638 0.034792487217008006 0.0 
1.5  -0.01768 0.020435524223334788 41.761065028250286 -0.009172087479529413 0.008928189016254251 0.0 
1.6  0.00538 0.0207511497671374 43.06102166581665 0.005112156632202116 0.01265287781486224 0.0 
1.7  -0.02224 0.021240126300322525 45.11429652536526 -0.011335241340452286 0.035390288083946064 7.752041e-317 
1.8  -0.01487 0.021701419270337672 47.09515983469833 0.0005679240259698576 -0.0032575069044975535 5.817530470392666e-290 
1.9  0.0106 0.021943611635756685 48.152209162091616 -0.007102125949966886 0.013358871580096299 2.06514514994021e-306 
2.0  -0.01446 0.022232418939209447 49.4280451888519 -0.011795916168856046 0.00447097989737566 2.39486528408726e-281 
2.1  -0.00046 0.022539748851457573 50.804027828678294 0.008120039780505139 0.022261607899644265 9.121400311688588e-274 
2.2  0.00496 0.02288170862741454 52.357258970989704 0.00045457306879966285 0.015328865089111687 1.2662285319135985e-274 
2.3  0.03143 0.02321639101064409 53.900081155911565 -0.00973708942074357 -0.019109987317233124 1.2449144427930525e-276 
2.4  -0.00997 0.023501706944247542 55.23302292932931 0.007428562339104261 0.001501189902385125 4.3205190457966775e-253 
2.5  0.04306 0.023738485493412072 56.35156935209355 -0.0034254899898386285 -0.01917335656842223 3.2263730182848003e-242 
2.6  -0.00763 0.023987285626550524 57.538987172971744 -0.019278429626101903 0.020196668651423 9.325973857374735e-253 
2.7  0.007 0.024304090538182433 59.068881688816894 0.00510725766968481 0.00636877267395386 6.751204296219817e-231 
2.8  -0.02276 0.02447442767053191 59.89976098000981 -0.015320480390920887 0.00435981110712369 7.657293307331512e-233 
2.9  -0.0136 0.024766943380539398 61.34014844148442 -0.008799977724400847 0.03330446943638776 3.307679181640111e-227 
3.0  -0.03532 0.02492898593042635 62.1454339519395 -0.005196473338506096 0.017354745057535315 2.4458992990456373e-231 
3.1  -0.01529 0.02522931087723708 63.651812734027324 0.0018201987888540464 -0.006391435298949588 2.6199531826056945e-217 
3.2  -0.00231 0.025403198614820117 64.53224998639988 0.010823640770231853 0.028168508117180746 1.0286711374175525e-223 
3.3  -0.00945 0.025692816275820794 66.01208081830819 -0.0018253187452240832 0.012320590539951048 1.6332592513115398e-211 
3.4  -0.01834 0.02586931248907258 66.92213286572866 -0.005224715725504325 0.016322615215542235 3.893219238378709e-209 
3.5  0.02935 0.026064836073372788 67.93756795317954 -0.008724554854098052 0.022019529347355515 3.5663552990661965e-214 
3.6  0.01846 0.026291609018297978 69.12487047710476 0.0027543115902656863 0.04184812779710967 1.2187197673025481e-217 
3.7  0.00842 0.026499296465437187 70.22127131631318 -0.009318815439045208 0.01768659210706769 1.474760251479363e-199 
3.8  -0.00412 0.02670346720947694 71.30751610076102 -0.011921654207561827 0.01105761668223959 3.3036126437262066e-203 
3.9  -0.02023 0.027031605844791116 73.07077145481453 -0.012112645262699156 0.020475040094490637 2.327476591510041e-203 
4.0  -0.02496 0.027085957735975753 73.36491064750648 -0.001205971519290335 0.013495492657479069 6.107340522699855e-195 
4.1  0.02022 0.027289704263615388 74.47279587955879 0.0007544072973353243 0.03431673030922289 1.848351968512555e-188 
4.2  -0.05849 0.027402255345773643 75.08835980349802 -0.014356197786667496 0.009104271849856183 9.883611383691946e-207 
4.3  0.01311 0.02767111559343753 76.56906381853818 0.0012099388496278486 -0.02167734703373192 1.2719692629394181e-179 
4.4  -0.05407 0.027931714343334916 78.01806661576614 0.008110347539450214 0.034375164057398155 1.0503589376923627e-184 
4.5  0.04321 0.02802122911029794 78.51892808518086 0.0010386768822371324 -0.005004740457454471 1.886538708168346e-186 
4.6  0.00911 0.028056573949654252 78.71713417924177 0.005945499447301445 -0.019170317513272472 1.9902074979743964e-180 
4.7  0.0004 0.028144582419627327 79.21175195751957 0.006914429212212642 -0.017043956073654165 2.4179791903861397e-185 
4.8  0.01311 0.02843900611923157 80.87770690496906 -0.0032957691802196804 -0.0005225227454346282 1.5347133803833728e-176 
4.9  0.03649 0.028720853637615593 82.48874336733368 0.008143728103968052 0.004873596114582046 2.578088720666184e-178 
5.0  -0.03578 0.028766745960791807 82.75256731727318 -0.014336594219223038 -0.0007266922469648662 3.6790133785599824e-168 
