#mmax= 10
#m-states: all states (FBR)
#Nr. of sites: 47
 
0.0  -3.2913820954961035e-49 
0.1  0.002481039204357264 
0.2  0.009691626101367378 
0.3  0.020902487722018644 
0.4  0.03466968547270614 
0.41  0.036094700567933645 
0.42  0.037513137180290056 
0.43  0.0389197002103394 
0.44  0.04030791208331075 
0.45  0.04167012182516474 
0.46  0.04299617146984949 
0.47  0.04427376852877756 
0.48  0.04548674028080902 
0.49  0.04662120122535337 
0.5  0.04767746855580662 
0.51  0.04867556889739344 
0.52  0.04963854516717312 
0.53  0.050578114739258474 
0.54  0.051496305731775285 
0.55  0.0523945101395059 
0.56  0.05327227073670563 
0.57  0.054130174097769025 
0.58  0.05496920409412364 
0.59  0.05579003946966117 
0.6  0.05659355044841883 
0.7  0.06386174388387782 
0.8  0.0701205422989508 
0.9  0.07571000971341778 
1.0  0.08082289510729605 
1.1  0.0855777048414903 
1.2  0.0900513925199129 
1.3  0.09429494886131425 
1.4  0.09834752215677421 
1.5  0.10223593661910034 
1.6  0.10598211276684485 
1.7  0.10960195979964682 
1.8  0.113108054255776 
1.9  0.11651281465020032 
2.0  0.11982417815191922 
2.1  0.12304946522585991 
2.2  0.12619570888903436 
2.3  0.1292687070224056 
2.4  0.13227395661414712 
2.5  0.1352149099240237 
2.6  0.13809642569322136 
2.7  0.14092228660567652 
2.8  0.14369502773359955 
2.9  0.14641797833952055 
3.0  0.14909354980285985 
3.1  0.1517240354655506 
3.2  0.15431147774619178 
3.3  0.15685944108935496 
3.4  0.1593684348726082 
3.5  0.16183817682134483 
3.6  0.16427606159106437 
3.7  0.16667833860924275 
3.8  0.1690472352125514 
3.9  0.1713850346606103 
4.0  0.17369302792475197 
4.1  0.1759724163880624 
4.2  0.1782235085537377 
4.3  0.18044743173927086 
4.4  0.1826457053135849 
4.5  0.18481954661301397 
4.6  0.18696708511650026 
4.7  0.18909409157350007 
4.8  0.19119555127537077 
4.9  0.19327808575198535 
5.0  0.19533734142359016 
