#mmax= 10
#m-states: all states (FBR)
#Nr. of sites: 47
 
0.0  4.453286317345751e-8 
0.1  -2.7788380679410073e-8 
0.2  -1.5781864063733757e-6 
0.3  1.0052179903677923e-6 
0.4  -4.819473921750928e-7 
0.41  2.703780194147035e-6 
0.42  4.816487535876203e-6 
0.43  5.341855133023731e-6 
0.44  9.948369317417486e-5 
0.45  4.5790870753947706e-5 
0.46  -8.155320750497536e-5 
0.47  -0.0003318603141345596 
0.48  0.00021073823528760112 
0.49  0.0012398211425074372 
0.5  4.160567274479802e-5 
0.51  -0.0058626820160512065 
0.52  -0.0075914845568383895 
0.53  -0.005827513230709753 
0.54  -0.006430627699724029 
0.55  -0.006160747893179583 
0.56  -0.006455620507273568 
0.57  -0.00914222007809771 
0.58  -0.010930114982664288 
0.59  -0.007949411753017653 
0.6  -0.0024234824704431057 
0.7  -0.37625275322420826 
0.8  -0.2643602766803299 
0.9  -0.37608336864295827 
1.0  -0.2889979636055802 
1.1  -0.12528273503240378 
1.2  -0.3263758117714374 
1.3  -0.31031581878506004 
1.4  -0.2293371434606533 
1.5  -0.2942335340975753 
1.6  -0.2515599911076583 
1.7  -0.36746912263559606 
1.8  -0.4098034713137624 
1.9  -0.39458299679530645 
2.0  -0.3974696210765365 
2.1  -0.4981308441359994 
2.2  -0.499787639594511 
2.3  -0.499040574424414 
2.4  -0.4425912233987217 
2.5  -0.4554284946882174 
2.6  -0.4627241334877915 
2.7  -0.44913371086916504 
2.8  -0.44878343489098627 
2.9  -0.4552651842287836 
3.0  -0.45550725542353887 
3.1  -0.4557780606279097 
3.2  -0.44882565479797676 
3.3  -0.4502630642738858 
3.4  -0.45138370760286955 
3.5  -0.4538385612449273 
3.6  -0.457510025049762 
3.7  -0.45906613289093723 
3.8  -0.46015736698699367 
3.9  -0.46137235911533186 
4.0  -0.4637853566512303 
4.1  -0.46416982968810805 
4.2  -0.4649727917685209 
4.3  -0.46558073534821126 
4.4  -0.4674212781063094 
4.5  -0.46789519242282995 
4.6  -0.4687066998358309 
4.7  -0.4693126296161322 
4.8  -0.46987885977446675 
4.9  -0.4705750972103479 
5.0  -0.4711505306965631 
