#mmax= 10
#m-states: all states (FBR)
#Nr. of sites: 47
 
0.0  0.0 
0.1  0.0 
0.2  0.0 
0.3  0.0 
0.4  0.0 
0.41  0.0 
0.42  0.0 
0.43  0.0 
0.44  0.0 
0.45  0.0 
0.46  0.0 
0.47  0.0 
0.48  0.0 
0.49  0.0 
0.5  0.0 
0.51  0.0 
0.52  0.0 
0.53  0.0 
0.54  0.0 
0.55  0.0 
0.56  0.0 
0.57  0.0 
0.58  0.0 
0.59  0.0 
0.6  0.0 
0.7  0.0 
0.8  0.0 
0.9  0.0 
1.0  0.0 
1.1  0.0 
1.2  0.0 
1.3  0.0 
1.4  0.0 
1.5  0.0 
1.6  0.0 
1.7  0.0 
1.8  0.0 
1.9  0.0 
2.0  0.0 
2.1  0.0 
2.2  0.0 
2.3  0.0 
2.4  0.0 
2.5  0.0 
2.6  0.0 
2.7  0.0 
2.8  0.0 
2.9  0.0 
3.0  0.0 
3.1  0.0 
3.2  0.0 
3.3  0.0 
3.4  0.0 
3.5  0.0 
3.6  0.0 
3.7  0.0 
3.8  0.0 
3.9  0.0 
4.0  0.0 
4.1  0.0 
4.2  0.0 
4.3  0.0 
4.4  0.0 
4.5  0.0 
4.6  0.0 
4.7  0.0 
4.8  0.0 
4.9  0.0 
5.0  0.0 
