#mmax= 10
#m-states: all states (FBR)
#Nr. of sites: 47

0.0  -2.2204460492503128e-16  0.0
0.1  -0.0  6.426286493799084e-19
0.2  -0.0  2.6880603359967287e-19
0.3  -0.0  3.1271022153098444e-19
0.4  -0.0  3.073408690984059e-19
0.41  -0.0  3.0635067214771293e-19
0.42  -0.0  3.1516023987501946e-19
0.43  -0.0  3.0367339264490376e-19
0.44  -0.0  3.044699396397378e-19
0.45  -0.0  3.067628055369563e-19
0.46  -0.0  3.054783384824143e-19
0.47  2.000020000268671e-5  1.4142347759124126e-5
0.48  5.000125004166272e-5  2.23613506199889e-5
0.49  2.000020000268671e-5  1.4142347759124126e-5
0.5  4.000080002137398e-5  2.000050001475049e-5
0.51  6.000180007195222e-5  2.4495754786904505e-5
0.52  5.000125004166272e-5  2.2361350619988902e-5
0.53  0.00017001445163787897  4.123476751721625e-5
0.54  0.00011000605044375778  3.3168238039299147e-5
0.55  0.00018001620194422045  4.243043791608941e-5
0.56  0.0002100220530875298  4.583079856657992e-5
0.57  0.0002000200026670447  4.472605598772201e-5
0.58  0.00029004205813144775  5.385972755838329e-5
0.59  0.00034005781310468206  5.831972569446578e-5
0.6  0.00039007606977878686  6.246247360637848e-5
0.7  0.0009504515359934542  9.751476130897467e-5
0.8  0.0016513627492293792  0.0001285590730746949
0.9  0.0032552927206137027  0.00018057213368159546
1.0  0.003877507785734857  0.00019710590693254102
1.1  0.005304041591853444  0.00023061192737841848
1.2  0.0067930204050964125  0.0002610787900384847
1.3  0.008556502676507524  0.0002931433114453701
1.4  0.010262479563599172  0.0003211763154333513
1.5  0.012032096214115403  0.0003479208834687668
1.6  0.01354127054843918  0.00036923576626051395
1.7  0.01580423150511243  0.00039912326607305566
1.8  0.01724789327826966  0.0004171051535492052
1.9  0.01908088751682897  0.0004389109632439027
2.0  0.02117256492423051  0.0004625852096595695
2.1  0.022235381178038315  0.00047417983557849564
2.2  0.02537934729332946  0.000506995076842572
2.3  0.026754735862674073  0.000520731474557161
2.4  0.02897576734412253  0.000542217097203091
2.5  0.030417969656386323  0.000555748413815648
2.6  0.03298817199117511  0.000579125598561157
2.7  0.03458108725634306  0.0005931805073422847
2.8  0.03722430433124838  0.0006158423675414742
2.9  0.03937512126469436  0.0006337270270531764
3.0  0.0394999436471543  0.0006347506151225773
3.1  0.04221879740631008  0.0006566819000480483
3.2  0.044066825628738  0.0006712125432322719
3.3  0.04642087958080621  0.0006893154141624471
3.4  0.04658856695304868  0.0006905890176986911
3.5  0.04949480248576239  0.0007123238286545421
3.6  0.05215679626618792  0.0007317200693021733
3.7  0.05382278786315188  0.0007436269706993244
3.8  0.054773008018768506  0.0007503423207268073
3.9  0.05768204938460163  0.0007705755850629027
4.0  0.06010027378210007  0.0007870421146573297
4.1  0.061045934008409776  0.0007933998977316885
4.2  0.06285456318982989  0.0008054350322764175
4.3  0.06371748621100665  0.000811121890816359
4.4  0.06580862415133601  0.000824760238298545
4.5  0.0687054863757104  0.0008433258593958897
4.6  0.06868572411505584  0.0008432092928423739
4.7  0.07175377976650608  0.0008625049159569195
4.8  0.07133415958322341  0.0008598838012284293
4.9  0.07576928056969927  0.0008872112259036814
5.0  0.0774318181589617  0.0008972692992951981
