#mmax= 10
#m-states: all states (FBR)
#Nr. of sites: 47

0.0  1.0000000000000002  0.0
0.1  1.0  6.426286493799084e-19
0.2  1.0  2.6880603359967287e-19
0.3  1.0  3.1271022153098444e-19
0.4  1.0  3.073408690984059e-19
0.41  1.0  3.0635067214771293e-19
0.42  1.0  3.1516023987501946e-19
0.43  1.0  3.0367339264490376e-19
0.44  1.0  3.044699396397378e-19
0.45  1.0  3.067628055369563e-19
0.46  1.0  3.054783384824143e-19
0.47  0.99998  1.4142064912168944e-5
0.48  0.99995  2.2360232552457898e-5
0.49  0.99998  1.4142064912168944e-5
0.5  0.99996  1.9999699994749898e-5
0.51  0.99994  2.4494285041617293e-5
0.52  0.99995  2.23602325524579e-5
0.53  0.99983  4.122775760673833e-5
0.54  0.99989  3.316458953311482e-5
0.55  0.99982  4.242280043726451e-5
0.56  0.99979  4.5821174098880935e-5
0.57  0.9998  4.471711077652447e-5
0.58  0.99971  5.384410823739136e-5
0.59  0.99966  5.8299896987729656e-5
0.6  0.99961  6.2438113241672e-5
0.7  0.999050000000002  9.742212228573134e-5
0.8  0.9983500000000011  0.0001283469506041218
0.9  0.9967500000000588  0.00017998527424714089
1.0  0.9961300000405596  0.00019634310708070663
1.1  0.9947100000000523  0.0002293919902825987
1.2  0.9932300000024884  0.00025931128663057385
1.3  0.9914800000065569  0.00029064573043377766
1.4  0.9897900000028801  0.00031789710525370184
1.5  0.9880400000096071  0.0003437597497058228
1.6  0.986550000017983  0.00036426954521095003
1.7  0.9843200000392299  0.00039286501327668775
1.8  0.9829000001290388  0.00040997265547733656
1.9  0.9811000002903693  0.0004306155461660392
2.0  0.9790500003021059  0.0004528940496569512
2.1  0.9780100028095103  0.00046375262232633765
2.2  0.9749400010198532  0.0004942897807339577
2.3  0.9736000014079673  0.0005069841643620249
2.4  0.9714400047527226  0.0005267313794839781
2.5  0.9700400015182548  0.0005390981921814988
2.6  0.9675500037113337  0.0005603329750371759
2.7  0.9660100054096401  0.0005730183051066135
2.8  0.963460002858607  0.00059333948919196
2.9  0.9613900036624095  0.0006092588288596211
3.0  0.9612700081608971  0.0006101667289790144
3.1  0.9586600053014857  0.0006295346737814517
3.2  0.9568900105598354  0.0006422765775814226
3.3  0.9546400891060355  0.0006580481283982023
3.4  0.9544800214390943  0.0006591534204186497
3.5  0.9517101046504264  0.0006779257855138066
3.6  0.9491800272902322  0.0006945340753490474
3.7  0.9476000178474348  0.0007046609307065136
3.8  0.9467000168782629  0.0007103490876965434
3.9  0.9439500292213727  0.0007273848460374033
4.0  0.941670104027102  0.000741134029983078
4.1  0.9407800249859236  0.0007464147756118471
4.2  0.9390800405635612  0.0007563679627814513
4.3  0.9382700363137517  0.0007610513659511441
4.4  0.9363100342740901  0.0007722312869892174
4.5  0.9336015979829451  0.000787330369952343
4.6  0.9336200482433807  0.000787237100662764
4.7  0.930760039554401  0.0008027851096919277
4.8  0.9311506872088791  0.0008006813924336351
4.9  0.9270300657363382  0.000822471481071507
5.0  0.9254901238660014  0.0008304138749458731
