#mmax= 10
#m-states: all states (FBR)
#Nr. of sites: 47
 
0.0  9.274606684507714e-24 
0.1  2.3220082780797875 
0.2  4.787086013475181 
0.3  7.603798769051823 
0.4  11.212506525420782 
0.41  11.65460521991087 
0.42  12.119746446579555 
0.43  12.611720373733545 
0.44  13.135363113114508 
0.45  13.69756208940971 
0.46  14.30667065411948 
0.47  14.97296692823969 
0.48  15.702720214688805 
0.49  16.48284371820331 
0.5  17.264021718610813 
0.51  17.98539553670633 
0.52  18.62003733504509 
0.53  19.17548056103378 
0.54  19.67184203700561 
0.55  20.121195801259827 
0.56  20.534954069410364 
0.57  20.919596878125475 
0.58  21.278942896447564 
0.59  21.616774486196036 
0.6  21.935231253727338 
0.7  24.413411568296272 
0.8  26.129132319030397 
0.9  27.43446212550193 
1.0  28.483133155415906 
1.1  29.356178651759087 
1.2  30.101261090905883 
1.3  30.749143980790326 
1.4  31.320328680865487 
1.5  31.829608239617855 
1.6  32.28794356829341 
1.7  32.70349434879841 
1.8  33.08285231176355 
1.9  33.43094825511173 
2.0  33.75206796021004 
2.1  34.049522476822645 
2.2  34.326157693248334 
2.3  34.584280784579555 
2.4  34.825873347684905 
2.5  35.05270415737448 
2.6  35.266175400445654 
2.7  35.46756212206262 
2.8  35.65798521394641 
2.9  35.83840428118825 
3.0  36.00967123140151 
3.1  36.172537420314434 
3.2  36.327656453614765 
3.3  36.4755928184656 
3.4  36.616952905549645 
3.5  36.75225513687218 
3.6  36.88175566617081 
3.7  37.0059805299301 
3.8  37.125272628868856 
3.9  37.23992902156434 
4.0  37.35023783412508 
4.1  37.45647850961974 
4.2  37.55888654657638 
4.3  37.65770088656981 
4.4  37.75311250190003 
4.5  37.84531511531329 
4.6  37.93449836081486 
4.7  38.020797178188275 
4.8  38.104388535001796 
4.9  38.18539863357642 
5.0  38.26396337650126 
