#mmax= 10
#m-states: all states (FBR)
#Nr. of sites: 47
 
0.0  4.711842712877786e-69 
0.1  -1.135836492242734 
0.2  -2.183479507200918 
0.3  -3.0364719539387086 
0.4  -3.530723651066653 
0.41  -3.54941671725042 
0.42  -3.5604369547011903 
0.43  -3.5629043672126657 
0.44  -3.5557015880393448 
0.45  -3.537312965603696 
0.46  -3.5058379202546397 
0.47  -3.458942736374979 
0.48  -3.3948326000392397 
0.49  -3.3152120546899773 
0.5  -3.228920279213029 
0.51  -3.147919484611436 
0.52  -3.07844023299888 
0.53  -3.020089652127724 
0.54  -2.969706725538263 
0.55  -2.9254552511748515 
0.56  -2.8854730077144923 
0.57  -2.8487864399981344 
0.58  -2.8148824656235463 
0.59  -2.7832244487159814 
0.6  -2.753559616732807 
0.7  -2.52372943864033 
0.8  -2.361867390936631 
0.9  -2.2351402799622706 
1.0  -2.130438699096794 
1.1  -2.0410996551362284 
1.2  -1.9632544608703146 
1.3  -1.8942855412234991 
1.4  -1.832565516283764 
1.5  -1.776805328708132 
1.6  -1.7260452414634062 
1.7  -1.6795719483489013 
1.8  -1.6367365235782263 
1.9  -1.5971475074516497 
2.0  -1.560352717766027 
2.1  -1.5260398595710025 
2.2  -1.4939332431661332 
2.3  -1.463814465043883 
2.4  -1.4354947963406888 
2.5  -1.4087697809971935 
2.6  -1.383519252269146 
2.7  -1.3596099316016483 
2.8  -1.3369154132765413 
2.9  -1.3153418511024635 
3.0  -1.2947957573935143 
3.1  -1.2751962241953074 
3.2  -1.2564768408342566 
3.3  -1.2385938933017842 
3.4  -1.2214560959131353 
3.5  -1.2049799556713523 
3.6  -1.1892256999337745 
3.7  -1.1740602566686713 
3.8  -1.159456060977184 
3.9  -1.1453938762807514 
4.0  -1.1318429271774948 
4.1  -1.1187708552024305 
4.2  -1.1061460230335318 
4.3  -1.093939966369878 
4.4  -1.0821390912450464 
4.5  -1.0707226953848092 
4.6  -1.0596470044751216 
4.7  -1.0489379703303894 
4.8  -1.038528937277427 
4.9  -1.0284498419885792 
5.0  -1.018648518141502 
