#mmax= 5
#m-states: all states (FBR)
#Nr. of sites: 45
 
0.0  22.500000000000053 0.011111111111113625 
0.1  20.3904484567991 0.009050341081383695 
0.2  18.4817723726037 0.007231088176511968 
0.3  16.785693501493252 0.005694094740298694 
0.4  15.279067115333303 0.004531550863435596 
0.41  15.136862836295002 0.004444628447836885 
0.42  14.99561227829921 0.004358875259299788 
0.43  14.855207931912274 0.00428393988490805 
0.44  14.715440349382192 0.0042224064671264605 
0.45  14.575812341525417 0.00416875773219294 
0.46  14.435824723527565 0.004123772308686213 
0.47  14.294971856965194 0.004093522835958208 
0.48  14.152968385034452 0.004083361653031248 
0.49  14.0108828029122 0.004091222663360483 
0.5  13.871834881870253 0.004113328429139251 
0.51  13.73945755009623 0.004138056504961685 
0.52  13.615572277594682 0.0041585710089914185 
0.53  13.499550170311531 0.00417346448537359 
0.54  13.389968476116428 0.004183589467084081 
0.55  13.28562578749815 0.004187002908538573 
