#mmax= 5
#m-states: all states (FBR)
#Nr. of sites: 45
 
0.0  22.499999999999943 0.011111111111110517 
0.1  27.792013251734236 0.016379337874720123 
0.2  36.09459682870544 0.025200851232882737 
0.3  51.60756285925424 0.04351213914974261 
0.4  94.70701775541954 0.10537266959748415 
0.41  103.92061393159821 0.12015194911296367 
0.42  115.24810662695303 0.13867659849107383 
0.43  129.56819051506812 0.16250339768341937 
0.44  148.2590645593483 0.19373999456854907 
0.45  173.12415574578097 0.2343171255144202 
0.46  207.2140681914114 0.28641849290228016 
0.47  254.56208414638107 0.35015870213902156 
0.48  318.87934696696 0.421322221560119 
0.49  399.8908820613629 0.4901804800695494 
0.5  487.9877031604037 0.5454873012639203 
0.51  569.3019109292994 0.5830762379566891 
0.52  636.4368823073887 0.6063049857702519 
0.53  689.7436572891366 0.6203762458656552 
0.54  732.9180673566236 0.6292971245413198 
0.55  768.9481927567002 0.6352849185302396 
