#mmax= 5
#m-states: all states (FBR)
#Nr. of sites: 45
 
0.0  1.243631873797406e-31 
0.1  0.02578587647180012 
0.2  0.056592850029417524 
0.3  0.09925833640768084 
0.4  0.1668717372792748 
0.41  0.1760551162565881 
0.42  0.1859016597328256 
0.43  0.1965119249345135 
0.44  0.20801521518197735 
0.45  0.22057812220445944 
0.46  0.23441861478753057 
0.47  0.24978819131355448 
0.48  0.2668392092566611 
0.49  0.2852843458724253 
0.5  0.3039668571028081 
0.51  0.32140115473800895 
0.52  0.3368291649703588 
0.53  0.35031647396800913 
0.54  0.36228983722528524 
0.55  0.373103387679401 
