#mmax= 5
#m-states: all states (FBR)
#Nr. of sites: 45
 
0.0 2.3281722057765833e-28
0.1 -0.2757085067517586
0.2 -1.1119158355720273
0.3 -2.540774328273418
0.4 -4.639211686190457
0.41 -4.891688451591996
0.42 -5.152965283870891
0.43 -5.423437912692563
0.44 -5.703572696842411
0.45 -5.99392807253291
0.46 -6.29518926209391
0.47 -6.608191476475845
0.48 -6.933905354278732
0.49 -7.273264513877379
0.5 -7.626707820632333
0.51 -7.993736869135152
0.52 -8.373069472435056
0.53 -8.763241955039796
0.54 -9.16300879112202
0.55 -9.571406344329663
