#mmax= 5
#m-states: all states (FBR)
#Nr. of sites: 45
 
0.0  -0.0 
0.1  0.006344242111697766 
0.2  0.02658760334921267 
0.3  0.06505096412030723 
0.4  0.13253731454873238 
0.41  0.14176082562159975 
0.42  0.15160979483527293 
0.43  0.16215795918185577 
0.44  0.1734992536802314 
0.45  0.1857584373499305 
0.46  0.1991068617575205 
0.47  0.21379472494942284 
0.48  0.23015429988920266 
0.49  0.24848289714058985 
0.5  0.26860958558590337 
0.51  0.28972276360893623 
0.52  0.31088979604182376 
0.53  0.3314936522692418 
0.54  0.35137457649106113 
0.55  0.3704388821419662 
