#mmax= 5
#m-states: all states (FBR)
#Nr. of sites: 45
 
0.0  0.0 
0.1  0.0229714606671118 
0.2  0.07677182541600111 
0.3  0.1569448319376433 
0.4  0.267460283169008 
0.41  0.28065590354496506 
0.42  0.29434726566232333 
0.43  0.3085817715974584 
0.44  0.3234231170332509 
0.45  0.33896027592197275 
0.46  0.35531939705341997 
0.47  0.3726926710555891 
0.48  0.391319029555603 
0.49  0.41134466729323366 
0.5  0.4323846078379839 
0.51  0.45347356506195663 
0.52  0.47369177745455293 
0.53  0.4925551722910542 
0.54  0.5100483981949621 
0.55  0.5262131482087745 
