#mmax= 5
#m-states: all states (FBR)
#Nr. of sites: 45
 
0.0  -2.836543775603658e-61 
0.1  0.002481048550380535 
0.2  0.009691828992636502 
0.3  0.020902606251440706 
0.4  0.03467039377313413 
0.41  0.036095391747066156 
0.42  0.03751392486632058 
0.43  0.038920738384338315 
0.44  0.04030933926698679 
0.45  0.04167187842747943 
0.46  0.04299876998369266 
0.47  0.04427748880002976 
0.48  0.04549279234381811 
0.49  0.04663069147469439 
0.5  0.04769073074384255 
0.51  0.04869100509248929 
0.52  0.04965365719364987 
0.53  0.05059191776567449 
0.54  0.05150945004773757 
0.55  0.052406970876799415 
