#mmax= 5
#m-states: all states (FBR)
#Nr. of sites: 45
 
0.0  1.291891886777298e-14 
0.1  -2.898648142800198e-9 
0.2  -5.94462731625238e-9 
0.3  -1.4382460614678895e-6 
0.4  -3.4659437049780692e-6 
0.41  -1.809629487268019e-5 
0.42  6.120316035423366e-6 
0.43  4.067198812743341e-6 
0.44  -2.090154633495896e-7 
0.45  -3.2218439530016266e-6 
0.46  1.9251984168027306e-6 
0.47  -6.982709554956623e-6 
0.48  3.3109509195977775e-6 
0.49  -9.613243849979314e-5 
0.5  0.0004394409803466128 
0.51  0.0012069215399872824 
0.52  0.0010900490364885414 
0.53  0.001921742291496324 
0.54  0.001181266321923399 
0.55  0.0013029078544550545 
