#mmax= 5
#m-states: all states (FBR)
#Nr. of sites: 45
 
0.0  5.4719802447085866e-30 
0.1  2.221038262860865 
0.2  4.578724696137901 
0.3  7.272066207249283 
0.4  10.720513436412432 
0.41  11.14261744244175 
0.42  11.586593341462741 
0.43  12.056032421776994 
0.44  12.555553920255353 
0.45  13.091137959577381 
0.46  13.670616170167571 
0.47  14.302970902194133 
0.48  14.99335896092322 
0.49  15.730556493758707 
0.5  16.471385207752206 
0.51  17.161198288715617 
0.52  17.772801053091452 
0.53  18.309457116265172 
0.54  18.787511468646297 
0.55  19.220422488467047 
