#mmax= 5
#m-states: all states (FBR)
#Nr. of sites: 45
 
0.0  -4.382135102198548e-67 
0.1  -1.0864596981016599 
0.2  -2.08863929484353 
0.3  -2.9046994053113266 
0.4  -3.378156996124341 
0.41  -3.3961923271518737 
0.42  -3.406920313218415 
0.43  -3.4095077246584014 
0.44  -3.4028844522483492 
0.45  -3.3857005825811664 
0.46  -3.3561971195162257 
0.47  -3.312290484397735 
0.48  -3.252433753630132 
0.49  -3.178045275371995 
0.5  -3.096843495228651 
0.51  -3.0195474802432227 
0.52  -2.9523177943956656 
0.53  -2.8955322616727694 
0.54  -2.846758630733748 
0.55  -2.803873430573403 
