#mmax= 10
#m-states: all states (FBR)
#Nr. of sites: 23
 
0.0  11.500000000000012 0.02173913043478215 
0.1  14.134620973221175 0.031810675636073094 
0.2  18.211966557540723 0.04851427765028071 
0.3  25.606643415332325 0.08223071658381431 
0.4  44.17706644929075 0.18023526062709017 
0.41  47.67700952462652 0.19908503600297334 
0.42  51.770189156694315 0.22088817768009816 
0.43  56.53316556234015 0.24550622658469257 
0.44  62.17205483326019 0.27348668665884046 
0.45  68.81650431198572 0.30455257921465095 
0.46  76.6480958777262 0.3384753144819376 
0.47  85.83062947995526 0.37457213729695427 
0.48  96.43063913451348 0.4116872738843881 
0.49  108.36889491234267 0.44827416400342934 
0.5  121.40004374927803 0.4827765624169502 
0.51  135.0344833412687 0.5137169958146879 
0.52  148.65416292099337 0.540145661636749 
0.53  161.7067766146383 0.561872191984903 
0.54  173.79311243993297 0.5792221854038299 
0.55  184.74864769653973 0.5928836633321636 
0.56  194.4670479323301 0.6034536411083732 
0.57  203.05862482857066 0.6116587463605347 
0.58  210.70487064328776 0.6181238627098374 
0.59  217.53382819164688 0.6232638384783027 
0.6  223.66945317185912 0.627398688594285 
0.7  264.60366447514565 0.6459956246156563 
0.8  289.0176598483517 0.6522782693768616 
0.9  306.4471266179401 0.6555123820072704 
1.0  319.9509274526165 0.6575064384569926 
1.1  330.9409022357973 0.6588712117652857 
1.2  340.17925718563475 0.6598703067385504 
1.3  348.1241512685383 0.660636827962416 
1.4  355.0751212287035 0.6612455719588511 
1.5  361.23523316828727 0.6617415560074185 
1.6  366.7551217263699 0.6621543644350474 
1.7  371.7430215077062 0.6625035686072094 
1.8  376.28330340449907 0.662803009782154 
1.9  380.4406941775182 0.6630626986895999 
2.0  384.26743545323177 0.6632900662514614 
2.1  387.80997728130524 0.6634911062666657 
2.2  391.0975641896156 0.6636697777527083 
2.3  394.1635271624176 0.6638298790326168 
2.4  397.0323760365593 0.6639741732962018 
2.5  399.7212495402782 0.6641046675277298 
2.6  402.25149405010694 0.6642234405618173 
2.7  404.63736543621593 0.664331922687641 
2.8  406.8920603831441 0.6644313881010213 
2.9  409.0282219757893 0.6645229638991401 
3.0  411.05489207923546 0.6646074842976235 
3.1  412.98132653867134 0.6646857373251154 
3.2  414.8160308400023 0.6647584209679669 
3.3  416.5653229856476 0.6648260546633251 
3.4  418.2367818623867 0.6648891961255229 
3.5  419.8352965130299 0.6649482472401091 
3.6  421.3661820951878 0.6650035909189345 
3.7  422.8339611895669 0.6650555583526994 
3.8  424.24327201801395 0.6651044634793222 
3.9  425.59753259990293 0.6651505500914477 
4.0  426.9003061315484 0.6651940567689547 
4.1  428.1548856793089 0.6652351955625864 
4.2  429.3642269323787 0.6652741523775868 
4.3  430.5309283813035 0.6653110932868112 
4.4  431.65565143220726 0.6653460915326657 
4.5  432.7442911868966 0.6653794436248508 
4.6  433.7970764403116 0.6654111900070905 
4.7  434.81592254801205 0.6654414421722861 
4.8  435.80264515503524 0.6654703037246426 
4.9  436.7587386718936 0.6654978612910071 
5.0  437.68615558576545 0.6655242148027952 
