#mmax= 10
#m-states: all states (FBR)
#Nr. of sites: 23
 
0.0  11.50000000000001 0.02173913043478315 
0.1  10.443521761218307 0.0177959456426241 
0.2  9.487456012042438 0.014327836728006527 
0.3  8.631635011521832 0.011391669563365792 
0.4  7.873583472253121 0.00917536282609499 
0.41  7.802257255826846 0.009005587258824499 
0.42  7.731575908233931 0.008851001773390488 
0.43  7.661459458198179 0.008704328038120046 
0.44  7.591832617712924 0.008574839996586259 
0.45  7.522654935966198 0.008458324937603123 
0.46  7.453913966626508 0.008363506238787122 
0.47  7.385561465524738 0.008288094931236611 
0.48  7.317669788537 0.008235973351586212 
0.49  7.250391375790063 0.008201948153243599 
0.5  7.184045032557763 0.008191042826813821 
0.51  7.119038406980343 0.008197438405680324 
0.52  7.0559221318522 0.00821603752169242 
0.53  6.995065061088688 0.00824135275954574 
0.54  6.936714473442429 0.008268144927167542 
0.55  6.880898560719501 0.008292875688921564 
0.56  6.8275435264579984 0.00831278008445302 
0.57  6.77648913922467 0.008327137779312044 
0.58  6.727450458218259 0.008336634161103085 
0.59  6.6802825472831735 0.008341401297144557 
0.6  6.63479482219208 0.008341854117099867 
0.7  6.245313135115399 0.008249877104935965 
0.8  5.9344822467529434 0.008100162763517438 
0.9  5.674228949938091 0.007943585890560434 
1.0  5.450295953229134 0.00779571220887898 
1.1  5.253985964795524 0.007653836499449285 
1.2  5.079503660244398 0.007513524499089708 
1.3  4.922787766283387 0.007380287409959663 
1.4  4.780816337309463 0.007253720577584333 
1.5  4.65132032794554 0.007135530513773469 
1.6  4.53244754332644 0.0070211008999686575 
1.7  4.422788955488256 0.006912772650936372 
1.8  4.321160326054022 0.006809766529430994 
1.9  4.226613466974423 0.006712972448684962 
2.0  4.138327934790172 0.0066212148359039436 
2.1  4.0556100341200025 0.0065325773159286005 
2.2  3.9779116494080977 0.006447959168111916 
2.3  3.9047180886524107 0.006366942097991157 
2.4  3.8355887747689734 0.006289209356415526 
2.5  3.770186395608179 0.006214864754559901 
2.6  3.7081594485161844 0.006143527017164363 
2.7  3.6492207580498293 0.006074561380697285 
2.8  3.59312472135086 0.0060081611599224205 
2.9  3.5396350299664383 0.00594406677077064 
3.0  3.488565989099501 0.005882226685597014 
3.1  3.439734524919034 0.0058225013948326465 
3.2  3.392975738266725 0.005763835980658105 
3.3  3.3481511060687117 0.005707922506093421 
3.4  3.30511519491461 0.005652620799508679 
3.5  3.2637611476120756 0.0056001608427965754 
3.6  3.2239803735568424 0.005549259605153067 
3.7  3.1856754825756335 0.005499985175319244 
3.8  3.148747778734346 0.0054520007650740165 
3.9  3.1131250263394485 0.005405407541984264 
4.0  3.078727467580745 0.005360974305370636 
4.1  3.045486061254231 0.005317859841388994 
4.2  3.0133332415293204 0.00527486908253183 
4.3  2.982211955317093 0.0052329335065187665 
4.4  2.952084365862409 0.005192402423296549 
4.5  2.922867415608419 0.005152666511810344 
4.6  2.8945285867475614 0.005113897145864743 
4.7  2.867025823170544 0.005076078128088302 
4.8  2.840317777875414 0.0050391581522704065 
4.9  2.814365014166673 0.005004040429751666 
5.0  2.789137825653012 0.004968766308620642 
