#mmax= 10
#m-states: all states (FBR)
#Nr. of sites: 23
 
0.0  2.0000605416948938e-31 
0.1  0.02576668340764817 
0.2  0.05641916588156144 
0.3  0.09850604589096458 
0.4  0.1640002900382339 
0.41  0.17271381278633216 
0.42  0.182004608816293 
0.43  0.19189657751956257 
0.44  0.20248893128413553 
0.45  0.21382623386009342 
0.46  0.22597631443231822 
0.47  0.23898302148607015 
0.48  0.25283201935154437 
0.49  0.2674138406050041 
0.5  0.2825212849758106 
0.51  0.2978053568668349 
0.52  0.31284827315940505 
0.53  0.32728340136839135 
0.54  0.34084874900078704 
0.55  0.3534416772015393 
0.56  0.3649980302850145 
0.57  0.3755973999861622 
0.58  0.38537138900229967 
0.59  0.3944154376868056 
0.6  0.4028214300426393 
0.7  0.4657236974910608 
0.8  0.5082791323643381 
0.9  0.5404844434236689 
1.0  0.5662907644260455 
1.1  0.5877471373172737 
1.2  0.6060492074321774 
1.3  0.6219549792695375 
1.4  0.6359794857963424 
1.5  0.6484841310947602 
1.6  0.6597409761505898 
1.7  0.6699516523759382 
1.8  0.6792745634597174 
1.9  0.6878335470850995 
2.0  0.6957288005689892 
2.1  0.7030504518084069 
2.2  0.7098567292845266 
2.3  0.7162127096812276 
2.4  0.7221665645314342 
2.5  0.7277537696371931 
2.6  0.7330160925263648 
2.7  0.7379822708692547 
2.8  0.742679103520965 
2.9  0.747131746700838 
3.0  0.7513590724512077 
3.1  0.7553797470814324 
3.2  0.7592110040565813 
3.3  0.7628658326169031 
3.4  0.7663594202641991 
3.5  0.7697019103475893 
3.6  0.7729043255506395 
3.7  0.7759759469205897 
3.8  0.7789260487350439 
3.9  0.78176199882614 
4.0  0.7844908978298061 
4.1  0.7871196348550294 
4.2  0.7896542621958463 
4.3  0.7921001528833925 
4.4  0.7944591952053007 
4.5  0.7967425384964396 
4.6  0.7989511075563503 
4.7  0.8010889636010478 
4.8  0.8031598002320334 
4.9  0.8051666282504307 
5.0  0.8071138831466517 
