#mmax= 10
#m-states: all states (FBR)
#Nr. of sites: 23
 
0.0 6.185450613824515e-28
0.1 -0.13783863762411386
0.2 -0.5556858365612811
0.3 -1.268784963739727
0.4 -2.3128927738644736
0.41 -2.4381184075994575
0.42 -2.5675755619230642
0.43 -2.701420100144105
0.44 -2.8398282492737725
0.45 -2.9829951403105603
0.46 -3.131135181279808
0.47 -3.2844777867314
0.48 -3.4432525450165876
0.49 -3.6076668133810386
0.5 -3.777871016173176
0.51 -3.9539191140363954
0.52 -4.1357388829111414
0.53 -4.323129404657152
0.54 -4.515786617462756
0.55 -4.713346994578418
0.56 -4.915431962190603
0.57 -5.121681323279546
0.58 -5.331768863347207
0.59 -5.545407331668542
0.6 -5.762348989116552
0.7 -8.077019279366041
0.8 -10.587752066089763
0.9 -13.239189974480055
1.0 -15.99990523691048
1.1 -18.849528781130562
1.2 -21.773790763372617
1.3 -24.76213678600834
1.4 -27.80644229699675
1.5 -30.900262904175108
1.6 -34.0383623776646
1.7 -37.21640167954102
1.8 -40.43073417392611
1.9 -43.67824960871921
2.0 -46.95626971244367
2.1 -50.26246550572492
2.2 -53.59479457460541
2.3 -56.9514537003701
2.4 -60.33084037726874
2.5 -63.7315214584656
2.6 -67.15221047195276
2.7 -70.59174927028332
2.8 -74.04908339667793
2.9 -77.52325629552706
3.0 -81.01339363299829
3.1 -84.51869485308492
3.2 -88.03842274414257
3.3 -91.57190258024345
3.4 -95.1185071559317
3.5 -98.67765608074775
3.6 -102.24881144837053
3.7 -105.83147188024199
3.8 -109.42517121332212
3.9 -113.0294730299625
4.0 -116.64396934437627
4.1 -120.26827760055072
4.2 -123.90203868816663
4.3 -127.54491525697841
4.4 -131.1965884604321
4.5 -134.85675896595325
4.6 -138.52514335703123
4.7 -142.20147378534006
4.8 -145.8854964710319
4.9 -149.57697150666064
5.0 -153.27567032688066
