#mmax= 10
#m-states: all states (FBR)
#Nr. of sites: 23
 
0.0  0.0 
0.1  0.02297506011187122 
0.2  0.07702640082173956 
0.3  0.16004601712176467 
0.4  0.29174334168494137 
0.41  0.31047631374505713 
0.42  0.33112976037950975 
0.43  0.35392857322294496 
0.44  0.37949815228965933 
0.45  0.40820615006397204 
0.46  0.44048607136222884 
0.47  0.4765692751935659 
0.48  0.5160912360078951 
0.49  0.5578488214853907 
0.5  0.599864250890791 
0.51  0.639371074333015 
0.52  0.6736927240097784 
0.53  0.701246819118169 
0.54  0.7217178699732495 
0.55  0.7359066839670317 
0.56  0.7448791170293659 
0.57  0.7500901478459137 
0.58  0.7527905620770069 
0.59  0.7538331597345135 
0.6  0.7538426822785126 
0.7  0.744193854597412 
0.8  0.738482074723511 
0.9  0.7354717205927152 
1.0  0.7336363898274006 
1.1  0.7323911134681221 
1.2  0.7314792835432999 
1.3  0.730771529623735 
1.4  0.7302183845400902 
1.5  0.7297554196443645 
1.6  0.7293670586475843 
1.7  0.7290311866135224 
1.8  0.7287422443693091 
1.9  0.7284856006199789 
2.0  0.7282559584683777 
2.1  0.7280507020970541 
2.2  0.7278657355915564 
2.3  0.7276968592916401 
2.4  0.7275424234004514 
2.5  0.7274016046164516 
2.6  0.7272702827074935 
2.7  0.7271488368784854 
2.8  0.7270360691077231 
2.9  0.7269313115318619 
3.0  0.7268336456122809 
3.1  0.7267421130118691 
3.2  0.7266556756473233 
3.3  0.7265744446849729 
3.4  0.7264980569475136 
3.5  0.7264257546233974 
3.6  0.7263573151063598 
3.7  0.726292350316029 
3.8  0.7262306694991163 
3.9  0.7261719371466503 
4.0  0.7261159578045365 
4.1  0.7260625330737146 
4.2  0.726011493638427 
4.3  0.7259626254241053 
4.4  0.7259160419303432 
4.5  0.7258710551292631 
4.6  0.725827984981046 
4.7  0.7257865673456951 
4.8  0.7257467577055091 
4.9  0.7257083936868515 
5.0  0.7256714364290051 
