0.0  -0.0  0.0
0.1  0.0065917273101253355  0.00025716758537860007
0.2  0.02678496644209722  0.0005209141895990375
0.3  0.0682214734514812  0.0008429771140268935
0.4  0.15007322035005677  0.0012780540174373615
0.41  0.164248962544856  0.0013437428155016692
0.42  0.18086071926103064  0.0014169304732808267
0.43  0.19626542418301035  0.0014832403062540955
0.44  0.21321042043275748  0.0015532868786729956
0.45  0.24256003870726373  0.0016732084257370119
0.46  0.2723121171308906  0.0017860360803239814
0.47  0.3028120684526401  0.00190110905475723
0.48  0.3473634856012806  0.00206565839704064
0.49  0.3904424724656355  0.0022173515740903267
0.5  0.43774342346170764  0.002382462044056263
0.51  0.49596810276080094  0.0025854053658492687
0.52  0.5490172012566665  0.0027619885753202363
0.53  0.5903936718913433  0.002907112341517132
0.54  0.6240991297094267  0.0030087862199016813
0.55  0.6571853590151339  0.003115074231619342
0.56  0.6747617394968187  0.003177409184982002
0.57  0.6825628712605009  0.0031946652471874877
0.58  0.6945560880071154  0.0032353192352586337
0.59  0.7021514129407743  0.0032580464605897167
0.6  0.7096985354790432  0.0032797749749546227
0.7  0.7091504259048893  0.0032640059518223726
0.8  0.7085806014919175  0.0032630038515741302
0.9  0.7011191497497264  0.0032321523242289014
1.0  0.701272580734893  0.0032230677362802
1.1  0.7023918976022769  0.0032318174921046
1.2  0.7009694044027907  0.0032217166551185765
1.3  0.7030885181201932  0.0032340756103359735
1.4  0.7029349119746963  0.0032326426121476247
1.5  0.7028289393149425  0.0032269324931909894
1.6  0.7066612117218076  0.003241178402429866
1.7  0.7035558928813614  0.0032299140537642096
1.8  0.7002917563547388  0.0032169053566029086
1.9  0.7100270539930948  0.0032504019496155142
2.0  0.7025055312537313  0.0032286455473180594
2.1  0.705265185536467  0.003234618524905375
2.2  0.7015786884943118  0.0032236812131538283
2.3  0.7077493115957657  0.003239893795186533
2.4  0.7053364767355845  0.0032331234600164295
2.5  0.7040583916936912  0.0032335600433699586
2.6  0.7088161179526361  0.0032438087913551727
2.7  0.70509123042523  0.0032347380916455857
2.8  0.7050138892953354  0.0032344582990189944
2.9  0.7015016580303806  0.003218833307725362
3.0  0.7037170830653892  0.0032259394266530212
3.1  0.6978560766561802  0.0032094486231230754
3.2  0.7056057981395342  0.0032341860525502237
3.3  0.7044270106501465  0.0032334737660294566
3.4  0.708034987851071  0.003244156498850085
3.5  0.6981367685137063  0.0032103749729938485
3.6  0.700563904321664  0.0032213149466726806
3.7  0.7081487269167331  0.003239764949043581
3.8  0.7036864393069111  0.003233414905083686
3.9  0.6997899242876233  0.0032224759750239134
4.0  0.7013659799148383  0.003220659546658565
4.1  0.7035945174835412  0.003227592045722367
4.2  0.7056759091836131  0.003228575039455859
4.3  0.6987851007998249  0.003216180686630187
4.4  0.7021009352597261  0.0032236392659051013
4.5  0.7032771972145524  0.003227222015642255
4.6  0.7078702390918277  0.0032400068848647203
4.7  0.7043882473730936  0.003230513687112345
4.8  0.7024017831958173  0.0032227496422267184
4.9  0.7033073846788903  0.0032257256914229562
5.0  0.7070799841994904  0.00323681785425724
0.0  -0.0  0.0
0.1  0.006340064974579201  0.00025219555997156416
0.2  0.02643315750628158  0.0005174897015567706
0.3  0.06641154902678906  0.0008307850563082256
0.4  0.14914467416581292  0.0012728618390269678
0.41  0.16340335803330996  0.0013406606426352946
0.42  0.1784676174022142  0.001404998582745554
0.43  0.19675964815415278  0.0014959663405915969
0.44  0.2152099548094335  0.0015655644701403888
0.45  0.24111778053625557  0.0016708634975756919
0.46  0.2712875246038253  0.001782534734757268
0.47  0.3023652715928679  0.0019019442136876629
0.48  0.34401658224402537  0.0020552225776599943
0.49  0.39362629779084574  0.0022301716943237734
0.5  0.4443296083451933  0.0024001399263821085
0.51  0.49608042257441587  0.002583791985226524
0.52  0.546137839215132  0.0027516841827408853
0.53  0.5942437216503332  0.0029119910104445745
0.54  0.6251126561783616  0.003004172519534524
0.55  0.6538423728057107  0.0031033942561158184
0.56  0.671056392489932  0.0031579614858132797
0.57  0.6889456918328376  0.0032163395199936618
0.58  0.6939275948812184  0.00323177268835702
0.59  0.7005824801585416  0.0032441124384557265
0.6  0.7091256914327881  0.0032709113805334433
0.7  0.709864524443757  0.0032677658249415952
0.8  0.7050377887469923  0.0032475603272227246
0.9  0.705455685415085  0.0032388131690079
1.0  0.7102298930400449  0.0032589035576362038
1.1  0.7052898298908122  0.0032396076878660643
1.2  0.702446947438993  0.00322763697518291
1.3  0.7044019721295507  0.0032364226928943305
1.4  0.7062508244141537  0.003240895217876979
1.5  0.7091220939876287  0.0032460018178998053
1.6  0.7054391199948861  0.0032377153476370367
1.7  0.7035800977570741  0.003225274704411767
1.8  0.7028296332721498  0.0032311927278989502
1.9  0.7051456611209065  0.0032359606796832194
2.0  0.7112974398430257  0.0032521498525426335
2.1  0.7055684448975486  0.0032347689698250075
2.2  0.7103980073395415  0.0032503789427070673
2.3  0.7047325651724035  0.003230753393662458
2.4  0.7030187746290403  0.0032302478995991056
2.5  0.7015855165973852  0.0032231962360033182
2.6  0.7034115370788052  0.003228997191680747
2.7  0.7043850925709694  0.0032299915845422906
2.8  0.7032138649557624  0.0032262600192918753
2.9  0.705685467316473  0.003237051317123894
3.0  0.7049105333040134  0.0032358535416805376
3.1  0.7005133432506006  0.0032175036296213846
3.2  0.7017711392010918  0.0032220399719455665
3.3  0.6990720852665219  0.0032156468234714897
3.4  0.703065244824815  0.0032264509349723813
3.5  0.7034066671346244  0.0032269506427842765
3.6  0.7044107903074063  0.0032309245792213562
3.7  0.7045386866323909  0.0032298265997625416
3.8  0.7013044479248544  0.003224744695997553
3.9  0.7076744605002262  0.0032422697082872837
4.0  0.7026477803297341  0.0032242413321194366
4.1  0.7018363301284318  0.0032218640798709172
4.2  0.7046346275670278  0.0032325428696073346
4.3  0.7038537943621418  0.003229889062310044
4.4  0.7046312883420237  0.003232790100314928
4.5  0.7061065884454547  0.003234547390026931
4.6  0.7021449689922701  0.003230290231528885
4.7  0.7084160485835864  0.003236169360387111
4.8  0.7037495175278435  0.003224362232783332
4.9  0.70464823738303  0.0032319600326662337
5.0  0.7072924696539225  0.003241532226329395
