#mmax= 10
#m-states: all states (FBR)
#Nr. of sites: 23
 
0.0  -0.0 
0.1  0.006345472464688335 
0.2  0.026701735836502774 
0.3  0.0667872149203573 
0.4  0.14957147870072857 
0.41  0.16321432341070374 
0.42  0.17877761836061418 
0.43  0.1966227143470884 
0.44  0.21745077849849923 
0.45  0.24192541086183933 
0.46  0.2709126663308057 
0.47  0.3053059030066105 
0.48  0.3456943097689389 
0.49  0.39190726727077235 
0.5  0.44268500840923536 
0.51  0.49514536438089096 
0.52  0.5453509398460673 
0.53  0.5897229979018944 
0.54  0.6260037038090075 
0.55  0.6537921344080585 
0.56  0.673611200059909 
0.57  0.6871296363140941 
0.58  0.6961029029731652 
0.59  0.7018474422346783 
0.6  0.7053999161733441 
0.7  0.7089081952547666 
0.8  0.7072071767560901 
0.9  0.7062862928766319 
1.0  0.7057322343970605 
1.1  0.7053566257351235 
1.2  0.705076030591281 
1.3  0.7048484844601777 
1.4  0.7046935543946325 
1.5  0.7045539470817409 
1.6  0.7044379816551372 
1.7  0.7043352908085584 
1.8  0.704251815809434 
1.9  0.7041744233760668 
2.0  0.7041029798458128 
2.1  0.7040405284890174 
2.2  0.7039846576989622 
2.3  0.7039329600349802 
2.4  0.7038854459929207 
2.5  0.7038435932648779 
2.6  0.703803475003523 
2.7  0.7037653334375212 
2.8  0.7037299033049013 
2.9  0.7036976038748066 
3.0  0.7036678634108103 
3.1  0.7036399130071784 
3.2  0.703613454764212 
3.3  0.7035883052651731 
3.4  0.7035649853093939 
3.5  0.7035427234417919 
3.6  0.7035217136035765 
3.7  0.7035017141010557 
3.8  0.7034827852197912 
3.9  0.7034647488609181 
4.0  0.7034475529861279 
4.1  0.7034311383246582 
4.2  0.7034155004635236 
4.3  0.7034004595843824 
4.4  0.7033861782210532 
4.5  0.7033722888976981 
4.6  0.7033590504559826 
4.7  0.7033462786475357 
4.8  0.7033340376825257 
4.9  0.7033222105318082 
5.0  0.7033108297358805 
