#mmax= 10
#m-states: all states (FBR)
#Nr. of sites: 23

0.0  0.0 0.0 0.0 NaN NaN 0.0 
0.1  -0.0024 0.0015783432173241397 0.24911673116731162 -0.04348179096268702 15.62421068648133 0.0 
0.2  0.00126 0.0031512034883254118 0.9930083424834243 -0.012767389006265027 3.7951954103376186 0.0 
0.3  0.00034 0.004729547814561695 2.23686225302253 0.008907194546037063 1.4920256894662334 0.0 
0.4  -0.0094 0.006364551946147879 4.050752147521476 -0.0005506332097756144 0.723738278061878 0.0 
0.41  -0.00796 0.006595316623636326 4.349820136601367 0.004024844538826544 0.7239912996483913 0.0 
0.42  -0.0043 0.006723501108401154 4.520546715467155 0.004577400807343692 0.6004117045163571 0.0 
0.43  0.00848 0.006911422326380131 4.776775857358574 -0.019609463273561428 0.5796438330436406 0.0 
0.44  -0.00306 0.007100085244284377 5.041121047610474 0.009453391814003557 0.5760152871914448 0.0 
0.45  0.00626 0.007277563998576552 5.2962937753377535 0.003699898656209174 0.4926461008896581 0.0 
0.46  0.00362 0.00747540151244585 5.588162777227771 0.0014438580343896707 0.4979978530560998 0.0 
0.47  0.00178 0.007668230326063723 5.880175633356335 0.006410148240520722 0.36817673567662323 0.0 
0.48  0.01824 0.007873226333653123 6.1987692900929 0.002311965141979855 0.39557352653923283 0.0 
0.49  0.00268 0.008039737218948484 6.463737454974551 0.01186095463197079 0.37201293601730256 0.0 
0.5  -0.00424 0.008265137830008248 6.831250334903346 0.007841942977307505 0.28769657211352095 0.0 
0.51  -0.00618 0.00848678610142752 7.202553833138334 -0.00601697124355868 0.24812678979011604 0.0 
0.52  0.01036 0.008678691139843554 7.531967990079899 0.0018261392670847812 0.2531132347219591 0.0 
0.53  0.00594 0.008867515632483256 7.863283349233491 0.00388749669621688 0.24797179905878686 0.0 
0.54  -0.0015 0.009060264807608208 8.208839838398381 0.006438213879397577 0.21096504796268567 0.0 
0.55  -0.00016 0.0092041320560099 8.471604690446904 0.0027086043252558156 0.18560500297089577 0.0 
0.56  -0.00468 0.009342368745373825 8.727985377453772 0.004454546780869596 0.1763667218840821 0.0 
0.57  -0.00306 0.009485462882962592 8.997400610406102 0.012798156064866608 0.13937768092073943 0.0 
0.58  0.00314 0.00961808850449323 9.250762648026482 0.009547207893158115 0.16841790164726822 0.0 
0.59  -0.0091 0.009756378619612796 9.51869237692377 -0.01803594982789573 0.16755468892314385 0.0 
0.6  0.0047 0.009842131261849628 9.686754777547774 0.013272382047932865 0.11572475645588165 0.0 
0.7  0.0001 0.010715556361266611 11.482314813148134 0.005695383371512439 0.07088938003585188 0.0 
0.8  -0.00146 0.01139586229035668 12.98656773407734 -0.008612166936385779 0.0654157941712552 0.0 
0.9  -0.01548 0.011964707904430947 14.31542352383524 -0.01249560080892243 0.07287929851944552 0.0 
1.0  0.00778 0.012469280233658056 15.54829495454955 -0.007971773529205015 0.005004122059115712 0.0 
1.1  -0.00972 0.012822538726437677 16.4417499390994 0.00233872664807614 0.049610143302300624 0.0 
1.2  0.00598 0.013198461440252947 17.41993843898439 0.003708819963963419 0.04275436290248713 0.0 
1.3  -0.01502 0.01359820551057863 18.491119310793103 0.008045032582366196 0.05728072093027592 0.0 
1.4  -0.01151 0.013904197512481066 19.332670846608465 -0.006682375063560224 0.05422469121483564 0.0 
1.5  0.00502 0.014192693976889067 20.143256232162322 -0.0020184326217689954 0.018247646159803566 0.0 
1.6  0.01579 0.014509462843403957 21.052451200412005 0.0051421875684834195 0.03155237510678299 0.0 
1.7  0.02249 0.014744504603517884 21.740041600316005 0.0036605937827101755 0.036519120399765015 0.0 
1.8  -0.01268 0.01499204588408126 22.476143979039783 -0.0018219036099200818 0.008237667013186734 0.0 
1.9  0.01209 0.0152220023457019 23.170935541255414 -0.012230963569897281 0.017863144854075585 0.0 
2.0  -0.00772 0.015410028510868727 23.746897870578703 -0.0058302285760805815 -0.010812917228061547 0.0 
2.1  0.0161 0.015730590656896012 24.745148241482415 -0.0010715827342739877 0.02818725998039673 0.0 
2.2  0.00047 0.0158895759092943 25.247862257722577 0.016461953934777444 0.004148475501132065 0.0 
2.3  0.01232 0.016059547355595442 25.790906126661262 -0.004999555030126698 0.015067010940142733 0.0 
2.4  -0.00538 0.016336375954531447 26.68771793277933 -0.013228278319630029 0.016482752588574012 0.0 
2.5  0.0168 0.01647871029780337 27.154789307893076 0.005901587819958327 0.0024556443469210265 0.0 
2.6  -0.01355 0.016686445048286452 27.84374483494835 -0.008381154142018631 0.013818787076522288 0.0 
2.7  -0.00292 0.016833381964521676 28.336274836348363 -0.006171014145885984 0.0035229542461645558 0.0 
2.8  0.05467 0.016992724897378714 28.87526994379944 -0.018395982854495393 0.0013983333608118542 0.0 
2.9  -0.01622 0.017160976490489727 29.449911410714105 0.004355908542871949 0.031087159638101713 0.0 
3.0  -0.0341 0.01735962515337974 30.13565854658546 -0.00560716184122433 0.02191940808759174 0.0 
3.1  0.00368 0.01749863213503461 30.620212659726594 -0.001979058408477458 0.02394955669427068 0.0 
3.2  0.02691 0.01771021160333637 31.36515950349503 0.0013751055228658428 -0.0012915971537030835 0.0 
3.3  0.0468 0.017882519270084808 31.978449544495447 0.003647593014253534 0.001841431266431659 0.0 
3.4  0.0321 0.01795027905145712 32.22125180251803 -0.00132242906017933 -0.0033745907763798044 0.0 
3.5  -0.00358 0.018103755115872866 32.774594929549295 0.016837051632463414 -0.0004565552634172576 0.0 
3.6  0.0423 0.018229038100741925 33.22978300783007 0.005248034608670318 0.009913869910779471 0.0 
3.7  0.01572 0.018373461967115683 33.75841046570466 -0.001335548188095154 0.017703186782737745 0.0 
3.8  -0.00692 0.018497192830195235 34.214614259742596 -0.0022902747505951352 0.022212633694473904 0.0 
3.9  -0.02471 0.018640618790310818 34.74726688856888 -0.0003936402037560664 0.003149644595719092 0.0 
4.0  0.01036 0.018828363491730178 35.45072717767179 0.006890347159072276 0.009600459083567436 0.0 
4.1  0.02083 0.01893462823275026 35.85201463124631 -0.015092771013860681 0.01928770866984575 0.0 
4.2  -0.02936 0.019069027667454937 36.36278161821619 -0.007611680755764533 0.023304040712654128 0.0 
4.3  -0.01974 0.01928755618066307 37.20098234222342 0.0021475468508610107 0.020635980251057173 0.0 
4.4  0.01687 0.0193606353814389 37.483420237302376 0.004408449050728169 0.006215026011291869 0.0 
4.5  -0.02657 0.019376686892008887 37.54559949109491 0.006692909264535688 0.023561778223322616 0.0 
4.6  0.00366 0.01963539970393308 38.55489215332153 0.004197735576744586 0.00933300884423005 0.0 
4.7  0.02833 0.019719735363098255 38.886796279062786 0.0009197493002150428 0.0015766612963101778 0.0 
4.8  -0.00264 0.019822004424946388 39.29118594225942 -0.0026889968940853833 0.05659174321166027 0.0 
4.9  -0.01236 0.019871386992965798 39.48720210242103 0.017368416018008096 0.00648600926164189 0.0 
5.0  0.03175 0.020075219787576305 40.30144495194952 0.009838450499094884 0.007251881500802693 0.0 
