#mmax= 10
#m-states: all states (FBR)
#Nr. of sites: 23
 
0.0  2.549062848433409e-60 
0.1  0.002481011901374765 
0.2  0.009691291701304948 
0.3  0.02090162875278142 
0.4  0.0346789812621297 
0.41  0.03610725260831951 
0.42  0.03753001030838864 
0.43  0.038942335194527014 
0.44  0.040338516067380564 
0.45  0.04171178595652341 
0.46  0.04305455293996844 
0.47  0.04435850683700696 
0.48  0.04561463200525289 
0.49  0.04681469687562633 
0.5  0.04795289394543734 
0.51  0.049027498956447646 
0.52  0.050041762494175135 
0.53  0.05100394815609619 
0.54  0.0519242379372433 
0.55  0.052811723738885534 
0.56  0.05367506848485764 
0.57  0.05451956643622979 
0.58  0.055347648344901496 
0.59  0.05616128325215819 
0.6  0.05696163686398478 
0.7  0.06430086376923198 
0.8  0.07066047403778687 
0.9  0.07633710868328387 
1.0  0.08152454144606451 
1.1  0.0863434074804374 
1.2  0.09087211869954022 
1.3  0.09516573095570938 
1.4  0.099262835169165 
1.5  0.10319207803101006 
1.6  0.10697569342234602 
1.7  0.11062997207973485 
1.8  0.11416913962858068 
1.9  0.11760449349010167 
2.0  0.12094678095594746 
2.1  0.12419928940992588 
2.2  0.12737450295630123 
2.3  0.13047398063791651 
2.4  0.13350387918126724 
2.5  0.13647131858569836 
2.6  0.13937699002524362 
2.7  0.14222663134881885 
2.8  0.14502295636195053 
2.9  0.14776828875560613 
3.0  0.15046600266941856 
3.1  0.15311859078513124 
3.2  0.15572710468847026 
3.3  0.1582957499323918 
3.4  0.16082438865086615 
3.5  0.16331639566983902 
3.6  0.1657724388069749 
3.7  0.16819432089667088 
3.8  0.17058336712101563 
3.9  0.17294060295529656 
4.0  0.17526817545240078 
4.1  0.17756630914066324 
4.2  0.1798360229774412 
4.3  0.18207862163667182 
4.4  0.18429874258016635 
4.5  0.18648968298292742 
4.6  0.1886565692492956 
4.7  0.19079974055068405 
4.8  0.1929201579651392 
4.9  0.19501993071500626 
5.0  0.1970956367982031 
