#mmax= 10
#m-states: all states (FBR)
#Nr. of sites: 23
 
0.0  1.52088591097158e-14 
0.1  -7.126168085042388e-9 
0.2  -9.109997098634387e-8 
0.3  8.329105879178701e-6 
0.4  -1.9351973604922183e-6 
0.41  -2.134209493429666e-5 
0.42  4.966258524904355e-6 
0.43  -3.3034332652537016e-5 
0.44  3.84179287351529e-5 
0.45  0.00013101256815811792 
0.46  0.00017424048532550907 
0.47  -3.4352194639052284e-5 
0.48  -0.00023244120349524017 
0.49  -7.549044122577094e-5 
0.5  0.0001602324806850525 
0.51  0.0007716749675733261 
0.52  0.0010487974526753382 
0.53  0.0014886159555559085 
0.54  0.003015194047399707 
0.55  0.0017588530506968817 
0.56  0.0010390682345689985 
0.57  0.001118321525862115 
0.58  0.0012887592912592415 
0.59  0.001307608057987757 
0.6  0.0014291450859776193 
0.7  0.00434693559418038 
0.8  0.009330960939084138 
0.9  -0.004419814396546628 
1.0  0.005254917430745144 
1.1  0.026734436498839432 
1.2  0.05892612028941949 
1.3  0.09772470626637615 
1.4  0.06945365932475131 
1.5  0.06926858274182275 
1.6  0.0645355983880206 
1.7  0.06765823609144801 
1.8  0.052127114397517035 
1.9  0.04933993053869146 
2.0  0.05601406843764881 
2.1  0.05579221236292594 
2.2  0.053780304348764865 
2.3  0.054598451482054874 
2.4  0.0562462215209865 
2.5  0.05133392068725235 
2.6  0.05159313012292588 
2.7  0.056144134949046846 
2.8  0.06011233779259362 
2.9  0.06118881917290181 
3.0  0.06067950664936995 
3.1  0.06047111694623892 
3.2  0.0606309755857172 
3.3  0.06176318726334326 
3.4  0.06145807944365859 
3.5  0.06190311698021565 
3.6  0.062046502075330606 
3.7  0.0623834257924649 
3.8  0.06244536892229139 
3.9  0.0625270213745639 
4.0  0.06260571917060256 
4.1  0.06266823476665646 
4.2  0.06254492262702493 
4.3  0.06267583862618105 
4.4  0.0626012755259338 
4.5  0.06284425870693798 
4.6  0.06285017835116127 
4.7  0.06299943216965119 
4.8  0.0630000368051423 
4.9  0.0631000124085026 
5.0  0.0631296203637415 
