#mmax= 10
#m-states: all states (FBR)
#Nr. of sites: 23

0.0  -0.0  0.0
0.1  -0.0  6.687770341369947e-19
0.2  -0.0  1.4520669313842828e-19
0.3  1.0000050000287824e-5  1.000010000100001e-5
0.4  0.00040008002133969133  6.325852240340958e-5
0.41  0.0006001800720324606  7.748330270399398e-5
0.42  0.0006802313048641631  8.249057639155835e-5
0.43  0.0007502813907041774  8.663546778865587e-5
0.44  0.0008303446407143887  9.114262335700955e-5
0.45  0.0012107326410567942  0.00011006716079226667
0.46  0.001621313618900058  0.00012738307913045198
0.47  0.0019719430022289842  0.0001404958468975902
0.48  0.0025933598525993257  0.00016114439135785398
0.49  0.003024569402048482  0.00017404534807988558
0.5  0.0033154901683190843  0.00018223681558298587
0.51  0.004530246086531704  0.00021308609927421678
0.52  0.005002491622791487  0.0002239436340996226
0.53  0.005826943710512732  0.00024174391014443594
0.54  0.00744766513515652  0.00027341438747403965
0.55  0.008102738703184903  0.00028523211760003025
0.56  0.008828859936819618  0.0002977925108947051
0.57  0.009737253555747389  0.00031280845105400044
0.58  0.010302892995895015  0.0003218113438896016
0.59  0.011829695753575838  0.0003449646697014156
0.6  0.012609162415167546  0.00035621791047798086
0.7  0.02126449530418356  0.000463599080269005
0.8  0.03072728464866976  0.0005586103503511671
0.9  0.039198313402692614  0.0006322744996424769
1.0  0.04782562947431369  0.0006999158285706155
1.1  0.05719488465653364  0.0007672205317874121
1.2  0.06432520828211388  0.0008151062457927862
1.3  0.07034735210675346  0.0008537066503065989
1.4  0.07795072316671597  0.0009003898501279481
1.5  0.08527469660138852  0.0009434885092216161
1.6  0.09412387546754174  0.0009934627161439528
1.7  0.09896985516644309  0.0010199708035236686
1.8  0.10375069131016659  0.0010455856677848427
1.9  0.1115686274361832  0.001086423677395287
2.0  0.11683722063061341  0.0011132730416574764
2.1  0.12272144122152229  0.0011426755092271961
2.2  0.1281743214152293  0.001169412217075894
2.3  0.1331300731582038  0.0011933088456256141
2.4  0.13899770838829284  0.0012211589902002625
2.5  0.14546515190403053  0.0012513151821786604
2.6  0.14805923757098272  0.0012632622179652717
2.7  0.15485422548463898  0.0012941769300106407
2.8  0.15885501631616164  0.001312134360277044
2.9  0.16575942132033156  0.0013427243291038004
3.0  0.16695220992836368  0.0013479596974181136
3.1  0.17460336091697432  0.0013812156052042898
3.2  0.17944962446394302  0.0014020004242264199
3.3  0.18559483476423888  0.001428062743524568
3.4  0.18796939930514023  0.0014380492377964289
3.5  0.1901076791930428  0.0014470030212553728
3.6  0.1931599656311169  0.001459721954237428
3.7  0.20019624097864752  0.0014887731114397481
3.8  0.2014062054948232  0.0014937314202231615
3.9  0.20432167257118136  0.0015056387270374395
4.0  0.21235184245549188  0.0015381322248958303
4.1  0.2143690989402858  0.001546226435575233
4.2  0.2177823642953209  0.0015598659239902583
4.3  0.22405557171986476  0.00158474586592517
4.4  0.22208041438082707  0.001576936432973361
4.5  0.228444719337948  0.001602018007829259
4.6  0.2347569955626326  0.0016266541844350932
4.7  0.23740687279625824  0.0016369454878966039
4.8  0.2389418763709776  0.001642882808392461
4.9  0.24065780076111778  0.0016495073026614137
5.0  0.24425893741554774  0.001663343235166065
