#mmax= 10
#m-states: all states (FBR)
#Nr. of sites: 23

0.0  1.0  0.0
0.1  1.0  6.687770341369947e-19
0.2  1.0  1.4520669313842828e-19
0.3  0.99999  1.0e-5
0.4  0.9996  6.323321899444821e-5
0.41  0.9994  7.743681272237159e-5
0.42  0.99932  8.243448279961209e-5
0.43  0.99925  8.657049118781437e-5
0.44  0.99917  9.106697497962324e-5
0.45  0.99879  0.00010993397952770802
0.46  0.99838  0.00012717671854226066
0.47  0.99803  0.00014021907007920193
0.48  0.99741  0.00016072702738423712
0.49  0.99698  0.00017351973112868433
0.5  0.99669  0.00018163361172340617
0.51  0.99548  0.00021212295010549731
0.52  0.99501  0.00022282615536546547
0.53  0.99419  0.00024033937802649677
0.54  0.9925800000000009  0.0002713856527189825
0.55  0.991930000000001  0.00028293029441099827
0.56  0.9912100000000009  0.0002951749147239409
0.57  0.9903100000000005  0.0003097773371632873
0.58  0.989750000000002  0.00031851277761473385
0.59  0.9882400000000029  0.00034090788518572793
0.6  0.9874700000000018  0.0003517545000596924
0.7  0.9789600000005294  0.00045384495562039056
0.8  0.9697400000025457  0.0005417068011509628
0.9  0.9615600000014086  0.0006079698678771107
1.0  0.9533000000079037  0.0006672297593818997
1.1  0.9444100004124412  0.0007245707427417831
1.2  0.9377000021327458  0.0007643251284183101
1.3  0.9320700071900503  0.0007957143636894654
1.4  0.9250100069844004  0.0008328696215555365
1.5  0.918260006850078  0.000866367764940811
1.6  0.9101700075219151  0.0009042199678254838
1.7  0.9057700118982606  0.0009238589668435118
1.8  0.9014500087294266  0.0009425432093520099
1.9  0.894430006858744  0.0009717299372241683
2.0  0.8897300110665338  0.0009905124356739802
2.1  0.8845100162769182  0.001010707933265783
2.2  0.8797000152260931  0.0010287319451672433
2.3  0.8753512250050308  0.0010445643598277206
2.4  0.8702300226852745  0.0010626892157443012
2.5  0.8646200199103977  0.0010819121577294963
2.6  0.8623800281308006  0.0010894121070654686
2.7  0.8565400300910021  0.001108514346574395
2.8  0.8531200384890951  0.001119408115942416
2.9  0.8472500399687187  0.001137623241500166
3.0  0.8462400522435619  0.0011406974847653203
3.1  0.8397900482736607  0.001159931119770844
3.2  0.835730050232041  0.0011716938849640887
3.3  0.8306100611363814  0.0011861632827055298
3.4  0.8286400638064554  0.0011916252121644574
3.5  0.8268700924451843  0.001196483521953891
3.6  0.824350095908044  0.0012033219329747012
3.7  0.818570100317592  0.0012186651551813683
3.8  0.8175802584997054  0.0012212453206751845
3.9  0.8152001014943959  0.0012273968430948138
4.0  0.8086801195071591  0.0012438569514465726
4.1  0.8070504485767238  0.0012478827384321805
4.2  0.8043004671189101  0.0012546008913082351
4.3  0.7992707162868403  0.0012666409633906195
4.4  0.8008509618110206  0.0012628910590615561
4.5  0.7957702866968792  0.0012748383293838526
4.6  0.790762985197201  0.0012862979187674127
4.7  0.788670334224142  0.0012910103450461158
4.8  0.7874606511133074  0.0012937055659995864
4.9  0.786110586811179  0.001296695153644489
5.0  0.7832847862633346  0.0013028714504396148
