#mmax= 10
#m-states: all states (FBR)
#Nr. of sites: 23
 
0.0  4.4001331917287665e-30 
0.1  1.1101650900051112 
0.2  2.286163864262453 
0.3  3.6223065700680186 
0.4  5.307880307566017 
0.41  5.510331859263035 
0.42  5.722118299747707 
0.43  5.943640528757018 
0.44  6.176642920584179 
0.45  6.42186277694972 
0.46  6.680443753821052 
0.47  6.953079622291209 
0.48  7.239371017975024 
0.49  7.537165887058109 
0.5  7.842546208895966 
0.51  8.149037228976768 
0.52  8.448996873831565 
0.53  8.735833574644175 
0.54  9.00494951431405 
0.55  9.254693477583562 
0.56  9.484114291880553 
0.57  9.694865917312846 
0.58  9.889510790394368 
0.59  10.069916544441288 
0.6  10.23786292552097 
0.7  11.499191332108932 
0.8  12.35283937676345 
0.9  12.997373391761863 
1.0  13.512570168742803 
1.1  13.939947821917867 
1.2  14.303758530749398 
1.3  14.619385981731966 
1.4  14.8972594408885 
1.5  15.144696568134348 
1.6  15.367181355024016 
1.7  15.568778054221925 
1.8  15.752675931322328 
1.9  15.921368474295832 
2.0  16.076876875775845 
2.1  16.220957980857463 
2.2  16.354840479123094 
2.3  16.479778373962112 
2.4  16.596741133795224 
2.5  16.706467110022764 
2.6  16.809754108026066 
2.7  16.90718987867105 
2.8  16.999305799448585 
2.9  17.08659462298221 
3.0  17.169439643010808 
3.1  17.2482106370642 
3.2  17.32324280253305 
3.3  17.394805475892092 
3.4  17.463185803701148 
3.5  17.52859521612711 
3.6  17.591246937228046 
3.7  17.65132648146441 
3.8  17.70901510672123 
3.9  17.764458938008744 
4.0  17.81780132064941 
4.1  17.86917449519095 
4.2  17.918697720846975 
4.3  17.966478361854406 
4.4  18.01257272224623 
4.5  18.05716123287663 
4.6  18.100283641801237 
4.7  18.142018564533334 
4.8  18.18243929067969 
4.9  18.22160980330348 
5.0  18.259603460073187 
