#mmax= 10
#m-states: all states (FBR)
#Nr. of sites: 23
 
0.0  0.0 
0.1  -0.5432980550368515 
0.2  -1.0449422148681011 
0.3  -1.4551735604667977 
0.4  -1.6998739267248708 
0.41  -1.710627977963727 
0.42  -1.7180169057892607 
0.43  -1.7219158233266416 
0.44  -1.721886432333197 
0.45  -1.7176856320276646 
0.46  -1.7089648363100516 
0.47  -1.6954531495976657 
0.48  -1.6770665922410481 
0.49  -1.6540613937480189 
0.5  -1.6270779394281325 
0.51  -1.5973193779063999 
0.52  -1.5663348643246537 
0.53  -1.5355987445395658 
0.54  -1.5062770362967353 
0.55  -1.4789765791496976 
0.56  -1.454157625610234 
0.57  -1.4317231176172782 
0.58  -1.411340232343775 
0.59  -1.392776915331565 
0.6  -1.3757914645829055 
0.7  -1.2532699873055957 
0.8  -1.170698464748012 
0.9  -1.1067156364411488 
1.0  -1.054173351369801 
1.1  -1.0095108009378466 
1.2  -0.9706759672414952 
1.3  -0.9363764378021414 
1.4  -0.905710753368969 
1.5  -0.8780456840496239 
1.6  -0.8528798797110393 
1.7  -0.8298417019512835 
1.8  -0.8086355352085454 
1.9  -0.7890304384236424 
2.0  -0.7708432632580812 
2.1  -0.7538480410725112 
2.2  -0.7379924348635094 
2.3  -0.7230987609751035 
2.4  -0.7090767141036707 
2.5  -0.6958841780045146 
2.6  -0.6834000724460421 
2.7  -0.6715799195474484 
2.8  -0.660365521987355 
2.9  -0.649696195563773 
3.0  -0.6395400490842403 
3.1  -0.6298562012726873 
3.2  -0.6206007132882608 
3.3  -0.6117571583202219 
3.4  -0.6032785578887682 
3.5  -0.5951531884801442 
3.6  -0.5873517751139782 
3.7  -0.5798556492114344 
3.8  -0.5726420345502646 
3.9  -0.5656949638336655 
4.0  -0.5590015683936771 
4.1  -0.5525425283803039 
4.2  -0.5463039525383567 
4.3  -0.540274998419772 
4.4  -0.5344704277296113 
4.5  -0.5288253859549591 
4.6  -0.5233592755615281 
4.7  -0.5180613653102856 
4.8  -0.5129236855749552 
4.9  -0.5079439817940028 
5.0  -0.503098030846851 
