#mmax= 10
#m-states: all states (FBR)
#Nr. of sites: 40
 
0.0  19.999999999999922 0.012499999999999734 
0.1  18.12976781138919 0.010188370181558715 
0.2  16.44150261393293 0.008152537982407893 
0.3  14.932555135233002 0.006425064431457517 
0.4  13.596165072299225 0.00512344914411611 
0.41  13.470061955243677 0.005024278623951606 
0.42  13.344879411847185 0.004933889302229932 
0.43  13.220407240346267 0.004849274563476391 
0.44  13.096536364899206 0.004776808153372891 
0.45  12.972914243215472 0.004716044929816365 
0.46  12.8492185529232 0.004667213390228908 
0.47  12.725111425690773 0.0046349734793244 
0.48  12.600303547671453 0.004617997125452633 
0.49  12.47561161103091 0.004620367500081102 
0.5  12.353245984428833 0.0046400587406166816 
0.51  12.235865674215248 0.004665071950779032 
0.52  12.125161559678117 0.004688951067742697 
0.53  12.021168676829031 0.004706174854530065 
0.54  11.92294573290394 0.004716716784206487 
0.55  11.829586121165336 0.004722337503111129 
0.56  11.740261563595503 0.004724205361525957 
0.57  11.654473193469622 0.0047234291600848355 
0.58  11.571816954260475 0.004720695022593424 
0.59  11.491831282951027 0.004716729716731871 
0.6  11.414447070798133 0.004711686387643965 
0.7  10.7461267941223 0.004635474362529868 
0.8  10.209999434320777 0.004538947824925699 
0.9  9.760495291645572 0.004443334372802643 
1.0  9.373477618985651 0.004355087615560138 
1.1  9.034038670236082 0.004269615585746345 
1.2  8.7322948631247 0.004185807798001706 
1.3  8.46127360244537 0.004106280782874117 
1.4  8.215782189508422 0.004031220545883896 
1.5  7.991863178958623 0.003961201839700945 
1.6  7.78638628159547 0.003894300941100992 
1.7  7.5968824798320265 0.003831158284642089 
1.8  7.421242321595917 0.003771244110665206 
1.9  7.257898285338349 0.0037151146736232876 
2.0  7.1054091775872275 0.003661410886820815 
2.1  6.962599914108014 0.003610201656664813 
2.2  6.8284291526042 0.0035612967365488135 
2.3  6.702100233112978 0.003514659174752688 
2.4  6.58281675679351 0.0034700023950891 
2.5  6.469964089399015 0.00342733867648648 
2.6  6.362965895339102 0.003386434724306886 
2.7  6.2613098580810655 0.0033469596927181433 
2.8  6.164572593125711 0.003309005294703571 
2.9  6.0723619335807655 0.003272437544317164 
3.0  5.984330863658545 0.0032372010133828732 
3.1  5.900164522949506 0.003203192961715229 
3.2  5.8196143702371 0.0031705645808911553 
3.3  5.742365908112591 0.003138424639587245 
3.4  5.668213397154035 0.0031079649135179466 
3.5  5.597012736290477 0.0030776034465263002 
3.6  5.528487252124755 0.0030487644411630876 
3.7  5.462498844985697 0.0030211272325147975 
3.8  5.398933692092386 0.002994067359456176 
3.9  5.337595785832091 0.0029677164476900053 
4.0  5.278374236990922 0.002942463067026946 
4.1  5.221149724516276 0.002917236679170987 
4.2  5.165807220390388 0.0028933361899916576 
4.3  5.112245610585808 0.002869767195120443 
4.4  5.060369881193118 0.0028468143498823206 
4.5  5.010096496355803 0.0028244730362381176 
4.6  4.961337671586475 0.0028026917638097615 
4.7  4.914023396506203 0.0027814486197438315 
4.8  4.868078455244753 0.0027607296437311968 
4.9  4.8234365068428735 0.002740815007827635 
5.0  4.780042492246958 0.0027210612580247373 
