#mmax= 10
#m-states: all states (FBR)
#Nr. of sites: 40
 
0.0  20.000000000000007 0.01250000000000362 
0.1  24.68787671353427 0.018409044431570765 
0.2  32.02950942279418 0.02829167909962904 
0.3  45.687860411704456 0.04872975488704434 
0.4  83.11974311009678 0.1165903152191381 
0.41  91.02148019776004 0.1323684838170388 
0.42  100.74479416943942 0.15231335304311888 
0.43  112.7863796131084 0.17706543397088537 
0.44  128.23917577136064 0.2086097657347309 
0.45  148.38691379329708 0.2483113245704931 
0.46  175.1730930585107 0.2974552788458116 
0.47  210.9095371323119 0.35543462201351506 
0.48  258.1523591466946 0.4193780425232442 
0.49  315.85830046073056 0.4811129467168952 
0.5  379.32228189219427 0.53310268614267 
0.51  440.34633225910835 0.5711278358083076 
0.52  493.1571251622325 0.5964421938558349 
0.53  536.525212803483 0.6126930421907649 
0.54  571.9417341576121 0.6232430861444904 
0.55  601.4219100427499 0.6303664134233999 
0.56  626.7007368828603 0.6354435713000842 
0.57  648.767976530927 0.6392017970628832 
0.58  668.4402226800271 0.6421107599562977 
0.59  686.3338936390179 0.6444574998649906 
0.6  702.5981500140803 0.6463610851376868 
0.7  816.3074324850895 0.6554944866405433 
0.8  886.5662899894137 0.6587927428861151 
0.9  937.2974015430754 0.6605197982044968 
1.0  976.8911848976497 0.661596520368367 
1.1  1009.2849985145428 0.6623396247507761 
1.2  1036.6140745141379 0.6628869373347359 
1.3  1060.1804930595918 0.6633088249466721 
1.4  1080.8444891366662 0.6636451873983951 
1.5  1099.1895468682965 0.6639201042478301 
1.6  1115.641131040119 0.6641492839274812 
1.7  1130.518425154255 0.6643434553805958 
1.8  1144.0778063845637 0.6645103091610058 
1.9  1156.4968193635223 0.664655099233346 
2.0  1167.9318314691482 0.664781951954929 
2.1  1178.513864673522 0.6648940896002598 
2.2  1188.3481644636304 0.6649939619941174 
2.3  1197.5138377241333 0.6650833884763427 
2.4  1206.0893535632872 0.6651639857344523 
2.5  1214.1329088275843 0.6652369527500008 
2.6  1221.6998474776976 0.6653033425671766 
2.7  1228.835278269704 0.6653639881766052 
2.8  1235.5791425938357 0.6654196041443211 
2.9  1241.9656781025403 0.6654707773084406 
3.0  1248.0259718679397 0.6655180220729329 
3.1  1253.78778367683 0.6655617775004048 
3.2  1259.2686129313297 0.6656023528914996 
3.3  1264.5015662706746 0.6656401817741081 
3.4  1269.502658467203 0.6656755120553516 
3.5  1274.2780472886989 0.665708472106181 
3.6  1278.8557964085576 0.6657394088825261 
3.7  1283.247850380154 0.66576848573683 
3.8  1287.4570137671424 0.6657957744400687 
3.9  1291.5062464456046 0.665821531379317 
4.0  1295.4013092053297 0.6658458438613619 
4.1  1299.1520103089888 0.6658688286237437 
4.2  1302.7670359986973 0.6658905927978658 
4.3  1306.254839211174 0.6659112322965894 
4.4  1309.6221506977554 0.6659308266094686 
4.5  1312.8754757338727 0.6659494500795018 
4.6  1316.0222407549693 0.6659671816801045 
4.7  1319.067003579032 0.6659840738648937 
4.8  1322.015710714295 0.6660001885270832 
4.9  1324.8731925262382 0.6660155771676772 
5.0  1327.6442589077583 0.6660302878406116 
