#mmax= 10
#m-states: all states (FBR)
#Nr. of sites: 40
 
0.0  5.026420251754433e-32 
0.1  0.025783138340277862 
0.2  0.056570366220056664 
0.3  0.09916169445620159 
0.4  0.16650151888838632 
0.41  0.17561647824018814 
0.42  0.18540176930154376 
0.43  0.1959197542360523 
0.44  0.2073037226361064 
0.45  0.2197002527553083 
0.46  0.23329675673600347 
0.47  0.24828262704153595 
0.48  0.2648055688284854 
0.49  0.2825503791548043 
0.5  0.3006937096723742 
0.51  0.3180142570534976 
0.52  0.33368342603444534 
0.53  0.34754402009044805 
0.54  0.35983858196389246 
0.55  0.37089102712443434 
0.56  0.3809881092355491 
0.57  0.39029867295654 
0.58  0.3989707108428803 
0.59  0.40712808310850623 
0.6  0.41479743515701384 
0.7  0.47420310661222814 
0.8  0.5152990412049748 
0.9  0.5466070501299226 
1.0  0.5717999383981474 
1.1  0.5928101772263613 
1.2  0.610769173642698 
1.3  0.6264020954541288 
1.4  0.6402052639015339 
1.5  0.6525263525988001 
1.6  0.6636235950943773 
1.7  0.6736945784184468 
1.8  0.6828979658064241 
1.9  0.6913491119073346 
2.0  0.6991470908178373 
2.1  0.706376432949121 
2.2  0.7131045641665713 
2.3  0.7193847583348759 
2.4  0.7252672606595492 
2.5  0.7307912158417322 
2.6  0.7359929739084828 
2.7  0.740902304294394 
2.8  0.7455460642600203 
2.9  0.7499471102271356 
3.0  0.7541262387320545 
3.1  0.7581019835156153 
3.2  0.7618868194246635 
3.3  0.7655016001356717 
3.4  0.7689576442310986 
3.5  0.7722605329321494 
3.6  0.7754271688344954 
3.7  0.7784664341738213 
3.8  0.7813810635589538 
3.9  0.7841855848656828 
4.0  0.786884283592144 
4.1  0.7894839522315495 
4.2  0.7919902678097094 
4.3  0.7944091538356365 
4.4  0.7967450875451662 
4.5  0.7990026829462541 
4.6  0.801186825059829 
4.7  0.8033007591560767 
4.8  0.8053484618788646 
4.9  0.8073331806130446 
5.0  0.8092584328537169 
