#mmax= 10
#m-states: all states (FBR)
#Nr. of sites: 40
 
0.0 9.706240582605204e-28
0.1 -0.24437447044938546
0.2 -0.9854989871135195
0.3 -2.25168469627819
0.4 -4.110499462308559
0.41 -4.334056707496212
0.42 -4.565375019734359
0.43 -4.804795049437453
0.44 -5.052717250949612
0.45 -5.309618162383245
0.46 -5.576065279411177
0.47 -5.852739526477295
0.48 -6.140410525653522
0.49 -6.43979925923162
0.5 -6.751296294393937
0.51 -7.074646884606506
0.52 -7.4089629433684365
0.53 -7.75308508431813
0.54 -8.105920686691226
0.55 -8.466575454260237
0.56 -8.834345298726943
0.57 -9.208667973741594
0.58 -9.589081933781895
0.59 -9.975198116990654
0.6 -10.366678651863765
0.7 -14.524044213147373
0.8 -19.015471291664092
0.9 -23.749268646427637
1.0 -28.672278244374645
1.1 -33.74978774867489
1.2 -38.95734203733808
1.3 -44.276773735778576
1.4 -49.69404693525293
1.5 -55.197993037469175
1.6 -60.77951820665622
1.7 -66.43106771413596
1.8 -72.14628463695242
1.9 -77.91973778104295
2.0 -83.74674600977565
2.1 -89.6232340495585
2.2 -95.54562624569749
2.3 -101.5107629671966
2.4 -107.51583452254125
2.5 -113.55832810648275
2.6 -119.63598739932577
2.7 -125.74677873725629
2.8 -131.8888515869573
2.9 -138.06052577029627
3.0 -144.26026610071034
3.1 -150.4866663744073
3.2 -156.7384316638056
3.3 -163.0143752649042
3.4 -169.31339721681053
3.5 -175.63447630087117
3.6 -181.9766671787002
3.7 -188.33908929941185
3.8 -194.72092232826185
3.9 -201.12139976245865
4.0 -207.53980422741915
4.1 -213.97546326051724
4.2 -220.4277459513678
4.3 -226.89605798113632
4.4 -233.37984046167128
4.5 -239.87856599542388
4.6 -246.3917365119733
4.7 -252.9188812624472
4.8 -259.45955416850865
4.9 -266.01333276292183
5.0 -272.5798158906417
