#mmax= 10
#m-states: all states (FBR)
#Nr. of sites: 40
 
0.0  -0.0 
0.1  0.006345542763085618 
0.2  0.026701646583808126 
0.3  0.06679004041657013 
0.4  0.14971569025034148 
0.41  0.16352963702971543 
0.42  0.17945853599858255 
0.43  0.19810389632699085 
0.44  0.22058092870122362 
0.45  0.2485247506465478 
0.46  0.28457930226186373 
0.47  0.3324575300821643 
0.48  0.3967149593615262 
0.49  0.47632206514781383 
0.5  0.5608059554940763 
0.51  0.6314226095242592 
0.52  0.6774003768662143 
0.53  0.7015913579963384 
0.54  0.7122825604794206 
0.55  0.7161575054485637 
0.56  0.7170220315095331 
0.57  0.7166391563136477 
0.58  0.7158356798873837 
0.59  0.714930356240195 
0.6  0.7140551120526469 
0.7  0.7089643886204013 
0.8  0.707182376390456 
0.9  0.7061956922788651 
1.0  0.7057023354349448 
1.1  0.7053370874275876 
1.2  0.7050295950417024 
1.3  0.7048552742027511 
1.4  0.7046628007684185 
1.5  0.7044830852339897 
1.6  0.7043456959044984 
1.7  0.7042475687138218 
1.8  0.7041061315461451 
1.9  0.704047791101195 
2.0  0.7040005364941125 
2.1  0.7039716241726328 
2.2  0.7039066098071137 
2.3  0.7038792456167492 
2.4  0.7038374677656355 
2.5  0.703799777056154 
2.6  0.7037669513741049 
2.7  0.7037378975343432 
2.8  0.7037060946899809 
2.9  0.7036754412137414 
3.0  0.7036476092543973 
3.1  0.7036204227665379 
3.2  0.7035936651160274 
3.3  0.7035697165670235 
3.4  0.7035484265505179 
3.5  0.7035269133702372 
3.6  0.7035060918059445 
3.7  0.703486311483474 
3.8  0.7034676434690048 
3.9  0.7034496631529412 
4.0  0.7034326202453108 
4.1  0.7034162343029714 
4.2  0.7034007685325764 
4.3  0.7033857971934907 
4.4  0.703371521499149 
4.5  0.703357671583111 
4.6  0.7033445358600713 
4.7  0.7033317196593984 
4.8  0.7033195369239837 
4.9  0.7033077641204781 
5.0  0.703296414975739 
