0.0  -0.0  0.0
0.1  0.006672201803898094  0.0002587389711477702
0.2  0.02715922071996532  0.0005357240165160707
0.3  0.0678950226880235  0.0008399972479811208
0.4  0.1499962948915739  0.0012768371559520398
0.41  0.16487402788092304  0.0013441321844251137
0.42  0.17974384937044707  0.001412232486413712
0.43  0.19718511689730525  0.0014855812753143956
0.44  0.22211137523151922  0.0015900989113973943
0.45  0.24805354299854085  0.0016947053261526267
0.46  0.283092614166671  0.0018315174660152973
0.47  0.3279132932436875  0.001993988051241102
0.48  0.39773548177450063  0.0022508508884043
0.49  0.477956541257575  0.0025370511994112304
0.5  0.5632805149788657  0.0028286691454579905
0.51  0.6316350557429753  0.003050218985635096
0.52  0.6739489765883573  0.003198004329505606
0.53  0.7041307741620532  0.003288156276956161
0.54  0.7062341128939739  0.0033024797013683272
0.55  0.7171541288609302  0.003327606103016799
0.56  0.7134086291027405  0.003315171599382187
0.57  0.7135634129431758  0.0033080662185004327
0.58  0.7141751110258119  0.003309258020291746
0.59  0.7153672737220956  0.003293946348337525
0.6  0.7167519112745112  0.003303254761819994
0.7  0.7107931148651625  0.0032664234670162265
0.8  0.701530843663927  0.0032329346477335346
0.9  0.7073639759105692  0.0032505192853944528
1.0  0.7009265318324354  0.0032316487671502302
1.1  0.7080982071768219  0.0032521682234895395
1.2  0.7076366550457599  0.003245917475976457
1.3  0.7098757662919796  0.003250524933200399
1.4  0.7058911909141392  0.0032399580556985736
1.5  0.7023051827781719  0.003226989394975641
1.6  0.7076482540645241  0.003235701949231492
1.7  0.7037786826689763  0.0032261959922642676
1.8  0.7003091980575751  0.00322126641224297
1.9  0.7105191153568577  0.0032527830697515435
2.0  0.7003786602180029  0.0032200661470002667
2.1  0.705764813496257  0.00323651934620342
2.2  0.7030018319348414  0.0032276800854745143
2.3  0.6996525783587952  0.0032154958980674174
2.4  0.6998804297654964  0.0032145886610480535
2.5  0.7029804040326126  0.0032256410624156985
2.6  0.7046889590679847  0.003232531976617235
2.7  0.707057165415762  0.003238100350380723
2.8  0.704730362093629  0.0032321303564959757
2.9  0.710046199493082  0.0032460756025107676
3.0  0.703585493556359  0.0032270853837518204
3.1  0.70890140206931  0.0032454362508487575
3.2  0.7010964050235796  0.0032187446714417064
3.3  0.7009451304210474  0.003221389329670869
3.4  0.7072426161734297  0.003238782579920578
3.5  0.7071487847252573  0.003236761573151171
3.6  0.7028039137353964  0.0032271466119882797
3.7  0.7065237443448084  0.0032336340602262185
3.8  0.7059328813524769  0.0032364430761943103
3.9  0.6999899131505377  0.0032164763879435104
4.0  0.6990486198080991  0.0032165054114075813
4.1  0.7030370621498674  0.0032263557671665974
4.2  0.7012986979235083  0.0032224238560446894
4.3  0.7091623801385848  0.0032447169034948292
4.4  0.708336051937537  0.0032434399639219625
4.5  0.7038996190002325  0.003227215482880506
4.6  0.7033453505947515  0.003225038813698465
4.7  0.7091837297009292  0.00324113501732255
4.8  0.70219854780092  0.003222448967394676
4.9  0.7064198995276554  0.0032329200972789503
5.0  0.704762532304511  0.003229718189174287
0.0  -0.0  0.0
0.1  0.006256107075425437  0.0002504534066482535
0.2  0.026530186545231885  0.0005183729315294387
0.3  0.06783509923293801  0.0008381072308597352
0.4  0.15090683726526882  0.001285614078113747
0.41  0.16542543362204973  0.0013481460133406178
0.42  0.182094171578041  0.0014158731796721747
0.43  0.199184960494576  0.001492631250225647
0.44  0.21840084716359257  0.001574671588328605
0.45  0.24965768402015306  0.0017032293356836882
0.46  0.2864456389408106  0.0018449937238686563
0.47  0.3335535120503636  0.002013149018636869
0.48  0.39463546930935184  0.0022355353272853337
0.49  0.476621883069405  0.0025270329200277773
0.5  0.5564307588376664  0.00281296402302217
0.51  0.6303839952581581  0.003055871145211419
0.52  0.6774067349824444  0.003211479363675614
0.53  0.7008452499131083  0.0032874878146974458
0.54  0.7103145829951929  0.0033094789519870485
0.55  0.7122179307492194  0.0033138190419657425
0.56  0.7209125283061827  0.0033391572206684
0.57  0.7152518598314763  0.003318733073037272
0.58  0.7173517676376663  0.0033116556137114447
0.59  0.7165858831113515  0.0033026649513666064
0.6  0.7153454313517964  0.0033067280068043658
0.7  0.7083886487157237  0.0032578959075308125
0.8  0.7084936604604566  0.0032550276381327903
0.9  0.7075829107371479  0.0032514214064097466
1.0  0.7021143010755556  0.003230576344241173
1.1  0.7054248806748238  0.003239675197298716
1.2  0.7028415743118348  0.0032323683306810648
1.3  0.7093593269697516  0.0032464977410737914
1.4  0.7107750910395706  0.0032565611498823884
1.5  0.7031728701332447  0.0032312409887060565
1.6  0.7061163893791808  0.0032431625688603715
1.7  0.7113226441431006  0.003252483886291974
1.8  0.7015264247379357  0.0032246147320160656
1.9  0.7054878302216241  0.0032402663705052444
2.0  0.7034252353065649  0.0032293199031765726
2.1  0.6955266471647005  0.0032024903324720726
2.2  0.7040481670852599  0.0032281883691864925
2.3  0.705089938956299  0.0032352754308211
2.4  0.702556946658283  0.0032213507626280315
2.5  0.7038281729117003  0.0032263431921269957
2.6  0.7026021253091191  0.0032239289204655684
2.7  0.6994112577732724  0.003219703298594416
2.8  0.7058028850411937  0.0032308155653060283
2.9  0.7020797475239083  0.003222795918630549
3.0  0.6986353835363631  0.0032099232054591587
3.1  0.7075809172502048  0.003237383374572889
3.2  0.7041924322018528  0.0032317785134039663
3.3  0.7020432153531613  0.003226713621325033
3.4  0.7004355186077121  0.003216558791342741
3.5  0.7046641419318289  0.0032340904480952777
3.6  0.7058929068031221  0.0032325190620605005
3.7  0.7030655987164947  0.003225575852021011
3.8  0.7021263764625937  0.003222285756089011
3.9  0.701490219159248  0.0032212187870141445
4.0  0.7014631257795919  0.003221872284430241
4.1  0.7042770840764688  0.0032304852080613507
4.2  0.7067854176585996  0.0032335758033939454
4.3  0.7043205704168899  0.003227665876224107
4.4  0.7082716953333168  0.003245824239442207
4.5  0.7050502810294497  0.00323764948139766
4.6  0.7049390941970719  0.003231049050757455
4.7  0.7001212566678439  0.0032177081871886636
4.8  0.7056617908258405  0.0032338133762520407
4.9  0.7023034064065977  0.0032223373999553154
5.0  0.7022994115788089  0.003223156963383757
