#mmax= 10
#m-states: all states (FBR)
#Nr. of sites: 40
 
0.0  0.0 
0.1  0.022975271862567467 
0.2  0.07702636359956734 
0.3  0.16005230259372522 
0.4  0.2919762871105631 
0.41  0.3109737090351056 
0.42  0.332182541330126 
0.43  0.3561481399609287 
0.44  0.38403032894683153 
0.45  0.41730511635718814 
0.46  0.4581739807602567 
0.47  0.5089633936090252 
0.48  0.5712275152166431 
0.49  0.6390427248401196 
0.5  0.7007606585104361 
0.51  0.7442736673687004 
0.52  0.7674652205880722 
0.53  0.7761643117969739 
0.54  0.7771257326291121 
0.55  0.7747652445562468 
0.56  0.7713347806333757 
0.57  0.7677786674310612 
0.58  0.7644803475212837 
0.59  0.761500884961204 
0.6  0.7588704650313693 
0.7  0.7442289391318555 
0.8  0.7384696495056298 
0.9  0.7354265160213987 
1.0  0.7336208551078169 
1.1  0.73238129302558 
1.2  0.731456260804645 
1.3  0.7307745804249255 
1.4  0.7302031734992097 
1.5  0.7297199944698494 
1.6  0.7293208626046825 
1.7  0.7289874229706218 
1.8  0.7286694018101353 
1.9  0.7284222911979392 
2.0  0.7282050695980599 
2.1  0.7280164277020434 
2.2  0.7278266989028696 
2.3  0.7276700436044446 
2.4  0.7275185149606501 
2.5  0.7273796637920454 
2.6  0.7272519962812322 
2.7  0.7271351881839969 
2.8  0.7270241538223889 
2.9  0.7269202489439571 
3.0  0.7268235362719636 
3.1  0.7267323919344028 
3.2  0.726645933619829 
3.3  0.7265652046848559 
3.4  0.7264897869247671 
3.5  0.7264179566577837 
3.6  0.7263496974607232 
3.7  0.7262846545515986 
3.8  0.7262232995379743 
3.9  0.726164585873651 
4.0  0.7261086780165442 
4.1  0.7260552225194927 
4.2  0.7260042869764597 
4.3  0.7259554475253543 
4.4  0.7259086291344282 
4.5  0.7258637208422672 
4.6  0.7258206903496054 
4.7  0.725779254330956 
4.8  0.7257394569997729 
4.9  0.7257011338965382 
5.0  0.725664202771549 
