#mmax= 10
#m-states: all states (FBR)
#Nr. of sites: 40

0.0  0.0 0.0 0.0 NaN NaN 0.0 
0.1  -0.00106 0.0020889309228224857 0.4363632400324002 -0.004899876043180232 9.080890273157042 0.0 
0.2  0.00934 0.004207672122331644 1.770450468904688 0.01884439591050821 2.14618723895868 0.0 
0.3  0.00376 0.006309188274458675 3.9805856682566834 0.0002895333521558076 0.8320204190747558 0.0 
0.4  0.00214 0.008520579804614358 7.260028020680204 0.0076002093444447584 0.4236752197628979 0.0 
0.41  -0.00684 0.008735141393872894 7.6302695170951695 0.017950214424190543 0.35244378548661537 0.0 
0.42  -0.01036 0.008992248623639865 8.086053530935306 -0.011455885740305623 0.3568706169841964 0.0 
0.43  0.00448 0.009242069760315302 8.541585345453454 0.005983280274993793 0.34175632434899095 0.0 
0.44  0.00136 0.00947616375337588 8.979767948079484 0.00026768058325609643 0.3114017553146442 0.0 
0.45  -0.0002 0.009733907082434622 9.47489470894709 0.0007106192205703647 0.30036003692652224 0.0 
0.46  -0.00728 0.010067754646038814 10.135968361283613 -0.0030713980691214056 0.23573254061905713 0.0 
0.47  -0.00104 0.010288218876874488 10.584744765847656 0.0063440406715450145 0.21940776495190706 0.0 
0.48  -0.00966 0.01063265711748356 11.305339737797379 -0.00022660383879905907 0.17280467805011535 0.0 
0.49  -0.01352 0.010910332829461458 11.903536244962448 -0.009091057464465962 0.1707661875188835 0.0 
0.5  -0.0184 0.011196404243982973 12.535946799467991 0.004210129480332291 0.14180058411823637 0.0 
0.51  0.00048 0.011485491581171813 13.191651686116858 -0.010004133667909788 0.11728012264682564 0.0 
0.52  0.03854 0.011761451015980133 13.83317300013001 0.008816654545745367 0.12197574088433472 0.0 
0.53  0.01238 0.01199721245486079 14.393310668706688 -0.0059467543710407115 0.08926051621435693 0.0 
0.54  -0.00068 0.01222730920713566 14.950709044690447 -0.001080492550681787 0.09648215555611994 0.0 
0.55  -0.0014 0.01236801965065955 15.296791007910079 0.006789057000649624 0.08934392325012874 0.0 
0.56  0.01086 0.012571841596043562 15.805120111601115 0.0023279526693659523 0.10403776921937347 0.0 
0.57  -0.01396 0.01278091094957034 16.335168470084703 -0.010172099657573416 0.0691675492860826 0.0 
0.58  -0.0016 0.012903799420341082 16.650803948039485 -0.004661492513054383 0.05559172047203065 0.0 
0.59  -0.00388 0.013063872171127556 17.0664756103561 9.20786808960379e-5 0.06452497921991007 0.0 
0.6  -0.00828 0.01322193112259424 17.481946261062614 0.0022832126152803577 0.06575460419290691 0.0 
0.7  -0.00221 0.01429373618995197 20.431089426794266 -0.01959283972164831 0.02044309031544822 0.0 
0.8  -0.0033 0.015218942383164232 23.161620726207257 0.004660187147803892 0.014948621078735957 0.0 
0.9  -0.00427 0.01597279778165647 25.513026897368977 -0.007380344217651405 0.008255050508321204 0.0 
1.0  -0.02565 0.016544771321163092 27.37294580695807 0.004088755621470714 0.02300257556414076 0.0 
1.1  0.01526 0.017039224591387563 29.033517467574672 0.00498366144585625 -0.0003735638652631046 0.0 
1.2  0.02491 0.017539970679129265 30.76505714247143 0.0019041572201122774 -0.008564899114912095 0.0 
1.3  -0.01468 0.018081026359450452 32.69235142111421 -0.005212414311113331 0.035367435114713075 0.0 
1.4  0.00473 0.018441797018451667 34.00998772697727 -0.004408093778979404 0.019959269095925602 0.0 
1.5  -0.00156 0.018779858958336858 35.268310249502505 0.00358630302456331 0.025979490576770736 0.0 
1.6  -0.03618 0.01920429634550512 36.88049981259813 -0.004389453335571383 0.013999281270330233 0.0 
1.7  -0.01912 0.019633873768209662 38.54889991459915 -0.00275113232650884 0.018831534912147507 0.0 
1.8  0.00692 0.0198761432815 39.50610717467175 0.0014235618394977053 0.01708195943256774 0.0 
1.9  -0.01608 0.02021932003171782 40.88209025450254 0.0020929310038618138 0.026019245243294353 0.0 
2.0  -0.02292 0.020477444664640163 41.93257399933999 0.00928431435726221 -0.017465377682267302 0.0 
2.1  0.00628 0.020804396983458536 43.28229338453386 0.008798375698042454 0.011628301705706168 2.3227824e-317 
2.2  0.00523 0.021130468320364183 44.649669143791435 -0.009532061086798693 -0.01190061775207596 5.54032923e-316 
2.3  0.0204 0.02135934925549012 45.62218006180062 -0.0038972279924962333 0.02161967014605759 3.1594402658570262e-304 
2.4  0.00177 0.021705031208335026 47.11083797547975 0.002943899367509756 0.008692088733815773 2.866308527063232e-299 
2.5  -0.03309 0.021990870526263053 48.35983865028651 0.008818796252905155 -0.006154284641615604 1.897258729557981e-290 
2.6  0.02128 0.022172166959182782 49.16049876658766 -0.0010877420236744004 0.002564586245989542 9.528159357885928e-283 
2.7  -0.00547 0.022336400559152304 49.89147899388993 0.006553224412669536 -0.0045818539812239045 5.3191710616607845e-279 
2.8  -0.00668 0.022704129768636484 51.547750855108546 0.005335036446500968 0.004981086140887658 4.0389718275612727e-286 
2.9  0.0057 0.022849623545103788 52.210529615296146 0.024737916297040453 -0.024698566586986104 1.4076217745410112e-266 
3.0  -0.04647 0.02309793585014482 53.35146405374052 -0.005054388946759445 0.006421251964401797 2.6716693153508503e-273 
3.1  0.0432 0.023252104081210413 54.0660344203442 0.01219640233470488 0.025174701070774574 6.763217079461539e-266 
3.2  -0.02474 0.023460702959839753 55.04045833698338 0.009274046111769168 0.02824202465668968 1.6392592058523766e-264 
3.3  0.03927 0.023621453350748427 55.79730584015841 -0.008428267136452467 -0.0075712431409442615 1.7300372238644776e-259 
3.4  -0.02412 0.023919864210631272 57.215990385503886 -0.0003757045011630524 -0.011734630650767297 9.145490351409565e-249 
3.5  0.00134 0.024103323251077176 58.09701917459176 -0.011072086118493838 0.022198264821748914 1.8618984643129938e-259 
3.6  -0.0191 0.024212567281974535 58.62484143841437 0.001798260721930996 0.004818279287672755 5.803777715431638e-236 
3.7  0.02462 0.02444241217374277 59.74315128711287 -0.0025131993307791656 -0.009725483784144284 2.240269259849411e-232 
3.8  0.00724 0.024593526063564825 60.484152423924236 -0.016300988134774447 -0.004606657277371973 2.932461523578598e-241 
3.9  -0.06762 0.024722928378084093 61.122318758787586 -0.009831293534923135 0.018903174736713435 1.3899699791858727e-226 
4.0  -0.01372 0.025030980466530496 62.65499831158312 -0.006007254231283845 -0.006587345051163762 1.7619092319457925e-227 
4.1  0.00022 0.025204752573900084 63.527955231152305 -0.0036615992468911635 -0.010817956524908023 2.2478004341457104e-215 
4.2  0.00549 0.025305916353553077 64.0389402493025 0.013868055366084365 0.0010380191405916506 3.438196180351104e-225 
4.3  -0.03507 0.02537381798739386 64.38306392573924 -0.0030859952260890804 0.0051207148994816265 1.3534876488073271e-224 
4.4  0.02274 0.025625709662250463 65.66769956939568 -0.00878345581618994 0.02019483180452264 8.743525456487774e-223 
4.5  -0.00325 0.025816325439566183 66.6482659201592 -0.006683720409394655 0.015015696079720975 3.1327962046600763e-220 
4.6  0.03301 0.02595207772996962 67.35103385023851 -0.0024433302956334804 0.0014295190699264992 3.3063319133606366e-214 
4.7  -0.06137 0.02607453999685058 67.98816360473606 -0.008784681708607916 0.005699009954452272 2.8146168027495113e-215 
4.8  0.02316 0.026280546851529328 69.06671428154282 -0.003229938478801274 0.019398652865406874 2.0551292394991212e-203 
4.9  -0.00398 0.026300371835614546 69.17095586915868 0.005485561675901246 0.010309831980882311 6.51461472063731e-212 
5.0  -0.00234 0.02651362621309559 70.29723749677497 0.0007320171062058778 0.009653194041914226 3.122411725036374e-198 
