#mmax= 10
#m-states: all states (FBR)
#Nr. of sites: 40
 
0.0  8.655211224426584e-61 
0.1  0.0024810357922917547 
0.2  0.009691556951148381 
0.3  0.020902445220740983 
0.4  0.034671129166074656 
0.41  0.03609673629781738 
0.42  0.03751591513142721 
0.43  0.03892339861238326 
0.44  0.040312944414057375 
0.45  0.04167688906852639 
0.46  0.04300560817878422 
0.47  0.044287508950919256 
0.48  0.045509067814207146 
0.49  0.046656869308359564 
0.5  0.04772828710916674 
0.51  0.04873592326667015 
0.52  0.049699778832791294 
0.53  0.050635200345399624 
0.54  0.05154948212142708 
0.55  0.052444759509488396 
0.56  0.053321198786636416 
0.57  0.05417927947270567 
0.58  0.05501905620619745 
0.59  0.05584104423237257 
0.6  0.05664627621492657 
0.7  0.06393334332024597 
0.8  0.07020933105156173 
0.9  0.07581312145297163 
1.0  0.08093830617817437 
1.1  0.08570338958731843 
1.2  0.0901858046975453 
1.3  0.09443847433033732 
1.4  0.09849819117263398 
1.5  0.1023932107750433 
1.6  0.10614563860163088 
1.7  0.10977099167444937 
1.8  0.11328272813712698 
1.9  0.11669190927528486 
2.0  0.1200088302093568 
2.1  0.12323878050116242 
2.2  0.12638968589027746 
2.3  0.12946713673283092 
2.4  0.13247636779802577 
2.5  0.13542185949074156 
2.6  0.13830705790790276 
2.7  0.14113687048451237 
2.8  0.1439134435201697 
2.9  0.14664019467498415 
3.0  0.14931942349449562 
3.1  0.15195326263826528 
3.2  0.1545465019348606 
3.3  0.15709677330782496 
3.4  0.15960708526305398 
3.5  0.16208246138363025 
3.6  0.1645221034692738 
3.7  0.16692585827805778 
3.8  0.169300997033455 
3.9  0.17164198110048773 
4.0  0.17395335412550034 
4.1  0.1762349004822638 
4.2  0.17848941454597855 
4.3  0.18071625492890644 
4.4  0.1829175350746447 
4.5  0.1850939004225311 
4.6  0.1872454888678911 
4.7  0.1893739967955553 
4.8  0.19147990138978974 
4.9  0.19356452300273197 
5.0  0.19562681750806413 
