#mmax= 10
#m-states: all states (FBR)
#Nr. of sites: 40
 
0.0  3.5602534273487044e-14 
0.1  5.051317450362249e-9 
0.2  4.8459164807715e-7 
0.3  -2.9990546857583625e-7 
0.4  -4.303244580314165e-7 
0.41  -7.00731722338771e-5 
0.42  -8.937181804651848e-6 
0.43  -1.4457646639868549e-5 
0.44  -8.768093412997616e-6 
0.45  -8.618476863212911e-5 
0.46  6.294417615673177e-5 
0.47  -0.0005053593567931055 
0.48  -0.0009255051724585406 
0.49  -0.002984316942851909 
0.5  -0.0027048027697501036 
0.51  -0.0016504129224425691 
0.52  -0.00027241443100486343 
0.53  -0.0002522258969988125 
0.54  -0.0059422969303189665 
0.55  0.006959038627505072 
0.56  0.01282513778245881 
0.57  0.015849603608442866 
0.58  0.013804681405996317 
0.59  0.017157971936098904 
0.6  0.016387808148761562 
0.7  -0.28155770995110513 
0.8  -0.1600378913816412 
0.9  -0.29109720624389285 
1.0  -0.17019055388860202 
1.1  -0.1476739838251615 
1.2  -0.24226109799517567 
1.3  -0.14766870317535616 
1.4  -0.21893430381701917 
1.5  -0.303901337628521 
1.6  -0.3397456883672684 
1.7  -0.33614148108542596 
1.8  -0.417958922990116 
1.9  -0.39198286891889356 
2.0  -0.3594535460631905 
2.1  -0.30110649382259425 
2.2  -0.31847079564459874 
2.3  -0.2708077346186582 
2.4  -0.2597406940850983 
2.5  -0.24725724776262623 
2.6  -0.22946040644395152 
2.7  -0.20808735990575317 
2.8  -0.20091289406078838 
2.9  -0.19719836812306107 
3.0  -0.19092904359189405 
3.1  -0.18852198221012895 
3.2  -0.19014036688324132 
3.3  -0.18735614284326146 
3.4  -0.18022948587668772 
3.5  -0.1783843011845587 
3.6  -0.17822725721197225 
3.7  -0.17768801373970575 
3.8  -0.17729599581459815 
3.9  -0.17735240174028943 
4.0  -0.17701889238773202 
4.1  -0.17708607062023474 
4.2  -0.17648089875035727 
4.3  -0.1765091262416885 
4.4  -0.17615326956699212 
4.5  -0.17651101679260764 
4.6  -0.1762386485443578 
4.7  -0.17670110057940064 
4.8  -0.1765633929397713 
4.9  -0.1766138309509233 
5.0  -0.17666116761420594 
