#mmax= 10
#m-states: all states (FBR)
#Nr. of sites: 40

0.0  -0.0  0.0
0.1  -0.0  6.424118707737242e-19
0.2  -0.0  2.3670010746174636e-19
0.3  -0.0  4.0596734146660817e-19
0.4  -0.0  3.0809993193289814e-19
0.41  -0.0  2.952185255527891e-19
0.42  1.0000050000287824e-5  1.000010000094113e-5
0.43  2.000020000268671e-5  1.4142347759124123e-5
0.44  4.000080001604469e-5  2.0000500012180597e-5
0.45  2.000020000268671e-5  1.414234775912412e-5
0.46  4.000080001682188e-5  2.000050001251156e-5
0.47  7.000244785045061e-5  2.6458570609729273e-5
0.48  5.000124987523197e-5  2.2361350545541672e-5
0.49  0.00015001124840820882  3.873293148997575e-5
0.5  0.00019001799194669813  4.359333510257232e-5
0.51  0.0003300543939682943  5.745538277635988e-5
0.52  0.0003100475702851073  5.568646614787886e-5
0.53  0.0004500985758985822  6.709707016281566e-5
0.54  0.0006101824115388743  7.812624392466132e-5
0.55  0.0007602882624627692  8.72114829726981e-5
0.56  0.0008503612638372453  9.223509308456446e-5
0.57  0.0010705724027826984  0.0001034966629972279
0.58  0.0008303439739864448  9.114255014459807e-5
0.59  0.001150659576759676  0.0001073001011060775
0.6  0.0012804638685297472  0.00011317912481607167
0.7  0.002994275891505475  0.0001731644067435662
0.8  0.004928722394822038  0.00022221786476008296
0.9  0.007525455269777356  0.0002746580936689763
1.0  0.01000574191350806  0.00031714881507655845
1.1  0.012760110073286859  0.0003580316168400422
1.2  0.015399827246173885  0.00039508265733256235
1.3  0.0172569900306262  0.00041669143548291867
1.4  0.02109192571265208  0.00046449445552003665
1.5  0.023841967953695205  0.0004918045035582158
1.6  0.026911013205255775  0.0005282329236999559
1.7  0.030281259594778828  0.0005575587202952228
1.8  0.032929464665291126  0.0005806081681308702
1.9  0.03622425396802385  0.000610338445274803
2.0  0.03794494367520551  0.0006395915721055896
2.1  0.04089841679554447  0.0006480205186765829
2.2  0.043701649462218536  0.0006766545351182842
2.3  0.0458523746905095  0.0006946512267655014
2.4  0.04919539891768926  0.0007180162633612976
2.5  0.05152683467716651  0.0007473483927590578
2.6  0.055251657349754804  0.000765997750020903
2.7  0.0573882768458917  0.0007843953398217048
2.8  0.060130903549615804  0.0008125953034976227
2.9  0.06265696782988289  0.0008243345623567761
3.0  0.06345170404695727  0.0008168808153781543
3.1  0.06602925798840421  0.0008414312697386613
3.2  0.06968661153908613  0.0008635529731921491
3.3  0.07042883607722121  0.0008686203745169751
3.4  0.07365616265277307  0.0008912987258812035
3.5  0.07634122881324158  0.0009072828874606924
3.6  0.07735463725518227  0.0009153956605729983
3.7  0.08025367098278154  0.0009440442576860654
3.8  0.08249830331348551  0.0009587377265934308
3.9  0.08338406420140762  0.0009695905630111365
4.0  0.08682815967163181  0.0009826855799703505
4.1  0.09004256058937629  0.001009990634862574
4.2  0.0916944241501877  0.0009969510345777506
4.3  0.0907949229120316  0.0009953575707224282
4.4  0.09583123417070716  0.001040672876763542
4.5  0.09761730225749099  0.0010448288355435148
4.6  0.09871316390870537  0.0010563155636220847
4.7  0.09834474631087897  0.001051272626750055
4.8  0.1027786943831109  0.0010767007129657065
4.9  0.10283840323979736  0.001083812337213324
5.0  0.10591377659992589  0.0010932849514140369
