#mmax= 10
#m-states: all states (FBR)
#Nr. of sites: 40

0.0  1.0  0.0
0.1  1.0  6.424118707737242e-19
0.2  1.0  2.3670010746174636e-19
0.3  1.0  4.0596734146660817e-19
0.4  1.0  3.0809993193289814e-19
0.41  1.0  2.952185255527891e-19
0.42  0.99999  9.99999999994112e-6
0.43  0.99998  1.414206491216894e-5
0.44  0.9999600000000053  1.9999699992180217e-5
0.45  0.99998  1.4142064912168937e-5
0.46  0.9999600000000045  1.999969999251115e-5
0.47  0.9999300000022637  2.6456718509846488e-5
0.48  0.9999500000001664  2.2360232478018118e-5
0.49  0.9998500000027165  3.872712155035747e-5
0.5  0.9998100000603285  4.358505237153275e-5
0.51  0.9996700000679912  5.7436422503950144e-5
0.52  0.9996900004894957  5.56692033706313e-5
0.53  0.9995500027032697  6.706687666262387e-5
0.54  0.9993900037118905  7.807858720586333e-5
0.55  0.9992400006834262  8.714520230524147e-5
0.56  0.9991500001908393  9.215669327304466e-5
0.57  0.9989300004554051  0.00010338592161495379
0.58  0.9991700006661746  9.10669018886949e-5
0.59  0.9988500021781286  0.00010717670622351892
0.6  0.9987203555755361  0.00011303429578003508
0.7  0.9970102024816084  0.00017264668023001054
0.8  0.9950834038269604  0.0002211253092566225
0.9  0.9925027900713033  0.0002725989242821243
1.0  0.9900441489849747  0.0003139913287240644
1.1  0.9873209549653212  0.00035349211784628846
1.2  0.9847181437394821  0.00038904506095218267
1.3  0.9828910589718142  0.0004095622862862913
1.4  0.9791289533055373  0.00045479997004955894
1.5  0.9764400063779847  0.0004802175925911058
1.6  0.9734478616753159  0.0005142072100422225
1.7  0.9701726248118868  0.000540928207155573
1.8  0.967606807652098  0.0005618004160618439
1.9  0.9644239933235847  0.0005886250406708337
2.0  0.9627659457866711  0.0006157769848354218
2.1  0.9599266374190256  0.0006220521574717452
2.2  0.9572395077958189  0.000647720454144435
2.3  0.9551829609631971  0.0006635190156185889
2.4  0.9519950927126224  0.0006835479592078093
2.5  0.9497781626298549  0.0007098151833190731
2.6  0.9462469879781786  0.0007248230637553413
2.7  0.9442273765543928  0.0007406475539013397
2.8  0.941641261332464  0.0007651732665383378
2.9  0.9392656167560889  0.0007742691111253979
3.0  0.9385194448971742  0.0007666585293958564
3.1  0.9361034753863207  0.0007876667359010855
3.2  0.9326860671612011  0.0008054238263519477
3.3  0.93199406151933  0.0008095490307645171
3.4  0.9289910607549321  0.0008280085488058986
3.5  0.9265000041168852  0.000840597598967511
3.6  0.9255615567867935  0.0008472550326758195
3.7  0.9228822082541068  0.0008712416492229251
3.8  0.9208130001864789  0.0008828181624164612
3.9  0.919997741161405  0.0008920211278216605
4.0  0.9168346312613729  0.0009009601713579847
4.1  0.9138922886490711  0.0009230226528086861
4.2  0.9123839094402576  0.0009096020824485576
4.3  0.9132049691132089  0.0009089654796281736
4.4  0.9086173466898815  0.0009455734280570155
4.5  0.9069959426439002  0.0009476555145953188
4.6  0.9060025449851643  0.000957024588949047
4.7  0.9063363937605181  0.0009528066413877921
4.8  0.9023266413408896  0.0009715357380596872
4.9  0.9022727660572092  0.0009778943553843946
5.0  0.8995022028706626  0.0009834122221622716
