#mmax= 10
#m-states: all states (FBR)
#Nr. of sites: 40
 
0.0  1.9603038981842292e-30 
0.1  1.9685553284544448 
0.2  4.057648532533814 
0.3  6.442569062424132 
0.4  9.490288617754064 
0.41  9.862213774443388 
0.42  10.253740392887991 
0.43  10.666825063253981 
0.44  11.105691325626777 
0.45  11.574979214344467 
0.46  12.080613317228792 
0.47  12.628522133806124 
0.48  13.223205999434095 
0.49  13.853808579819425 
0.5  14.493051542888335 
0.51  15.101061134552161 
0.52  15.651301663495568 
0.53  16.139334873897273 
0.54  16.573665881734023 
0.55  16.965271276683648 
0.56  17.323793810448898 
0.57  17.65495295740879 
0.58  17.963742867556647 
0.59  18.254357312672525 
0.6  18.527777046520125 
0.7  20.647026563804765 
0.8  22.11109469004028 
0.9  23.223680189553097 
1.0  24.116722542823805 
1.1  24.859803222197296 
1.2  25.49371947466906 
1.3  26.044593508668132 
1.4  26.530245260938457 
1.5  26.963190205332502 
1.6  27.352698983617675 
1.7  27.7058310479645 
1.8  28.02822672444342 
1.9  28.324040403600875 
2.0  28.596812312878086 
2.1  28.849505351428807 
2.2  29.0845277121156 
2.3  29.303784306729497 
2.4  29.509045933048686 
2.5  29.701708047434504 
2.6  29.8830452348713 
2.7  30.05412319175794 
2.8  30.21588115610552 
2.9  30.369131548987152 
3.0  30.514603551046157 
3.1  30.652946209262453 
3.2  30.784637087362572 
3.3  30.910343772167632 
3.4  31.030481619389615 
3.5  31.14529935551714 
3.6  31.25534199271573 
3.7  31.360914505566917 
3.8  31.462176849878066 
3.9  31.559565418863652 
4.0  31.653263511647662 
4.1  31.743500866331846 
4.2  31.83048657442355 
4.3  31.91441723590037 
4.4  31.99545870458147 
4.5  32.07377098245835 
4.6  32.14951868744138 
4.7  32.222823254583226 
4.8  32.293820808870215 
4.9  32.36262839106695 
5.0  32.42935945151396 
