#mmax= 10
#m-states: all states (FBR)
#Nr. of sites: 40
 
0.0  0.0 
0.1  -0.9630129331836083 
0.2  -1.8514042499516041 
0.3  -2.5752629786322707 
0.4  -2.9967293811069977 
0.41  -3.0131711230760505 
0.42  -3.0230713901277837 
0.43  -3.0259546480479416 
0.44  -3.0208461428186264 
0.45  -3.0066693568874423 
0.46  -2.982039804524658 
0.47  -2.9454996791862214 
0.48  -2.8957888151231654 
0.49  -2.834343792782057 
0.5  -2.7659968656657403 
0.51  -2.6985051094657546 
0.52  -2.6376480481521996 
0.53  -2.585118090369799 
0.54  -2.539961185142216 
0.55  -2.5005212188307095 
0.56  -2.465257550262482 
0.57  -2.4333047121037277 
0.58  -2.403885144684313 
0.59  -2.376362071440783 
0.6  -2.3506770753965864 
0.7  -2.153105405927866 
0.8  -2.0144320830462634 
0.9  -1.9060052344861145 
1.0  -1.8165249452960601 
1.1  -1.7402063103692076 
1.2  -1.6737217026038373 
1.3  -1.6149117859571103 
1.4  -1.562239968778639 
1.5  -1.5146624539792994 
1.6  -1.471378774936964 
1.7  -1.4317424896450754 
1.8  -1.3952060579928791 
1.9  -1.3614250392148244 
2.0  -1.3300757709824302 
2.1  -1.3008244664130848 
2.2  -1.2734497096193225 
2.3  -1.2477787316693343 
2.4  -1.2236227673262698 
2.5  -1.2008506296069459 
2.6  -1.179319252440473 
2.7  -1.1589333242765765 
2.8  -1.13958464996473 
2.9  -1.1211942501288654 
3.0  -1.1036802404960313 
3.1  -1.0869688521534593 
3.2  -1.0710511298006982 
3.3  -1.0557813668764342 
3.4  -1.0411334943767703 
3.5  -1.0271385711633119 
3.6  -1.0136824081704106 
3.7  -1.0007235727878834 
3.8  -0.98831537107887 
3.9  -0.9763276091020243 
4.0  -0.9647764515540461 
4.1  -0.9536267293014162 
4.2  -0.9428661298448832 
4.3  -0.932460236310548 
4.4  -0.9224002903199878 
4.5  -0.9126663475544381 
4.6  -0.9032325101080466 
4.7  -0.8940936474962347 
4.8  -0.8852307955944995 
4.9  -0.8766343471582088 
5.0  -0.8682805702189998 
