#mmax= 5
#m-states: all states (FBR)
#Nr. of sites: 4

0.0  1.9999999999999993 0.1250000000000001 
0.1  1.8530032793569025 0.10701997218217218 
0.2  1.7150810546456525 0.09100395133165373 
0.3  1.5890913037732088 0.07731347142750478 
0.4  1.4760785625396133 0.06612184230023554 
0.41  1.4655233269032015 0.0651514370552202 
0.42  1.4551026052047358 0.06420907698922318 
0.43  1.4448195517095899 0.06329471342247817 
0.44  1.4346736064459482 0.062408685050538315 
0.45  1.424664899151582 0.06155139955024336 
0.46  1.414794686553321 0.060722456052832885 
0.47  1.4050619277054754 0.059922354487277896 
0.48  1.3954404272506769 0.059012227213863455 
0.49  1.3859817550639373 0.058261481303640394 
0.5  1.3766623713613433 0.05754024771741684 
0.51  1.3674812924792281 0.05684786795894825 
0.52  1.3584384384644168 0.05618429046785911 
0.53  1.3495336012802837 0.05554940785997364 
0.54  1.340766608607505 0.054943054813425096 
0.55  1.3321370911950468 0.05436501798155824 
0.56  1.323644564162535 0.05381503584335068 
0.57  1.3152886207070569 0.05329275755780649 
0.58  1.3070685711651444 0.05279781245126691 
0.59  1.298983413334412 0.05232372116079398 
0.6  1.2910327975092624 0.051881795692956145 
0.7  1.2186571715583674 0.04877480905987874 
0.8  1.1580738867845164 0.047514320033749224 
0.9  1.1072439732570922 0.047285749659643606 
1.0  1.0640640695375547 0.04745973374909762 
1.1  1.026779130817852 0.047805159483802484 
1.2  0.9940383956214289 0.04805130645869071 
1.3  0.9648703431348747 0.04817494336820649 
1.4  0.9385744840022634 0.048183043451809904 
1.5  0.9146374855939787 0.048090231957359175 
1.6  0.8926781685484427 0.047918904962971576 
1.7  0.8724029477403781 0.04768728006124712 
1.8  0.8535833758205116 0.04741017311165929 
1.9  0.8360389078078295 0.04712295782677911 
2.0  0.8196165996207625 0.046786249264802016 
2.1  0.80419494249268 0.04643406819817475 
2.2  0.7896703996735048 0.0460722100378409 
2.3  0.7759547846993518 0.045705091751941374 
2.4  0.7629728073223886 0.045336021924819114 
2.5  0.7506587148726229 0.04496749819829615 
2.6  0.7389552227900542 0.04460138851381856 
2.7  0.7278120089266542 0.04423908867107318 
2.8  0.7171845922493957 0.04388163314343552 
2.9  0.7070334457972911 0.043529779180761397 
3.0  0.6973232796044062 0.04318407083689835 
