#mmax= 5
#m-states: all states (FBR)
#Nr. of sites: 4

0.0  2.0000000000000036 0.12500000000000044 
0.1  2.3398245122487658 0.1678204024039518 
0.2  2.776731547555264 0.22189941734859342 
0.3  3.335409152545889 0.28543114595228825 
0.4  4.028393570700341 0.3533343079309077 
0.41  4.104772952055668 0.36009475798741586 
0.42  4.182340040971557 0.3668208855988426 
0.43  4.2610362194416735 0.37350437611166676 
0.44  4.340821026421117 0.3801385794658262 
0.45  4.4216518244897856 0.38671723791616075 
0.46  4.503452190429223 0.3932321849009329 
0.47  4.5861806230891125 0.39967829032001045 
0.48  4.669790444600051 0.4060508895456467 
0.49  4.75412179841503 0.4123366431498442 
0.5  4.839223356742651 0.4185394844885413 
0.51  4.924974405767604 0.4246505194395396 
0.52  5.011300222671066 0.4306650526226351 
0.53  5.0981247085925006 0.4365788278049566 
0.54  5.185365152722035 0.4423876435649229 
0.55  5.272941741250807 0.44808801129183184 
0.56  5.360775099855616 0.45367693237458895 
0.57  5.448775313829657 0.4591511634652826 
0.58  5.5368624865159 0.46450853804479997 
0.59  5.624959172030163 0.46974580642357755 
0.6  5.712974270435952 0.4748640140680761 
0.7  6.571849720906487 0.5193146980724148 
0.8  7.350005631065165 0.5522499972840442 
0.9  8.016105694669875 0.5758858734392691 
1.0  8.569364492181816 0.5927386440738933 
1.1  9.025276478329324 0.6048976270018609 
1.2  9.402582643175581 0.6138450321956864 
1.3  9.718726486756799 0.6205953512083852 
1.4  9.987546710391644 0.6258175893617347 
1.5  10.219478744439947 0.6299532454363775 
1.6  10.4224771787539 0.6333022687239033 
1.7  10.602300771201264 0.6360659004931372 
1.8  10.763314383207272 0.638385315029828 
1.9  10.908799084817458 0.640360720861239 
2.0  11.041319807921386 0.6420643731812443 
2.1  11.162858625728823 0.643550462786808 
2.2  11.27498089150019 0.6448593606220446 
2.3  11.378949860761765 0.6460220664788205 
2.4  11.475784879546705 0.6470625769406989 
2.5  11.566332868841048 0.6479999214749514 
2.6  11.651296573786036 0.648849276235391 
2.7  11.73126675045171 0.6496229130207536 
2.8  11.806744977885497 0.6503308692477657 
2.9  11.878160884915225 0.6509814397855989 
3.0  11.94588540785387 0.6515815441664594 
