#mmax= 5
#m-states: all states (FBR)
#Nr. of sites: 4

0.0  0.0 
0.1  0.025525678924379194 
0.2  0.05422104574747045 
0.3  0.08920708133231091 
0.4  0.13294156018133796 
0.41  0.13783851050816862 
0.42  0.1428296544976401 
0.43  0.1479126767956245 
0.44  0.15308599937629552 
0.45  0.1583480276256686 
0.46  0.16369453447639146 
0.47  0.1691237278300274 
0.48  0.17463320424514384 
0.49  0.1802127109008631 
0.5  0.1858672922172191 
0.51  0.19158875924141736 
0.52  0.19737255590575442 
0.53  0.2032139517437914 
0.54  0.20910753951833447 
0.55  0.21504811338304988 
0.56  0.22103036095945625 
0.57  0.22704810215793003 
0.58  0.23309577979723994 
0.59  0.23916744619046149 
0.6  0.2452574575609238 
0.7  0.3058684545386773 
0.8  0.3624947581613995 
0.9  0.41209784066004085 
1.0  0.4539619382345743 
1.1  0.4888107918998204 
1.2  0.5178032251827807 
1.3  0.5421406556858451 
1.4  0.5628241703154903 
1.5  0.5806311084272852 
1.6  0.5961714837756357 
1.7  0.6098903616288381 
1.8  0.6221301228887955 
1.9  0.6331502944490496 
2.0  0.6431534842243124 
2.1  0.652298136173641 
2.2  0.6607089671417998 
2.3  0.6684866490945726 
2.4  0.6757123139691815 
2.5  0.6824532237540265 
2.6  0.6887650396874098 
2.7  0.6946944129608346 
2.8  0.7002808254107423 
2.9  0.7055579827806314 
3.0  0.710554888458445 
