#mmax= 5
#m-states: all states (FBR)
#Nr. of sites: 4

0.0 2.788224546819848e-29
0.1 -0.018769183150460833
0.2 -0.0753068574349669
0.3 -0.1702818607597365
0.4 -0.30462405909784707
0.41 -0.32025506718771624
0.42 -0.33628730974293575
0.43 -0.35272086860648244
0.44 -0.36955567842074544
0.45 -0.38679151763420094
0.46 -0.40442800033524406
0.47 -0.422464562212042
0.48 -0.44090050401218406
0.49 -0.45973479480824864
0.5 -0.4789663365360539
0.51 -0.49859378240675056
0.52 -0.5186155741215615
0.53 -0.5390299378603913
0.54 -0.5598348814498664
0.55 -0.5810281927282759
0.56 -0.6026074392318108
0.57 -0.6245699691413762
0.58 -0.6469129135476592
0.59 -0.6696332767786402
0.6 -0.6927275987877941
0.7 -0.9433846897544207
0.8 -1.2266167881642431
0.9 -1.5372582983232306
1.0 -1.87032629994426
1.1 -2.2215961499393657
1.2 -2.5877280978866395
1.3 -2.9661629155946585
1.4 -3.354951095775185
1.5 -3.7525983434930836
1.6 -4.157942488654605
1.7 -4.570064390982708
1.8 -4.988224299138892
1.9 -5.411816658484412
2.0 -5.84033832459933
2.1 -6.273364851543533
2.2 -6.710533980141776
2.3 -7.151532998457874
2.4 -7.596089306763133
2.5 -8.043963208341644
2.6 -8.494942320267462
2.7 -8.948837181032175
2.8 -9.405477754157069
2.9 -9.864710611746304
3.0 -10.326396640650188
