#mmax= 5
#m-states: all states (FBR)
#Nr. of sites: 4

0.0  -0.0  0.0
0.1  0.007276408970776185  0.00135136713685222
0.2  0.030167769391982416  0.00276622044447166
0.3  0.06567678398142804  0.0041147000356198836
0.4  0.12076902716112725  0.005648174645908161
0.41  0.12151931139881031  0.005675834136252039
0.42  0.14100791885123995  0.00619991027967821
0.43  0.13612378455460472  0.006090151660936402
0.44  0.15111246569134515  0.006368247855716849
0.45  0.16512331607101757  0.006906981667815171
0.46  0.1647029515582115  0.006725291245446061
0.47  0.16759883597656067  0.006897706609972342
0.48  0.18473049502855818  0.007247026377787457
0.49  0.20445650034465404  0.007555208324247676
0.5  0.21338835301830278  0.007698675713835735
0.51  0.20631730707743537  0.007678197145963373
0.52  0.21402778923641566  0.007801485578133217
0.53  0.22082391756798816  0.007849326591751863
0.54  0.23882970252814922  0.008329341779340214
0.55  0.26012457360885094  0.008702888628645924
0.56  0.2502087884188747  0.008723368898809418
0.57  0.2624074177710188  0.008770601446254217
0.58  0.2781708782579527  0.008928235327353966
0.59  0.2814196453161897  0.009030061223373884
0.6  0.31583870838014205  0.009657752454321895
0.7  0.3991457498616848  0.011194994797023749
0.8  0.49976681097759845  0.01292309107145202
0.9  0.5522515652167936  0.013767503809387557
1.0  0.6176701858974413  0.014881134391515607
1.1  0.6377458508631813  0.015223826424801575
1.2  0.6610904540697253  0.015526776740252535
1.3  0.6733373374654482  0.015912695709883358
1.4  0.7113603991409847  0.016394382457444522
1.5  0.6987818755298886  0.01619490971612576
1.6  0.7233008741771261  0.016418104218228664
1.7  0.7396222789025879  0.016971308498403264
1.8  0.6839699140448946  0.015936648530593046
1.9  0.704647629808619  0.016161937887279883
2.0  0.6788475093287948  0.015879710822098526
2.1  0.7048130023197973  0.016395923385931325
2.2  0.7135342494305986  0.01629773245924881
2.3  0.7094172606452501  0.016295278951486025
2.4  0.7299369248913753  0.01662076223005365
2.5  0.7014970134258882  0.016145023791263233
2.6  0.7288014865312374  0.016596608577995255
2.7  0.7024302224665904  0.016226737622369043
2.8  0.7248171243480053  0.016467326806040596
2.9  0.6859537934939798  0.01585017116130093
3.0  0.7347461083586956  0.01667480767366913
