#mmax= 5
#m-states: all states (FBR)
#Nr. of sites: 4

0.0  -0.0  0.0
0.1  0.010259179289061938  0.001602398160789756
0.2  0.047718158020182214  0.0034715271124330137
0.3  0.0927044715129785  0.004846030415278874
0.4  0.141820793483219  0.0063230259069030565
0.41  0.14382380810887527  0.006598165188992943
0.42  0.1553390176301482  0.007022765031915434
0.43  0.1594448250031444  0.007342620039244217
0.44  0.17481384508852466  0.007538834369202238
0.45  0.17478143855701173  0.007601621674591077
0.46  0.17286692947084267  0.00754733167750864
0.47  0.17508120278386374  0.007485437881393373
0.48  0.18533003066339782  0.007794214832950294
0.49  0.18164838387748172  0.007980516868447541
0.5  0.19902768166721083  0.00810775623514687
0.51  0.1865450796904551  0.008023227498053273
0.52  0.21170262336710435  0.008272944219328804
0.53  0.21674316451501766  0.008337432340276472
0.54  0.21151086783757236  0.008206492794727481
0.55  0.2287678944296148  0.008069577743054134
0.56  0.23278553546587286  0.008580956705975236
0.57  0.2418033274011055  0.008700106683968693
0.58  0.22883593222339102  0.008869977292910156
0.59  0.2284414267404278  0.008672811499522124
0.6  0.23153370075536067  0.008522058712383394
0.7  0.27228445420108427  0.00937443288434569
0.8  0.27634670171469855  0.010098447716155893
0.9  0.25345478618162304  0.011844265296565104
1.0  0.2342732902731322  0.012462042028189983
1.1  0.2501605869814628  0.01068225215901173
1.2  0.22000662633512724  0.011368266847728794
1.3  0.19170423646360973  0.012374643858662767
1.4  0.21953852401344542  0.010577853951462504
1.5  0.20292644859072173  0.01057851081854857
1.6  0.1843009106846345  0.010231658209880305
1.7  0.18891785348786896  0.009918414654434805
1.8  0.18477313801461107  0.010517265496273624
1.9  0.1901257788664976  0.01008878211639184
2.0  0.1736038961013122  0.010315109696245446
2.1  0.16291404386493574  0.00965723916067264
2.2  0.16236851914187642  0.00995445064597975
2.3  0.15890471032614792  0.009639717301142176
2.4  0.15534729742529196  0.009141224421406134
2.5  0.16333669573144444  0.009830538793078358
2.6  0.16267639521729138  0.009141745345202384
2.7  0.1548391014913187  0.009683085120897768
2.8  0.15144429473287196  0.009248680357421268
2.9  0.13567778818270348  0.010728873922952076
3.0  0.1450952079160689  0.009502669123207987
