#mmax= 5
#m-states: all states (FBR)
#Nr. of sites: 4

0.0  0.0 
0.1  0.02296802285354156 
0.2  0.07652093992124764 
0.3  0.15419551088388309 
0.4  0.2516513933492658 
0.41  0.2622032422595977 
0.42  0.27286078613146436 
0.43  0.28360937357199056 
0.44  0.2944364992173155 
0.45  0.3053293544331266 
0.46  0.3162712067896823 
0.47  0.32724952046169087 
0.48  0.33825184462069136 
0.49  0.349251237640508 
0.5  0.36024602663535193 
0.51  0.37121549969655215 
0.52  0.38214428340606266 
0.53  0.3930172025708709 
0.54  0.40381874697438874 
0.55  0.414534168973505 
0.56  0.4251492502148153 
0.57  0.4356491389458338 
0.58  0.4460206371476753 
0.59  0.45625139774760287 
0.6  0.46632818380267593 
0.7  0.5565111974342846 
0.8  0.624066906636586 
0.9  0.6699110206880036 
1.0  0.6989467727859241 
1.1  0.7165224007261494 
1.2  0.7268146318514155 
1.3  0.7326604992058359 
1.4  0.735845089784469 
1.5  0.7374576501311266 
1.6  0.7381460928449962 
1.7  0.7383017614905332 
1.8  0.7381564680175535 
1.9  0.7378488440041256 
2.0  0.73746177952125 
2.1  0.737042772020341 
2.2  0.7366199954791756 
2.3  0.7362089605025637 
2.4  0.7358180673834918 
2.5  0.7354509946990618 
2.6  0.7351089052944451 
2.7  0.7347914738332593 
2.8  0.734497552915236 
2.9  0.7342255829560808 
3.0  0.7339738393569156 
