#mmax= 5
#m-states: all states (FBR)
#Nr. of sites: 4

0.0  -0.0 
0.1  0.006343003111703544 
0.2  0.026475105572129898 
0.3  0.06350117058271425 
0.4  0.12132030764711257 
0.41  0.12834637687333436 
0.42  0.13560023919021 
0.43  0.14307836790746695 
0.44  0.1507783082748619 
0.45  0.15869697012079603 
0.46  0.16682766275037586 
0.47  0.17516634091475958 
0.48  0.18370818987339246 
0.49  0.1924362882565569 
0.5  0.20135370151277285 
0.51  0.21044646124870584 
0.52  0.21970434563881278 
0.53  0.2291163736008199 
0.54  0.23867024317609745 
0.55  0.24835334704564255 
0.56  0.2581525395724222 
0.57  0.2680529687644873 
0.58  0.2780403242865551 
0.59  0.288099590959105 
0.6  0.298215276770303 
0.7  0.3989667989561825 
0.8  0.48912797112178436 
0.9  0.5601088748480434 
1.0  0.6109291305271546 
1.1  0.645177761463332 
1.2  0.667455684003603 
1.3  0.6817163920384623 
1.4  0.6907943170416613 
1.5  0.6965715803004633 
1.6  0.700257502118145 
1.7  0.7026120979846414 
1.8  0.7041149114530266 
1.9  0.7050689902978728 
2.0  0.7056675498484211 
2.1  0.7060341764150868 
2.2  0.7062490195371386 
2.3  0.7063643177353216 
2.4  0.7064144894442463 
2.5  0.7064222554857074 
2.6  0.7064027452784629 
2.7  0.7063660631862697 
2.8  0.7063189671260526 
2.9  0.7062659726180032 
3.0  0.7062100845694568 
