#mmax= 5
#m-states: all states (FBR)
#Nr. of sites: 4

0.0  0.0 
0.1  0.0024805942580954214 
0.2  0.009686831853620056 
0.3  0.020896891744777917 
0.4  0.034862688348153405 
0.41  0.036347479312342654 
0.42  0.037841024147632955 
0.43  0.03934119282302441 
0.44  0.040846115997054004 
0.45  0.042353846159612456 
0.46  0.04386243488856984 
0.47  0.045370045903796875 
0.48  0.04687488462550452 
0.49  0.04837485165018801 
0.5  0.04986823404809424 
0.51  0.05135328628504778 
0.52  0.05282829963247876 
0.53  0.054291617525101955 
0.54  0.05574168602692426 
0.55  0.05717699440010021 
0.56  0.05859612642835187 
0.57  0.05999774945781513 
0.58  0.061380628225269435 
0.59  0.06274373956384273 
0.6  0.06408581133529191 
0.7  0.07620007808968947 
0.8  0.08580854496121215 
0.9  0.09324609744779659 
1.0  0.09912547580484538 
1.1  0.1040027611015618 
1.2  0.10828478130858897 
1.3  0.1122195793033874 
1.4  0.1159512626410607 
1.5  0.11956295923730946 
1.6  0.12309217203487806 
1.7  0.12656293486506875 
1.8  0.12998509818172393 
1.9  0.13336323181052512 
2.0  0.13669899839153574 
2.1  0.13999185305038792 
2.2  0.14324146818778827 
2.3  0.14644722552177095 
2.4  0.14960888610257594 
2.5  0.15272624720445607 
2.6  0.15579943958792034 
2.7  0.15882883619712848 
2.8  0.16181500644387622 
2.9  0.164758674970482 
3.0  0.16766068416113866 
