#mmax= 5
#m-states: all states (FBR)
#Nr. of sites: 4

0.0  4.472059666651953e-15 
0.1  2.6170755588869626e-15 
0.2  1.0818411337852333e-10 
0.3  -5.783523175054412e-8 
0.4  -2.6147254742017737e-8 
0.41  -5.602054665409009e-8 
0.42  -6.246944442629186e-9 
0.43  3.385765469174367e-13 
0.44  1.0804977897852749e-9 
0.45  2.9166926822417463e-10 
0.46  9.14664770282979e-11 
0.47  1.3128086211586916e-10 
0.48  1.8671296350445954e-10 
0.49  5.68697575427234e-10 
0.5  7.190924837917727e-10 
0.51  8.114468686054331e-10 
0.52  1.5488218380909225e-9 
0.53  2.524592987378636e-9 
0.54  3.403731492809608e-9 
0.55  4.200104501900813e-9 
0.56  4.962049612365638e-9 
0.57  5.973897934380912e-9 
0.58  7.09228109998501e-9 
0.59  8.279152156011154e-9 
0.6  4.182978947997183e-8 
0.7  -1.7702158958491413e-7 
0.8  2.8554613891585864e-7 
0.9  1.3936360963743021e-6 
1.0  2.1904444231020787e-7 
1.1  7.966265026439171e-7 
1.2  -2.526686178751157e-6 
1.3  -2.6056830827053867e-6 
1.4  -1.2410037136188025e-6 
1.5  -1.8777485901924754e-6 
1.6  -1.8908510844566522e-6 
1.7  -1.8500229921199094e-6 
1.8  -1.8282345773379097e-6 
1.9  -1.8197694463089316e-6 
2.0  -1.814273880803248e-6 
2.1  -1.8314995202716148e-6 
2.2  -1.8376347992101333e-6 
2.3  -1.8412963142663305e-6 
2.4  -1.8442449599585245e-6 
2.5  -1.8472567984743197e-6 
2.6  -1.8506099698000044e-6 
2.7  -1.8542994802362828e-6 
2.8  -1.8582087765637933e-6 
2.9  -1.8622413245460088e-6 
3.0  -1.8663279909451388e-6 
