#mmax= 5
#m-states: all states (FBR)
#Nr. of sites: 4

0.0  1.0  0.0
0.1  0.9897932665870046  0.0015860429099411007
0.2  0.9534024580506869  0.0033097624821832386
0.3  0.9114628237270798  0.004416976566177395
0.4  0.8677767538018241  0.005486974895697169
0.41  0.8660403238999556  0.00571427711742086
0.42  0.8561248868493219  0.006012363918317975
0.43  0.8526170092394484  0.006260442737842045
0.44  0.8396133043626239  0.006329705635768408
0.45  0.8396405137585091  0.00638262952825147
0.46  0.841249552919789  0.006349189399441505
0.47  0.8393888572897565  0.00628319314957624
0.48  0.8308300392110328  0.006475667815279306
0.49  0.8338944996235099  0.006654909120751043
0.5  0.819527207139513  0.006644526823557886
0.51  0.8298211530274493  0.006657843893436104
0.52  0.8092053005374712  0.0066945103133317
0.53  0.8051367304347057  0.006712773014670776
0.54  0.8093604850066404  0.006642010988544134
0.55  0.7955131551130298  0.006419455250806876
0.56  0.7923234805902857  0.006798893484072851
0.57  0.7852105917745723  0.006831415917820969
0.58  0.7954590319942656  0.007055703551229429
0.59  0.7957729068524654  0.0069015884175582095
0.6  0.7933159597055367  0.006760685186081363
0.7  0.7616375792641454  0.007139920369007253
0.8  0.7585498946171869  0.007660176450887225
0.9  0.7761148352470476  0.009192510009265948
1.0  0.7911455739585262  0.00985928939308764
1.1  0.7786757278458799  0.008318010474951681
1.2  0.8025134802215959  0.009123187392058625
1.3  0.8255510002705742  0.010215899615511165
1.4  0.8028892265818792  0.008492844977985805
1.5  0.8163382820486391  0.008635643348246883
1.6  0.8316855031153382  0.008509521805988482
1.7  0.8278545092620964  0.008211004296405111
1.8  0.8312928512085993  0.008742927621315125
1.9  0.8268551265019612  0.008341961213099899
2.0  0.8406298084649306  0.008671188688249558
2.1  0.849664219128205  0.00820541057038724
2.2  0.8501278584178877  0.008462555809393325
2.3  0.8530776445867532  0.00822342732974054
2.4  0.856117798339987  0.00782596492578594
2.5  0.8493051828391084  0.008349127547062362
2.6  0.8498661646759254  0.007769260054971143
2.7  0.8565529844946567  0.008294075459420788
2.8  0.8594657577090782  0.007948924071200139
2.9  0.8731239180138739  0.009367636435484798
3.0  0.8649399400612544  0.00821923806184945
