#mmax= 5
#m-states: all states (FBR)
#Nr. of sites: 4

0.0  0.0 
0.1  0.150781525905229 
0.2  0.30626049081463774 
0.3  0.470876061931753 
0.4  0.6472871007619133 
0.41  0.6655544119441268 
0.42  0.6839223673166915 
0.43  0.7023818879435189 
0.44  0.7209271266862872 
0.45  0.7395519024179191 
0.46  0.7582441080611162 
0.47  0.7769978409257186 
0.48  0.7958063707074032 
0.49  0.8146426088720018 
0.5  0.8335172331757844 
0.51  0.8524102396974764 
0.52  0.8713100342362792 
0.53  0.8902048212033783 
0.54  0.909081607959201 
0.55  0.9279279918232657 
0.56  0.9467316360689667 
0.57  0.9654784033206673 
0.58  0.984155903716165 
0.59  1.0027513323400665 
0.6  1.0212520898792676 
0.7  1.1984311847138907 
0.8  1.3551692866001468 
0.9  1.4875127041945928 
1.0  1.5965942086498566 
1.1  1.6860914305596484 
1.2  1.7599744757880522 
1.3  1.8217815447580992 
1.4  1.874272634542348 
1.5  1.919511975964601 
1.6  1.9590627166115682 
1.7  1.9940569329638873 
1.8  2.025351445829217 
1.9  2.0535920096625846 
2.0  2.0792803127298445 
2.1  2.102807272094429 
2.2  2.124481276080661 
2.3  2.1445512666181066 
2.4  2.1632185881000536 
2.5  2.1806503903671577 
2.6  2.1969855353231442 
2.7  2.2123408241677196 
2.8  2.226815458421034 
2.9  2.2404944194037064 
3.0  2.253451074562571 
