#mmax= 5
#m-states: all states (FBR)
#Nr. of sites: 4

0.0  0.0 
0.1  -0.07420448913209142 
0.2  -0.1435973535722264 
0.3  -0.2032548179348203 
0.4  -0.24846242021789944 
0.41  -0.25203888041962097 
0.42  -0.2554334038237713 
0.43  -0.2586438575566454 
0.44  -0.26166912855740065 
0.45  -0.26450781954091335 
0.46  -0.2671605046319418 
0.47  -0.2696266574356363 
0.48  -0.2719067579719717 
0.49  -0.2740044761694125 
0.5  -0.27591535652412713 
0.51  -0.2776439619732244 
0.52  -0.2791923665190159 
0.53  -0.28056296597200414 
0.54  -0.2817589894041976 
0.55  -0.28278365167411607 
0.56  -0.283640553190598 
0.57  -0.28433409684687716 
0.58  -0.28486856432444524 
0.59  -0.28524899376868207 
0.6  -0.28547971719649623 
0.7  -0.2808258210978588 
0.8  -0.2676850121159483 
0.9  -0.25121918221447015 
1.0  -0.23470839394613363 
1.1  -0.21965905486018705 
1.2  -0.2065648002397102 
1.3  -0.19535957770056367 
1.4  -0.18580012359587722 
1.5  -0.17761865068274554 
1.6  -0.17054826528466127 
1.7  -0.16438584807737283 
1.8  -0.15896107716282998 
1.9  -0.15414112631543572 
2.0  -0.1498198600569075 
2.1  -0.14591286357350616 
2.2  -0.1423543746552614 
2.3  -0.13909131933438884 
2.4  -0.13608164619250904 
2.5  -0.13329071910507823 
2.6  -0.13069041626091496 
2.7  -0.12825758528521572 
2.8  -0.12597298218880687 
2.9  -0.12382047106181213 
3.0  -0.12178640918723599 
