#mmax= 10
#m-states: all states (FBR)
#Nr. of sites: 4
 
0.0  1.9999999999999993 0.12499999999999967 
0.1  1.8530032587242242 0.10701995056430746 
0.2  1.7152994206844725 0.09103596982846263 
0.3  1.589103654794092 0.07731482396177869 
0.4  1.4760907820077618 0.06612238588113228 
0.41  1.4655214275879918 0.06515010672710309 
0.42  1.4551108260673713 0.06420906397028925 
0.43  1.4448139243462914 0.06329274781678584 
0.44  1.4346825729825563 0.06240827028206808 
0.45  1.4246625559054784 0.06154947057196336 
0.46  1.4147961626118082 0.060720175970597645 
0.47  1.405057228222337 0.05991897552479952 
0.48  1.3954616714310444 0.05914742483809576 
0.49  1.3860093965691063 0.05840534098441508 
0.5  1.3766669982532544 0.05753971077758058 
0.51  1.367484573325546 0.05684684949261953 
0.52  1.3584418964955174 0.05618334953989024 
0.53  1.3495368615817336 0.055548633981736706 
0.54  1.34076996309368 0.05494220419395035 
0.55  1.3321405084247142 0.05436405927238308 
0.56  1.3236481710464378 0.0538139836831828 
0.57  1.3152920217877382 0.053291598029224896 
0.58  1.3070726779498887 0.052796461623577984 
0.59  1.2989873505937306 0.05232799424276613 
0.6  1.2910368636618839 0.05187992204346881 
0.7  1.2186610382691294 0.04877197683828893 
0.8  1.1580715553443532 0.04751177949619678 
0.9  1.1072457937148548 0.04728386492027248 
1.0  1.0640663660519336 0.04749548641338597 
1.1  1.0267782462133594 0.04780318218498836 
1.2  0.994036471937994 0.048047515779680805 
1.3  0.9648685934606317 0.048171842661249076 
1.4  0.9385736450668284 0.04818237908037992 
1.5  0.9146369210222935 0.048090246058350994 
1.6  0.8926778762866122 0.04791775612174176 
1.7  0.8724024190384158 0.04768712601277636 
1.8  0.8535851047845415 0.04740885738551681 
1.9  0.836040926182845 0.047124133272333446 
2.0  0.8196172083330688 0.04678573252015372 
2.1  0.8041959067487793 0.04643294844289381 
2.2  0.7896732755335564 0.04606995809447212 
2.3  0.7759593123707849 0.04570066796791872 
2.4  0.7629709957067776 0.045330497942469794 
2.5  0.7506565892317083 0.044960333341902414 
2.6  0.7389567573908326 0.044591662216971084 
2.7  0.7278062602438419 0.044227542609591275 
2.8  0.7171819934075979 0.043867203826464585 
2.9  0.7070295677297467 0.043512524592405843 
3.0  0.6973164009941183 0.043163575286466305 
3.1  0.6880115899950023 0.04282072547967419 
3.2  0.679089044280034 0.042484504762551056 
3.3  0.6705198704086015 0.04215451542533666 
3.4  0.6622826633717621 0.041831113568105316 
3.5  0.6543541395425878 0.04151407559409592 
3.6  0.6467182463029497 0.04120382768788844 
3.7  0.639346089918216 0.04089855431864864 
3.8  0.6322462405638791 0.04060134621986844 
3.9  0.6253826118658734 0.04031006362250866 
4.0  0.6187471492851996 0.04002486005636696 
4.1  0.6123261341416513 0.039745442685518384 
4.2  0.6061013476893348 0.03947119769274687 
4.3  0.6000833821837103 0.03920073961459303 
4.4  0.5942454142254573 0.03893825691838049 
4.5  0.5885800657548215 0.038680891544441875 
4.6  0.5830806881398503 0.038428726983016914 
4.7  0.5777387571671102 0.038181574578845745 
4.8  0.5725468799903112 0.037939297292937435 
4.9  0.5674980493447319 0.03770175199574466 
5.0  0.5625857195307068 0.03746879984875329 
