#mmax= 10
#m-states: all states (FBR)
#Nr. of sites: 4
 
0.0  2.0000000000000013 0.12500000000000056 
0.1  2.339584942985885 0.16778361228104377 
0.2  2.7767035051823936 0.22189698003101588 
0.3  3.3353336660159467 0.28542312017747307 
0.4  4.028266706226525 0.35332287463585765 
0.41  4.10465180260795 0.3600837863420788 
0.42  4.182240264317339 0.3668123367060194 
0.43  4.260976225268954 0.37349938265715044 
0.44  4.34066045755426 0.3801251276163593 
0.45  4.42156875363007 0.3867106394662735 
0.46  4.503256753787971 0.3932164822591935 
0.47  4.5860526115003815 0.3996685749100177 
0.48  4.669670010700527 0.40604195283514843 
0.49  4.75397999582032 0.41232613330261125 
0.5  4.8390270352057225 0.4185248895225121 
0.51  4.924759448632563 0.42463478419650236 
0.52  5.011109889174318 0.4306515559314342 
0.53  5.097977657286609 0.4365687266292869 
0.54  5.185213633744228 0.44237747128978144 
0.55  5.27277741967145 0.44807718238075434 
0.56  5.360599889968919 0.4536656440718215 
0.57  5.448585243440831 0.4591390816756895 
0.58  5.536641521271676 0.46449481876278365 
0.59  5.624680246108346 0.46973025788260203 
0.6  5.712696647211821 0.47484697410759924 
0.7  6.571516546708987 0.5192980063858875 
0.8  7.349748582045691 0.5522391379496598 
0.9  8.015928674905181 0.5758796199042059 
1.0  8.569229149006548 0.5927341039479239 
1.1  9.025111232821393 0.6048927546090817 
1.2  9.402347076151708 0.6138386520976054 
1.3  9.718528010854493 0.6205903464239344 
1.4  9.987432908233627 0.6258148284137466 
1.5  10.219406301967288 0.6299515011563329 
1.6  10.422304810341478 0.633298549674661 
1.7  10.602234263920145 0.6360643079816526 
1.8  10.763159758953993 0.6383821581788599 
1.9  10.908657829925009 0.6403577565843657 
2.0  11.041184401927785 0.6420614600602341 
2.1  11.162774429343937 0.6435483059855138 
2.2  11.27489369738527 0.6448570560658794 
2.3  11.378781242992947 0.6460184522578927 
2.4  11.475740341531719 0.6470604122428583 
2.5  11.566298895622399 0.6479976278570245 
2.6  11.651150032978558 0.6488452812837526 
2.7  11.731260674398946 0.6496202634642304 
2.8  11.806646282866678 0.6503267471124183 
2.9  11.87806748027246 0.6509769607644853 
3.0  11.945816195351348 0.6515768511721004 
3.1  12.010205111735386 0.6521321274564706 
3.2  12.071509697972717 0.6526476724619703 
3.3  12.129970424285489 0.6531275839129814 
3.4  12.185811796586686 0.6535755576455503 
3.5  12.239236574153598 0.6539947825446435 
3.6  12.2904238275031 0.6543880556840416 
3.7  12.33962591856917 0.6547585964507746 
3.8  12.386694695218463 0.6551058935791694 
3.9  12.432017114766438 0.6554341179563463 
4.0  12.475645986361151 0.6557443562349683 
4.1  12.517696131787782 0.6560381360532661 
4.2  12.558335991836383 0.6563173325695262 
4.3  12.597400422889386 0.6565810431015912 
4.4  12.63520830276543 0.6568323170461343 
4.5  12.671765881077231 0.6570714940176563 
4.6  12.707135343600394 0.6572993923676568 
4.7  12.741383886661998 0.6575168189070209 
4.8  12.774569845843098 0.6577244779509948 
4.9  12.806747673546193 0.6579230139319473 
5.0  12.837967957191008 0.6581130155581388 
