#mmax= 10
#m-states: all states (FBR)
#Nr. of sites: 4
 
0.0  0.0 
0.1  0.02552537843447095 
0.2  0.05421954901291315 
0.3  0.08920373514010611 
0.4  0.1329346192735599 
0.41  0.13782872984782388 
0.42  0.1428237927693433 
0.43  0.14790632668651651 
0.44  0.1530755301137481 
0.45  0.1583405459599924 
0.46  0.1636792322580536 
0.47  0.1691119504002898 
0.48  0.1746219569173897 
0.49  0.18020094957538177 
0.5  0.18585300265535612 
0.51  0.1915724049025657 
0.52  0.1973580768021869 
0.53  0.20320271586304886 
0.54  0.2090958921499482 
0.55  0.2150354203440288 
0.56  0.2210167969826515 
0.57  0.2270333162957715 
0.58  0.23307857441363444 
0.59  0.2391459920604668 
0.6  0.24523551511190744 
0.7  0.30584097079391453 
0.8  0.36247203740211487 
0.9  0.41208245784697883 
1.0  0.4539498061613212 
1.1  0.4887954951253053 
1.2  0.5177809649234811 
1.3  0.5421216787436075 
1.4  0.5628130950683503 
1.5  0.5806240130822232 
1.6  0.5961549715588476 
1.7  0.6098838342681965 
1.8  0.6221158985121266 
1.9  0.6331371829714798 
2.0  0.643140694560848 
2.1  0.6522905517051344 
2.2  0.6607017833501792 
2.3  0.6684721664097921 
2.4  0.6757082606197128 
2.5  0.6824503786939079 
2.6  0.6887525228680165 
2.7  0.6946939080778406 
2.8  0.7002725209783746 
2.9  0.7055502768486451 
3.0  0.7105492180438705 
3.1  0.7152937207437055 
3.2  0.7198057102451374 
3.3  0.7241027804454424 
3.4  0.7282028635010144 
3.5  0.7321211523759689 
3.6  0.735872377435316 
3.7  0.7394747594392129 
3.8  0.7429176035348761 
3.9  0.7462301733414108 
4.0  0.7494166309087595 
4.1  0.7524855984901117 
4.2  0.755449713396509 
4.3  0.7582963752177477 
4.4  0.76105070120073 
4.5  0.7637119880014529 
4.6  0.766285340122219 
4.7  0.7687757591954444 
4.8  0.7711876425299707 
4.9  0.7735250708779171 
5.0  0.7757918338498722 
