#mmax= 10
#m-states: all states (FBR)
#Nr. of sites: 4
 
0.0 3.8947148537910183e-28
0.1 -0.018769151982567678
0.2 -0.07530682491529972
0.3 -0.17028186020318575
0.4 -0.3046240591006608
0.41 -0.3202550663339344
0.42 -0.3362873100414528
0.43 -0.35272086805612446
0.44 -0.36955567820017166
0.45 -0.38679151725821725
0.46 -0.40442800015523106
0.47 -0.4224645636261499
0.48 -0.4409004578995377
0.49 -0.4597347415354325
0.5 -0.478966335964794
0.51 -0.49859378119630393
0.52 -0.5186155736847518
0.53 -0.5390299378526072
0.54 -0.5598348815367495
0.55 -0.581028192651718
0.56 -0.6026074393045534
0.57 -0.6245699680941259
0.58 -0.6469129131575606
0.59 -0.6696331874847887
0.6 -0.6927275965083219
0.7 -0.943384685150201
0.8 -1.226616782784518
0.9 -1.5372582428271697
1.0 -1.8703263371118481
1.1 -2.2215961515221494
1.2 -2.5877281032404653
1.3 -2.966162936252581
1.4 -3.3549511430588694
1.5 -3.7525984304155884
1.6 -4.1579426351634226
1.7 -4.570064640981386
1.8 -4.9882246936462735
1.9 -5.41181727081846
2.0 -5.840339240238819
2.1 -6.273366189704134
2.2 -6.710535885670183
2.3 -7.151535652323673
2.4 -7.596092951578655
2.5 -8.043968117392254
2.6 -8.49494882235112
2.7 -8.948845696552652
2.8 -9.405488740942872
2.9 -9.864724629920289
3.0 -10.326414333551085
3.1 -10.790431261005267
3.2 -11.256659689623724
3.3 -11.724993452219877
3.4 -12.195334829692165
3.5 -12.667593608386198
3.6 -13.14168627133504
3.7 -13.617535078871427
3.8 -14.09506836952265
3.9 -14.574218678491377
4.0 -15.054923177942072
4.1 -15.537123058220416
4.2 -16.020763169327893
4.3 -16.505792038713352
4.4 -16.99216024793219
4.5 -17.47982217642344
4.6 -17.968734467298503
4.7 -18.458856147734522
4.8 -18.9501484471691
4.9 -19.4425746338444
5.0 -19.936099866537276
