#mmax= 10
#m-states: all states (FBR)
#Nr. of sites: 4
 
0.0  -0.0 
0.1  0.0063428536821963 
0.2  0.026474202817507318 
0.3  0.06349665049248893 
0.4  0.12130956285048357 
0.41  0.12833599978062757 
0.42  0.13559137680755326 
0.43  0.14307316191505529 
0.44  0.1507635003566678 
0.45  0.15868936204290107 
0.46  0.16680909004793226 
0.47  0.17515412520284196 
0.48  0.1836965166755322 
0.49  0.19242190210366164 
0.5  0.20133339293819913 
0.51  0.21042419061167134 
0.52  0.21968437521333797 
0.53  0.229100720550787 
0.54  0.23865390847671894 
0.55  0.24833537140706255 
0.56  0.25813315126238245 
0.57  0.268031653270177 
0.58  0.2780152905969449 
0.59  0.2880680818001108 
0.6  0.2981829305658842 
0.7  0.39892617097491917 
0.8  0.4890970863748246 
0.9  0.5600896078512317 
1.0  0.6109162997794056 
1.1  0.6451652420197187 
1.2  0.6674418933267344 
1.3  0.6817079170450744 
1.4  0.690790963654032 
1.5  0.6965702301074472 
1.6  0.7002558258175089 
1.7  0.7026118915232252 
1.8  0.7041151154050157 
1.9  0.7050699153405318 
2.0  0.705668790790169 
2.1  0.7060350535689295 
2.2  0.706249957108499 
2.3  0.7063666414572515 
2.4  0.7064155249215635 
2.5  0.706423142104781 
2.6  0.7064054792918077 
2.7  0.7063668875207565 
2.8  0.7063214103571228 
2.9  0.706268495702781 
3.0  0.7062125029423342 
3.1  0.7061555353884944 
3.2  0.7060987374332552 
3.3  0.7060434705523286 
3.4  0.7059899432377216 
3.5  0.7059385302800922 
3.6  0.7058888910963402 
3.7  0.7058401880239827 
3.8  0.7057961239919278 
3.9  0.705753314587214 
4.0  0.705712410319593 
4.1  0.7056732380079261 
4.2  0.7056348170755055 
4.3  0.7056003566699275 
4.4  0.7055661799800187 
4.5  0.7055337130146309 
4.6  0.7055026760917718 
4.7  0.7054729690408357 
4.8  0.7054445042668709 
4.9  0.705417205627224 
5.0  0.7053910002493947 
