#mmax= 10
#m-states: all states (FBR)
#Nr. of sites: 4
 
0.0  0.0 
0.1  0.022967386098616704 
0.2  0.07651858587828224 
0.3  0.15418727716095357 
0.4  0.25163578524109775 
0.41  0.26218878490529085 
0.42  0.272848469436191 
0.43  0.28360260743879695 
0.44  0.2944170220550899 
0.45  0.30531978039492214 
0.46  0.3162481573470887 
0.47  0.3272348188137215 
0.48  0.338237814575495 
0.49  0.3492340319467582 
0.5  0.3602228013892899 
0.51  0.37119096222549264 
0.52  0.38212275086806363 
0.53  0.39300069286103106 
0.54  0.40380192677930254 
0.55  0.4145160876713928 
0.56  0.4251301866929907 
0.57  0.4356286716611647 
0.58  0.4459971215946312 
0.59  0.4562220830201722 
0.6  0.4662992788483561 
0.7  0.5564825002674518 
0.8  0.6240497500442997 
0.9  0.6699021085606691 
1.0  0.6989425072451281 
1.1  0.7165202303616337 
1.2  0.7268150410931798 
1.3  0.7326633826108666 
1.4  0.7358479946499445 
1.5  0.7374601006948749 
1.6  0.738152706543739 
1.7  0.7383047678232564 
1.8  0.7381630623389644 
1.9  0.7378556739415133 
2.0  0.7374686290265332 
2.1  0.7370468705303886 
2.2  0.7366238545662516 
2.3  0.7362171990524957 
2.4  0.7358215025821606 
2.5  0.7354538841505421 
2.6  0.7351173086921863 
2.7  0.7347940743564331 
2.8  0.7345048190408812 
2.9  0.7342330177528539 
3.0  0.7339809508267982 
3.1  0.7337472172553219 
3.2  0.7335297361179424 
3.3  0.7333284186428345 
3.4  0.7331410176107628 
3.5  0.7329664475272845 
3.6  0.7328022196885766 
3.7  0.7326445940679979 
3.8  0.7325033028125639 
3.9  0.7323681989135219 
4.0  0.7322404993695342 
4.1  0.732119327888064 
4.2  0.732001738449671 
4.3  0.7318960758494254 
4.4  0.7317922596388576 
4.5  0.7316939706150685 
4.6  0.7316003221707892 
4.7  0.7315109365898319 
4.8  0.7314254914233151 
4.9  0.7313437097913758 
5.0  0.7312653358614576 
