0.0  -0.0  0.0
0.1  0.006621876556875187  0.0002577579465153146
0.2  0.025989092632513148  0.0005130452975631702
0.3  0.06434832642820103  0.0008147400238348136
0.4  0.12312674900069699  0.001152992609344787
0.41  0.12976623186062278  0.0011813939663635157
0.42  0.13718138539222274  0.0012222957992937685
0.43  0.14305628371573884  0.0012453013623273546
0.44  0.14957733929768402  0.0012774528871940713
0.45  0.1610198975520909  0.0013234362206404199
0.46  0.16879242133196246  0.0013643199036247316
0.47  0.1737449668026422  0.0013848913035847219
0.48  0.18484740495999677  0.0014416151412861608
0.49  0.19495161128005614  0.0014818382381581862
0.5  0.20064528907953919  0.0015043773235575099
0.51  0.2117914049156204  0.0015514770199362563
0.52  0.21911966823310855  0.0015837772808729113
0.53  0.22878911533501248  0.0016171346571155277
0.54  0.2406738370963018  0.0016640321958471594
0.55  0.24946010590817064  0.0017038324164269196
0.56  0.255618351248016  0.0017263435248903124
0.57  0.26753227124254086  0.0017692442161547169
0.58  0.28110148962818177  0.0018140940345716303
0.59  0.2885410189689039  0.0018452282111905054
0.6  0.29908283813083464  0.0018847691692966103
0.7  0.39935714396729693  0.002244759491221039
0.8  0.48962333337260605  0.002548987340868018
0.9  0.5615093539796401  0.0027938585779515913
1.0  0.6111415570702406  0.0029496414786510917
1.1  0.6453977918306495  0.0030657285790624688
1.2  0.6720659190855991  0.003143534486662012
1.3  0.6848023956565265  0.003187548393361304
1.4  0.6902089666278186  0.003207510125268875
1.5  0.6943872373126173  0.003218426280065816
1.6  0.6992827329265975  0.003230702833583329
1.7  0.7051859865354654  0.0032460531357483263
1.8  0.7081011098765214  0.0032566693188128583
1.9  0.7160027473752054  0.00328108747364687
2.0  0.7008688933074064  0.0032368306462955787
2.1  0.7053623970901963  0.0032496385483318175
2.2  0.7066206855863681  0.0032516256599627903
2.3  0.7033857554775367  0.0032402773967428536
2.4  0.7096510718005754  0.003256287085256574
2.5  0.7092273136290279  0.0032544610724619593
2.6  0.7027228701274506  0.0032362398572983882
2.7  0.706506342832446  0.0032488985899676004
2.8  0.7062013831067084  0.00324654228257647
2.9  0.7067347943664616  0.0032476361702886507
3.0  0.7056974431934443  0.0032360993014239965
3.1  0.703895691843529  0.003238796912826339
3.2  0.7036809115244724  0.0032334345363806676
3.3  0.7141229001369608  0.0032713191291984913
3.4  0.7134289620844555  0.003265133064484222
3.5  0.7075456109389455  0.003246855936613119
3.6  0.6975543997285002  0.0032162270291704598
3.7  0.7044979566128267  0.0032359497844733774
3.8  0.7088519242730039  0.003253363247326351
3.9  0.7040248562979053  0.003236988561950633
4.0  0.7055243222717074  0.0032397787652227224
4.1  0.7084273041884889  0.0032543091000947146
4.2  0.70702502055272  0.003251445392784436
4.3  0.7108061429697762  0.003262474670535422
4.4  0.7101923508683798  0.0032584536464581276
4.5  0.700874705565941  0.003227032814191608
4.6  0.7070130798321573  0.0032487122224180787
4.7  0.7071135706613797  0.0032440066832928093
4.8  0.7038793497550814  0.0032411333730148766
4.9  0.7077762367380908  0.0032459233015205576
5.0  0.7059917479175822  0.003241196060407929
0.0  -0.0  0.0
0.1  0.0066420156605968535  0.00025815079114094894
0.2  0.026598131579855484  0.0005190867749975031
0.3  0.06293084338387664  0.0008135953061016694
0.4  0.11891199746309063  0.0011299962378191763
0.41  0.13035126236913588  0.0011871565191437774
0.42  0.13599974010952195  0.001215505808499131
0.43  0.1433610769259258  0.0012424461097018857
0.44  0.15320004234397538  0.0012963779162244672
0.45  0.15824216332752417  0.0013151769530984337
0.46  0.16733177312931843  0.0013635723111960613
0.47  0.177347939286727  0.001401312031444921
0.48  0.18256692530263188  0.0014267174105761916
0.49  0.19146881084841877  0.0014610320622056893
0.5  0.19890356300101178  0.001497881110177234
0.51  0.2130911636329267  0.0015536504307102129
0.52  0.2161818783599431  0.001563434707827781
0.53  0.2298138739731944  0.0016218622976478837
0.54  0.2370244774258092  0.0016455049951526663
0.55  0.24731906654714217  0.0016923348573870277
0.56  0.25750119753027556  0.001732552092922123
0.57  0.2688205480813526  0.0017740710568649124
0.58  0.28053017729502966  0.0018143930851371554
0.59  0.28511504462497195  0.001828191407722543
0.6  0.2996787364309548  0.001890263232215292
0.7  0.39693741998076476  0.002237138394516359
0.8  0.4880498961592238  0.0025511953263158984
0.9  0.5560369717427355  0.0027789091841852074
1.0  0.6109294619471025  0.0029509552279086888
1.1  0.6500358931756495  0.003079774045788722
1.2  0.6652403766721333  0.003130162086418161
1.3  0.6782956595956425  0.0031637693689513056
1.4  0.6876014072269466  0.003196313745508178
1.5  0.6963570109453706  0.0032224215218352964
1.6  0.7024627331712331  0.0032411325576735274
1.7  0.7085019408957944  0.0032618005075059965
1.8  0.7007720468777601  0.0032365337028486215
1.9  0.7051240526658439  0.003247658528979854
2.0  0.708751723096419  0.0032557165262580095
2.1  0.7054990302777389  0.003248286754826961
2.2  0.708846879863718  0.0032603037305597663
2.3  0.7053120650927089  0.00325005715307819
2.4  0.7115328247950732  0.0032602065867675186
2.5  0.7036768294413  0.0032401942811290958
2.6  0.7107195919612128  0.003264795650051107
2.7  0.7046416911548389  0.0032353197154205127
2.8  0.7023945599720566  0.0032337909303128552
2.9  0.7074112676190184  0.0032472594103638013
3.0  0.7093190091249274  0.0032533149106692733
3.1  0.70865430830046  0.0032544910074601267
3.2  0.7080461778840414  0.00324964056695888
3.3  0.7069270115254759  0.0032514633237538905
3.4  0.7083396471653247  0.0032498281776485167
3.5  0.7064320709557041  0.003241275968955459
3.6  0.706795470275068  0.003243824119437173
3.7  0.7007122732386195  0.00322694393896021
3.8  0.7077401820428939  0.003248331713096339
3.9  0.7015537292791635  0.0032296012933327603
4.0  0.7044675963560011  0.0032389182936274686
4.1  0.7046131387698386  0.0032388887063322298
4.2  0.7014928913373885  0.0032261314211374037
4.3  0.7054281939715802  0.0032392518683625245
4.4  0.7022593316140905  0.003234273962935836
4.5  0.7098384194774807  0.0032512297639148745
4.6  0.7095262203045704  0.003253864453180927
4.7  0.7070462685417597  0.0032420159449767574
4.8  0.7010960953087659  0.003228894430782835
4.9  0.7128337604239573  0.003261265195231945
5.0  0.7041375471924175  0.0032331944367318096
