#mmax= 10
#m-states: all states (FBR)
#Nr. of sites: 4

0.0  0.0 0.0 0.0 NaN NaN 0.0 
0.1  0.00036 0.0005720157130881634 0.03272019760197602 0.318431648769354 121.04120222611168 0.0 
0.2  -0.001 0.0011565480431152697 0.133760337603376 -0.08337571773204668 27.869619995259157 0.0 
0.3  -0.00028 0.0017005964060532888 0.2892028136281362 -0.024157515487734055 12.392253371551854 0.0 
0.4  -0.00148 0.0022705130804063826 0.515522964829648 -0.012403693412484327 6.1606666180972915 0.0 
0.41  -0.00112 0.002334618161588658 0.5450441960419604 -0.017318438645663244 5.728410203574098 0.0 
0.42  0.0018 0.002372682847798872 0.5629623896238964 0.013257987787535954 5.553155538896972 0.0 
0.43  0.00196 0.0024245453941313787 0.5878420368203683 0.029961421486704106 5.2545201755864674 0.0 
0.44  -0.00076 0.002480011235570776 0.6150455728557287 -0.031259422182430815 4.843510322665315 0.0 
0.45  0.00236 0.0025397655025785515 0.6450408808088082 0.011259737986666107 4.7239115707915404 0.0 
0.46  -0.00238 0.0025772096880342815 0.6642009776097758 -0.01059962414520509 4.353989661440298 0.0 
0.47  -0.00406 0.002632015280929119 0.6927504439044389 -0.013532090363014922 4.206190964583645 0.0 
0.48  -0.00024 0.0026743356080921195 0.7152070944709447 0.007200147043915862 4.026719330460125 0.0 
0.49  -0.004 0.0027255667827339814 0.7428714287142867 -0.020062698365869595 3.803704075633841 0.0 
0.5  0.00268 0.0027899831569491895 0.7784006016060164 0.006496843100363867 3.5456822529358014 0.0 
0.51  0.00246 0.0028365507124321694 0.8046019944199448 0.002746353424960122 3.4187437718958185 0.0 
0.52  0.0023 0.00287270423543675 0.8252429624296244 0.0027557283815061334 3.214446693252344 0.0 
0.53  -0.00282 0.002929779225822847 0.8583606312063121 -0.011692470478913697 2.882140322915409 0.0 
0.54  0.00084 0.0029877219095528437 0.8926482208822091 -0.002098092784774722 3.0280780233148326 0.0 
0.55  0.00196 0.0030273508604937633 0.916485323253233 -0.021825378636361324 2.839126446154072 0.0 
0.56  0.00238 0.0030887600684396965 0.9540438760387598 -0.0017296975306554765 2.6124002130350066 0.0 
0.57  0.00156 0.003114622396491544 0.9700872672726728 -0.021330143649397497 2.5761864967702452 0.0 
0.58  0.0024 0.0031834641107506534 1.013444374443745 0.00037566413660427916 2.397640734517932 0.0 
0.59  0.00298 0.003216770845451493 1.0347614672146714 0.032177503374210215 2.319555981353183 0.0 
0.6  -0.00216 0.003295096648145424 1.0857661920619208 -0.009903451773580011 2.1758552777433895 0.0 
0.7  0.00024 0.0036747972005737465 1.3504134465344644 -0.007960647083015788 1.3582028244301299 0.0 
0.8  -0.0059 0.004023060246893837 1.6185013750137502 0.013641066939878292 0.9610106362340094 0.0 
0.9  -0.00304 0.004333231513888168 1.8776895352953542 -0.0027344681950928025 0.6556264955612079 0.0 
1.0  -0.00028 0.004584169429906973 2.101460936209362 -0.006878723527699383 0.45430337656810593 0.0 
1.1  -0.00126 0.004815788205700126 2.319181604216044 -0.006827568342780466 0.2990072369612906 0.0 
1.2  -0.00642 0.005004022206024108 2.504023823838238 0.001087056339986359 0.31528206151179017 0.0 
1.3  -0.0048 0.005127185629594935 2.6288032480324808 -0.006659873147211062 0.2435503073094436 0.0 
1.4  0.00884 0.005272902102160232 2.780349657896579 0.0009372695836471456 0.19878087907198028 0.0 
1.5  0.00378 0.0054207518815667655 2.9384550961509626 0.0183041835301949 0.16315736222498645 0.0 
1.6  0.00266 0.0055472368763529135 3.077183696236963 -0.0015109064588574592 0.13456154364486883 0.0 
1.7  -0.00302 0.005658677319152422 3.202062900229004 -0.005422468109289563 0.1307679669923565 0.0 
1.8  -0.00542 0.005761149029870815 3.319083814438143 0.004863439619081376 0.11121919329583774 0.0 
1.9  -0.0157 0.005836974884540624 3.407027580275803 0.011562631417317552 0.09515772486312812 0.0 
2.0  -0.00526 0.005948149050651916 3.5380477128771286 -0.004870126966379691 0.11774022679103213 0.0 
2.1  -0.01032 0.006061427421410228 3.674090238502385 0.008654740254871113 0.11135919415051099 0.0 
2.2  0.01016 0.0061328740298035355 3.7612143865438656 0.011899412408947969 0.12162420503424887 0.0 
2.3  0.01432 0.006226711579587649 3.877193709537092 -0.011611465096147848 0.10230456278594424 0.0 
2.4  -0.00166 0.006284136165589783 3.949036734767346 0.00477936973277311 0.07973835145453023 0.0 
2.5  -8.0e-5 0.006362547033700228 4.048200475604757 -0.003043425825117405 0.0851811105742808 0.0 
2.6  -0.00216 0.006427531911680002 4.131316647566478 0.01467787191826048 0.05112435027514595 0.0 
2.7  0.00752 0.006524221037840573 4.256546015060152 0.00905208494984477 0.05550224424034189 0.0 
2.8  0.005 0.0065759092470793895 4.324258242582423 0.021327247533165238 0.06638968209185458 0.0 
2.9  0.00592 0.006642114927709933 4.411769071290713 0.019948078694956784 0.06766903683568248 0.0 
3.0  -0.00418 0.006728200202340864 4.526867796277964 0.0006194755461862372 0.06772058985297091 0.0 
3.1  0.00522 0.0067611082406545155 4.571258464184639 0.009152839505080682 0.09630111607535152 0.0 
3.2  -0.01116 0.006851921192792597 4.6948824032240335 0.0165842583488504 0.07826256669891096 0.0 
3.3  -0.00314 0.006891326164662581 4.749037630776308 0.004778733966344038 0.07568417387338178 0.0 
3.4  0.00302 0.006978710183118239 4.870239581995821 0.0014845889572022834 0.06455241262883726 0.0 
3.5  -0.00434 0.007024123078865452 4.933830502705027 0.002087596551611396 0.08423766666600496 0.0 
3.6  -0.00694 0.007033719719759308 4.947321309613096 0.009193291645319082 0.04335448873652448 0.0 
3.7  0.0017 0.007135550452544121 5.0916080260802605 0.006562289803722739 0.06842851363787705 0.0 
3.8  0.00284 0.007158801004939186 5.12484318283183 0.0011461227695644225 0.08134804765797243 0.0 
3.9  -0.0118 0.007259196550538192 5.269593455934559 0.0048529296908752465 0.08270037396101193 0.0 
4.0  -0.00992 0.007315104308450456 5.351075104351043 -0.0015472951476923388 0.1055026959436236 0.0 
4.1  0.00734 0.007348061049284488 5.399400118401185 0.003805618651329827 0.03211604555332359 0.0 
4.2  0.00022 0.007374126612245882 5.437774329343293 -0.0022956224665997035 0.013139161661301024 0.0 
4.3  -0.00384 0.007414661308247542 5.497720231602316 0.007296354965979997 0.06673262766322008 0.0 
4.4  0.00016 0.007482710715616134 5.599095965359652 0.002490258076171677 0.03885745825078235 0.0 
4.5  0.00794 0.007544132733680328 5.691393870338701 0.011303352953201161 0.06449086042810492 0.0 
4.6  0.01062 0.007548022382215013 5.6972641882418795 -0.004541231218758941 0.03856094768362972 0.0 
4.7  0.00068 0.007615653311289426 5.799817535775359 0.006564472599881963 0.0698970689305427 0.0 
4.8  0.01114 0.007644536833153069 5.843894339343395 -0.002923667914479459 0.0484396711772197 0.0 
4.9  -0.00384 0.007695534078700943 5.922124475644757 0.00839760483491581 0.046870948397895074 0.0 
5.0  0.0045 0.007749270805177742 6.00511980119801 -0.0012849278134854556 0.04767796802744195 0.0 
