#mmax= 10
#m-states: all states (FBR)
#Nr. of sites: 4
 
0.0  0.0 
0.1  0.0024805833076690107 
0.2  0.00968656005586267 
0.3  0.02089598727234192 
0.4  0.034861430309968446 
0.41  0.03634757339848561 
0.42  0.0378401949878048 
0.43  0.03934191750578802 
0.44  0.04084518185930364 
0.45  0.04235431619962187 
0.46  0.0438624452646725 
0.47  0.04537095828163249 
0.48  0.04687592121987722 
0.49  0.04837538005532841 
0.5  0.04986779578421288 
0.51  0.051353084110624975 
0.52  0.05282816253811387 
0.53  0.05429155825393917 
0.54  0.05574167017165373 
0.55  0.057177023892332667 
0.56  0.05859619755973972 
0.57  0.05999787577300789 
0.58  0.06138080751976721 
0.59  0.06274396721773874 
0.6  0.06408621821268023 
0.7  0.07620172033608762 
0.8  0.0858114292886301 
0.9  0.09324835258595575 
1.0  0.09912780480702739 
1.1  0.1040064915032401 
1.2  0.10829123072680841 
1.3  0.1122258281525062 
1.4  0.11595545165637082 
1.5  0.11956595474922 
1.6  0.1230992517139196 
1.7  0.1265662400333932 
1.8  0.1299915701766986 
1.9  0.1333696419614678 
2.0  0.136706226890371 
2.1  0.13999627886757002 
2.2  0.14324511066125745 
2.3  0.14645529909844415 
2.4  0.14961307367601126 
2.5  0.15273005650086804 
2.6  0.1558094201718931 
2.7  0.15883342481108179 
2.8  0.1618251866807384 
2.9  0.16477002175641084 
3.0  0.1676729035513739 
3.1  0.1705350628883899 
3.2  0.1733561585846393 
3.3  0.17614068541270111 
3.4  0.17888769384578054 
3.5  0.18159949026351208 
3.6  0.18427369140914174 
3.7  0.18691116715949807 
3.8  0.18952240906848938 
3.9  0.19209906577586086 
4.0  0.1946440878146903 
4.1  0.1971583585158662 
4.2  0.199640046846119 
4.3  0.20210162614206997 
4.4  0.20452954542459664 
4.5  0.20693204953122793 
4.6  0.2093086549519431 
4.7  0.2116601565841236 
4.8  0.21398722817586857 
4.9  0.2162905817033658 
5.0  0.21857088662339244 
