#mmax= 10
#m-states: all states (FBR)
#Nr. of sites: 4
 
0.0  -2.143668366629284e-14 
0.1  -2.4636864264067145e-13 
0.2  -7.528618211103646e-11 
0.3  -2.170924022444645e-9 
0.4  -2.414531053040906e-9 
0.41  -4.704801444601465e-10 
0.42  -7.941472438129381e-11 
0.43  -3.7206938774614806e-11 
0.44  -2.4083870820332524e-11 
0.45  -5.0632803013626514e-11 
0.46  -2.3671483249962824e-11 
0.47  -1.1749016100570322e-11 
0.48  -1.0419501570093511e-12 
0.49  1.1705400657801044e-11 
0.5  9.885167790432524e-12 
0.51  -2.9093528398992514e-12 
0.52  -6.498424384464631e-10 
0.53  -8.246658551416193e-10 
0.54  -3.0373074707394244e-10 
0.55  -6.085618936629945e-11 
0.56  -1.9907357599785413e-11 
0.57  -5.784534866095177e-12 
0.58  8.523106704049458e-11 
0.59  4.66021230706226e-9 
0.6  4.985480984513713e-9 
0.7  -6.758264389019022e-8 
0.8  -4.5706069298551e-8 
0.9  -3.305371019086099e-8 
1.0  -2.745048624815857e-8 
1.1  -2.339446877091612e-8 
1.2  -3.5890586841929806e-8 
1.3  -8.049541322649991e-7 
1.4  -6.313193008381155e-7 
1.5  -9.431808698050145e-7 
1.6  -1.0422827060546083e-6 
1.7  -1.7627885581253116e-6 
1.8  -1.7593145470998004e-6 
1.9  -1.872182755846447e-6 
2.0  -1.904583759942088e-6 
2.1  -1.9337343566901776e-6 
2.2  -1.9452338343576204e-6 
2.3  -1.948236160932784e-6 
2.4  -1.9509106528502656e-6 
2.5  -1.9548095244125175e-6 
2.6  -1.9576392183378805e-6 
2.7  -1.9611545585478762e-6 
2.8  -1.9638510465025104e-6 
2.9  -1.9676081684517633e-6 
3.0  -1.9718255098952965e-6 
3.1  -1.9771892826040194e-6 
3.2  -1.9889727639280977e-6 
3.3  -1.98690938588214e-6 
3.4  -2.0105295777544087e-6 
3.5  -2.00549041218981e-6 
3.6  -1.8757821497193436e-6 
3.7  -2.1300177449825336e-6 
3.8  -2.1076148349866563e-6 
3.9  -2.1287931243058114e-6 
4.0  -2.127251911700198e-6 
4.1  -2.119106289218605e-6 
4.2  -2.1188214264857136e-6 
4.3  -2.129291459644408e-6 
4.4  -2.4644820705066733e-6 
4.5  -2.7749522543830528e-6 
4.6  -2.927418815396824e-6 
4.7  -2.980827553610814e-6 
4.8  -3.000226518303039e-6 
4.9  -3.008766323336328e-6 
5.0  -3.0139461333459084e-6 
