#mmax= 10
#m-states: all states (FBR)
#Nr. of sites: 4

0.0  -0.0  0.0
0.1  0.011304460942987815  0.00033662129498074567
0.2  0.04364868312070001  0.0006631999033938625
0.3  0.09156389270069591  0.0009634350931169169
0.4  0.14352994943445485  0.001402232338865081
0.41  0.154279701356865  0.0013761604233749611
0.42  0.15515901326254006  0.001430394309143357
0.43  0.15801414952403395  0.0014471334719994326
0.44  0.16585930786135236  0.0014888485506507798
0.45  0.170191947751843  0.0015047317594616954
0.46  0.17686988642812576  0.0015273059872397726
0.47  0.18011997594644213  0.0015803161778077826
0.48  0.18480651804186057  0.0015873411025879405
0.49  0.1885548658507  0.0015882651560105371
0.5  0.1968527207571949  0.0016222941223140825
0.51  0.2022558013899521  0.0016447721996373486
0.52  0.20222188499827304  0.0016671312370020825
0.53  0.210454472992715  0.001689110315743587
0.54  0.20826563101489237  0.001721899828998356
0.55  0.21724058004124647  0.0017377812928970821
0.56  0.22085663434511577  0.0017317636496069298
0.57  0.22630608128747967  0.0017705490690176013
0.58  0.2289733507228364  0.001785795239748495
0.59  0.23032143492170146  0.001787301561003087
0.6  0.2317577362603724  0.0018005627462973394
0.7  0.2554762025082793  0.0019284428348375427
0.8  0.2588742373437616  0.001971940775640572
0.9  0.22971837672158474  0.0024513289834496832
1.0  0.2185973388082842  0.0023727799333419443
1.1  0.20561799561688135  0.002298469436775154
1.2  0.18777030400257277  0.002267888827311313
1.3  0.17555180516638463  0.002191897764898478
1.4  0.1715098936588326  0.0020968827369465515
1.5  0.15975521902117207  0.002039000508555913
1.6  0.151541185493463  0.0019972321362656735
1.7  0.13936752438914426  0.001962288114564305
1.8  0.13435808207409936  0.0019162855284395469
1.9  0.12664037572658254  0.0019029127778786405
2.0  0.12802711492440177  0.001849936096474738
2.1  0.1186670013244719  0.001848829423464129
2.2  0.11336265273949464  0.001809908409259037
2.3  0.11121460189482114  0.0017848658197605822
2.4  0.10487964111832918  0.0017713600004675768
2.5  0.10123552440861085  0.0017520564354363713
2.6  0.10254455126100781  0.0017241129651912712
2.7  0.0976587247809925  0.0017200752149052658
2.8  0.09426450661745198  0.001703006569298678
2.9  0.09262817675127379  0.0016779432158574956
3.0  0.09174037105660907  0.001676995149455412
3.1  0.09065467719056573  0.0016739602568466216
3.2  0.08558450532166686  0.00168733940085516
3.3  0.0860859524608615  0.0016321583104115087
3.4  0.08292937659135818  0.0016390804125836918
3.5  0.08360687817701118  0.0016200184883041423
3.6  0.08206723225195041  0.0015905434498670891
3.7  0.08213444883548954  0.00163077495127019
3.8  0.08141894883806289  0.0015987345995689122
3.9  0.07824847808471491  0.0015970624892388597
4.0  0.07856755316422576  0.0015742883277607717
4.1  0.07666090079021332  0.0015738520844062302
4.2  0.07684365990950413  0.0015577295442321785
4.3  0.07528430998778163  0.001564436452055719
4.4  0.07611345001365499  0.0015603669548728957
4.5  0.0789036313328519  0.0015486932466809062
4.6  0.07466917481327154  0.0015442544183399787
4.7  0.07484017209551162  0.0015452297178630099
4.8  0.07418349939065548  0.0015196329119220719
4.9  0.0749604598897116  0.0015056118888943607
5.0  0.07619841574822984  0.001507966221870442
