#mmax= 10
#m-states: all states (FBR)
#Nr. of sites: 4

0.0  1.0  0.0
0.1  0.9887591943867652  0.00033283740043859173
0.2  0.9572902106132634  0.0006348747751986065
0.3  0.9125030120075961  0.0008791374243430054
0.4  0.86629485475775  0.0012147466603337454
0.41  0.8570322743942682  0.001179413897576422
0.42  0.8562790069389012  0.0012248166185643294
0.43  0.8538377004859442  0.0012356171160282361
0.44  0.8471654153193486  0.0012613010007596782
0.45  0.8435028925725023  0.0012692455916516509
0.46  0.8378887981351236  0.0012797125780329116
0.47  0.8351700050884174  0.0013198326702610341
0.48  0.8312651030936926  0.00131950126528762
0.49  0.828155064759998  0.0013153298331319548
0.5  0.8213115865540631  0.0013324089594551104
0.51  0.8168859406547051  0.001343591285463464
0.52  0.8169136469480716  0.001361902258760421
0.53  0.810215941020739  0.001368544103958028
0.54  0.8119913179845352  0.0013981677115857208
0.55  0.8047363425120904  0.0013984557617319295
0.56  0.8018316271666169  0.0013885828650323235
0.57  0.7974739724456695  0.0014119667994794483
0.58  0.7953497287180368  0.001420331759479927
0.59  0.794278252698395  0.0014196147609186458
0.6  0.7931382486714041  0.0014280951832212456
0.7  0.774547568630553  0.0014936707089664297
0.8  0.7719200956611546  0.0015221807121706015
0.9  0.7947573931721339  0.0019482118326937673
1.0  0.8036452497664305  0.001906873322171361
1.1  0.8141440234730012  0.0018712851550858466
1.2  0.8288050585749751  0.0018796377323612842
1.3  0.8389939318273748  0.0018389889239358089
1.4  0.8423919336404008  0.0017663971033935815
1.5  0.8523524030883195  0.001737946983365938
1.6  0.8593824874522362  0.001716386321283538
1.7  0.869908257199144  0.0017070106338632287
1.8  0.8742769456435032  0.0016753642587849736
1.9  0.8810504627635415  0.0016765621835486324
2.0  0.8798295223102233  0.0016276283920658079
2.1  0.8881034888128596  0.0016419518611983607
2.2  0.8928268153074957  0.0016159347610370017
2.3  0.8947467139840305  0.0015970028271331937
2.4  0.9004328911603743  0.001594990806506862
2.5  0.9037201596622739  0.001583368721569872
2.6  0.9025379396539079  0.0015560773633343198
2.7  0.9069583733612628  0.0015600366189695044
2.8  0.9100420182669925  0.0015498075354465157
2.9  0.9115323662188489  0.0015294995499314477
3.0  0.9123419891852106  0.0015299930905081
3.1  0.9133330511842197  0.001528883228946845
3.2  0.9179755659558828  0.0015489363414596757
3.3  0.9175153651273212  0.001497530328122807
3.4  0.9204161478505448  0.0015086360793675634
3.5  0.9197927756425895  0.0014900813019495791
3.6  0.9212100215900156  0.0014652245657919192
3.7  0.921148103080641  0.0015021852529139602
3.8  0.9218074203886633  0.0014737254171147214
3.9  0.9247346217063176  0.001476858976827647
4.0  0.9244396090014743  0.0014553344861707525
4.1  0.9262038753634586  0.0014577078998259075
4.2  0.9260346186259907  0.0014425114844154837
4.3  0.9274797570814963  0.0014509831405220763
4.4  0.9267110652123488  0.00144600932287241
4.5  0.9241289772318775  0.0014311923061011416
4.6  0.9280504580148367  0.0014331460202318524
4.7  0.9278917774760915  0.0014338059495167877
4.8  0.9285012987855209  0.0014109811323968669
4.9  0.9277801701335577  0.0013968768544335172
5.0  0.9266323298709048  0.0013973302535384335
