#mmax= 10
#m-states: all states (FBR)
#Nr. of sites: 4
 
0.0  0.0 
0.1  0.15078062340468906 
0.2  0.30625436598907235 
0.3  0.47086203621143796 
0.4  0.6472642272266804 
0.41  0.6655326208999226 
0.42  0.6839044836855112 
0.43  0.7023711955761784 
0.44  0.7208982954015274 
0.45  0.7395370977442859 
0.46  0.7582089590268312 
0.47  0.7769750552088682 
0.48  0.7957849938376734 
0.49  0.8146173677749728 
0.5  0.833482013843337 
0.51  0.8523714291396118 
0.52  0.8712757989921357 
0.53  0.8901784301592843 
0.54  0.9090544126913116 
0.55  0.9278984934713238 
0.56  0.9467002170445336 
0.57  0.9654442731697166 
0.58  0.9841162284072025 
0.59  1.0027019951675475 
0.6  1.0212019244305042 
0.7  1.1983710387921915 
0.8  1.355122800828309 
0.9  1.4874810640983063 
1.0  1.5965699108829743 
1.1  1.6860617783393013 
1.2  1.759932258276558 
1.3  1.8217460916759092 
1.4  1.8742523397813238 
1.5  1.919499132455375 
1.6  1.9590324834610526 
1.7  1.9940453290591162 
1.8  2.0253250096533626 
1.9  2.0535678550799727 
2.0  2.0792572886597807 
2.1  2.102793486790855 
2.2  2.124467562249763 
2.3  2.144524165250325 
2.4  2.1632122934925233 
2.5  2.1806464111333193 
2.6  2.1969635212872927 
2.7  2.212342467735125 
2.8  2.2268026921172295 
2.9  2.2404834635851305 
3.0  2.253445021329635 
3.1  2.2657495983969755 
3.2  2.2774522143682274 
3.3  2.288600197254779 
3.4  2.299238016822705 
3.5  2.3094052278929 
3.6  2.319137504421289 
3.7  2.3284801040629794 
3.8  2.3374160862604407 
3.9  2.346010816746922 
4.0  2.3542774014654833 
4.1  2.3622379664927564 
4.2  2.369922484124467 
4.3  2.3773091862409017 
4.4  2.384451078941931 
4.5  2.3913516125186436 
4.6  2.3980234800206746 
4.7  2.404479633685037 
4.8  2.410731490770236 
4.9  2.4167896741331933 
5.0  2.42266404506177 
