#mmax= 10
#m-states: all states (FBR)
#Nr. of sites: 4
 
0.0  0.0 
0.1  -0.07420448810127621 
0.2  -0.1435957189503329 
0.3  -0.20325083079111958 
0.4  -0.24846036940600075 
0.41  -0.252046431356451 
0.42  -0.2554331053774813 
0.43  -0.25865221551662887 
0.44  -0.26167170506028303 
0.45  -0.2645154598643087 
0.46  -0.2671712622526704 
0.47  -0.2696392040079988 
0.48  -0.2719191230855044 
0.49  -0.27401451904882757 
0.5  -0.27592300587726853 
0.51  -0.27765421443191474 
0.52  -0.27920156858557504 
0.53  -0.2805702825701378 
0.54  -0.281766736241467 
0.55  -0.28279223243923735 
0.56  -0.28364982609657907 
0.57  -0.2843443242824021 
0.58  -0.28488050516629915 
0.59  -0.28526401898614717 
0.6  -0.28549537909478184 
0.7  -0.2808481264104479 
0.8  -0.2677066886219644 
0.9  -0.25123369055736966 
1.0  -0.23472049239901063 
1.1  -0.21967529296338534 
1.2  -0.20658936350611448 
1.3  -0.1953810554450868 
1.4  -0.18581305457627273 
1.5  -0.17762709320870512 
1.6  -0.1705675687845098 
1.7  -0.16439382625452673 
1.8  -0.15897731411698304 
1.9  -0.15415630616553333 
2.0  -0.14983520497723668 
2.1  -0.14592183167545159 
2.2  -0.1423622121992254 
2.3  -0.1391076660209489 
2.4  -0.13608751163338473 
2.5  -0.13329527505159577 
2.6  -0.13070595268324348 
2.7  -0.12826074350160305 
2.8  -0.1259851291821057 
2.9  -0.12383263303919502 
3.0  -0.12179736719802331 
3.1  -0.1198684361658591 
3.2  -0.11803508363281531 
3.3  -0.11629185591845179 
3.4  -0.11462942631966166 
3.5  -0.11304177076499368 
3.6  -0.11152037211534126 
3.7  -0.11005582574534047 
3.8  -0.10866327565581246 
3.9  -0.10732029672268903 
4.0  -0.10602750873920469 
4.1  -0.1047811710224214 
4.2  -0.1035733439349398 
4.3  -0.10242006058765829 
4.4  -0.10129897533974085 
4.5  -0.10021564851428467 
4.6  -0.09916745965401752 
4.7  -0.09815235609870412 
4.8  -0.09716856318032399 
4.9  -0.096214461499442 
5.0  -0.09528854351215371 
