#mmax= 5
#m-states: all states (FBR)
#Nr. of sites: 40
 
0.0  20.00000000000003 0.012499999999999734 
0.1  24.693085498422207 0.018419533380408137 
0.2  32.02976762750955 0.028290458059654133 
0.3  45.70095592666041 0.04875286316665528 
0.4  83.21857849533104 0.11681733461118049 
0.41  91.11395262305429 0.13267471853680302 
0.42  100.73164201599238 0.15223446222643988 
0.43  112.8096969298475 0.17708888252051125 
0.44  128.29414053841816 0.20868225291847664 
0.45  148.44995326497937 0.248436690791782 
0.46  175.27872954198543 0.2976581668260473 
0.47  211.1249687444239 0.3557131889551296 
0.48  258.09611331040605 0.4192443799373301 
0.49  315.78684469180735 0.48100221508592034 
0.5  379.28253362363085 0.5330523441654067 
0.51  440.39177732894194 0.5711499848601256 
0.52  493.2424011870516 0.5964856372319254 
0.53  536.5858795735718 0.6127181947333916 
0.54  571.943989747777 0.6232407590715282 
0.55  601.4602370991208 0.6303745134952455 
0.56  626.7075754386344 0.6354411121578702 
0.57  648.8117305793656 0.6392111767334381 
0.58  668.5177169654272 0.6421284828647582 
0.59  686.3286617288394 0.6444563439924522 
0.6  702.5966866567629 0.6463606874117194 
0.7  816.3097558235122 0.655493886290097 
0.8  886.5697482945692 0.6587929225993696 
0.9  937.3005306896907 0.6605196760526939 
1.0  976.8961650263911 0.6615962355839866 
1.1  1009.2877328007858 0.6623394780203369 
1.2  1036.6160202183903 0.6628868007918928 
1.3  1060.1847119304402 0.6633087774851985 
1.4  1080.846530168274 0.6636452136686682 
1.5  1099.1908807842988 0.6639201199942186 
1.6  1115.644223829584 0.6641493367348642 
1.7  1130.5252703803696 0.6643435764532046 
1.8  1144.0788550935288 0.6645103348088133 
1.9  1156.4975297929632 0.6646551504759431 
2.0  1167.9332732939372 0.6647820386980308 
2.1  1178.5180607239718 0.6648942405646731 
2.2  1188.347310723771 0.6649940764720269 
2.3  1197.512638495748 0.665083530866506 
2.4  1206.0859127727563 0.665164135922107 
2.5  1214.1284650091377 0.6652371331031635 
2.6  1221.694745356372 0.6653035631460347 
2.7  1228.8268119678391 0.6653642357710015 
2.8  1235.5690107619434 0.6654198966563605 
2.9  1241.9515713600385 0.6654710990018464 
3.0  1248.0086902754545 0.6655183890497147 
