#mmax= 5
#m-states: all states (FBR)
#Nr. of sites: 40
 
0.0  19.999999999999982 0.012499999999998845 
0.1  18.12978378602613 0.010188348931194025 
0.2  16.437077585789005 0.008148056702620532 
0.3  14.932486386619187 0.006424895137817077 
0.4  13.595996318310368 0.005121683274854405 
0.41  13.469891505815 0.0050233880914715145 
0.42  13.344667206567744 0.0049267388964305825 
0.43  13.220250144068956 0.004844223939564074 
0.44  13.096421570032359 0.004773316363017588 
0.45  12.972823442700895 0.004711756384946475 
0.46  12.849079524562125 0.0046604447278258965 
0.47  12.72491199692683 0.004626197923938702 
0.48  12.600062645665703 0.004609972194748457 
0.49  12.475442252064541 0.0046146552487446035 
0.5  12.353049363246837 0.004633965331723666 
0.51  12.23560763962606 0.00466054025021434 
0.52  12.124844248864191 0.004684171963134309 
0.53  12.020821439966774 0.004702711447471475 
0.54  11.922643252898608 0.004715659243288428 
0.55  11.829308809216949 0.004721036808911783 
0.56  11.74009701158538 0.004723370357668011 
0.57  11.654347131026976 0.004722921699131688 
0.58  11.57164369277496 0.0047204335462226465 
0.59  11.491722600479761 0.004716546695715529 
0.6  11.414391474617558 0.004711496586496056 
0.7  10.746037403151377 0.0046319316118091924 
0.8  10.209981113178982 0.004538327903185202 
0.9  9.760425137580992 0.004439605085414966 
1.0  9.373317894861323 0.0043452799118967045 
1.1  9.033935599017266 0.004263040468531543 
1.2  8.732186729507662 0.004178548203501609 
1.3  8.461164955703044 0.0040989654910431605 
1.4  8.215763433107748 0.004030661806892821 
1.5  7.991838463621111 0.0039603147704427855 
1.6  7.786359049889643 0.0038937720992702207 
1.7  7.596842531025126 0.0038309869825672305 
1.8  7.421225930664636 0.003769727323374328 
1.9  7.2578994797974845 0.0037143667751069476 
2.0  7.105433686347518 0.003661399773077112 
2.1  6.962613586465433 0.0036103071742032977 
2.2  6.828496190763515 0.0035626652430370553 
2.3  6.702176958768551 0.0035163077966019474 
2.4  6.5829244999258725 0.0034720204456546444 
2.5  6.470097275343859 0.0034296660929657996 
2.6  6.363122317818823 0.0033890777017442364 
2.7  6.261526925909206 0.0033505122122271525 
2.8  6.164833475779813 0.0033132118739487293 
2.9  6.0726841554862885 0.003277447640622322 
3.0  5.984713642347003 0.0032430494250845765 
