#mmax= 5
#m-states: all states (FBR)
#Nr. of sites: 40
 
0.0  4.0497970795936223e-32 
0.1  0.02578377554314429 
0.2  0.05656957427538126 
0.3  0.09916205807512335 
0.4  0.16650386374968304 
0.41  0.17562787700328777 
0.42  0.18539880906211031 
0.43  0.19592033546713905 
0.44  0.20730381786314198 
0.45  0.21970172886739858 
0.46  0.23330306727538278 
0.47  0.2482986195333961 
0.48  0.2647950807877741 
0.49  0.2825375991404029 
0.5  0.3006857445594843 
0.51  0.3180186121392444 
0.52  0.3336942728971042 
0.53  0.34755179836629513 
0.54  0.35983754240753635 
0.55  0.37089593354687034 
0.56  0.3809876342586955 
0.57  0.3903063055402372 
0.58  0.39898717009546164 
0.59  0.40712651345620277 
0.6  0.4147967230513366 
0.7  0.4742036152538766 
0.8  0.5153002380454896 
0.9  0.5466079505041451 
1.0  0.5718012411196374 
1.1  0.5928109925755647 
1.2  0.6107697527887102 
1.3  0.6264037647730171 
1.4  0.6402060661667291 
1.5  0.6525266600836545 
1.6  0.6636248315624719 
1.7  0.6736975800157035 
1.8  0.6828982821862412 
1.9  0.6913491631840986 
2.0  0.6991477225367562 
2.1  0.7063782034080123 
2.2  0.7131036781649477 
2.3  0.7193833311321277 
2.4  0.7252644480967811 
2.5  0.7307875920959565 
2.6  0.735988605463518 
2.7  0.7408959218425687 
2.8  0.7455384006064387 
2.9  0.7499368429622724 
3.0  0.7541137045985281 
