#mmax= 5
#m-states: all states (FBR)
#Nr. of sites: 40
 
0.0 1.8087561681897267e-28
0.1 -0.24437491274094114
0.2 -0.9855000802025202
0.3 -2.2516861951797544
0.4 -4.110503063124366
0.41 -4.334058934897897
0.42 -4.565376946632242
0.43 -4.804797468920068
0.44 -5.0527204925857205
0.45 -5.309619786849385
0.46 -5.576067089454266
0.47 -5.852742725382079
0.48 -6.140412552642648
0.49 -6.439801367125039
0.5 -6.751298716438228
0.51 -7.074648915178582
0.52 -7.408965441457461
0.53 -7.753087446615957
0.54 -8.105922996195634
0.55 -8.466578456561159
0.56 -8.834348142361346
0.57 -9.208670418639997
0.58 -9.589084068070221
0.59 -9.975199757052298
0.6 -10.366681087633594
0.7 -14.524047274258209
0.8 -19.01547160440954
0.9 -23.74927044331698
1.0 -28.672281589208758
1.1 -33.74978965082842
1.2 -38.957343774519785
1.3 -44.27677513464515
1.4 -49.69404743093338
1.5 -55.19799477442868
1.6 -60.77951755401385
1.7 -66.43106407511908
1.8 -72.14627685109531
1.9 -77.91972383936607
2.0 -83.74672508181477
2.1 -89.62320365825116
2.2 -95.54558270929911
2.3 -101.51070257635678
2.4 -107.5157527772258
2.5 -113.55822047314706
2.6 -119.63584733155093
2.7 -125.74658955290711
2.8 -131.88860815051942
2.9 -138.0602162378476
3.0 -144.2598768020219
