#mmax= 5
#m-states: all states (FBR)
#Nr. of sites: 40
 
0.0  0.0 
0.1  0.022971460662651627 
0.2  0.07677048219138724 
0.3  0.1569451177927445 
0.4  0.2674607148426087 
0.41  0.2806556581068965 
0.42  0.29434509780604384 
0.43  0.30858178435923084 
0.44  0.32342298487198146 
0.45  0.33895899446770156 
0.46  0.35531302255014635 
0.47  0.37264993630214943 
0.48  0.39117937123284235 
0.49  0.4109893103929724 
0.5  0.4317907889451671 
0.51  0.45278411579633077 
0.52  0.47308139204972416 
0.53  0.49213065587927635 
0.54  0.5097584685303647 
0.55  0.5260428309083591 
0.56  0.5410657800863649 
0.57  0.5549293553992841 
0.58  0.5677367903042502 
0.59  0.5795656572251686 
0.6  0.5905014396061861 
0.7  0.6635239937927925 
0.8  0.6979518642951698 
0.9  0.7149603298986991 
1.0  0.7236680101463823 
1.1  0.7282192322954987 
1.2  0.7305957250175686 
1.3  0.7318007531432803 
1.4  0.7323564257119687 
1.5  0.7325503264527196 
1.6  0.7325398135095579 
1.7  0.7324171878836025 
1.8  0.7322342099567285 
1.9  0.7320216355801471 
2.0  0.7317989406380896 
2.1  0.7315729927134021 
2.2  0.7313539261989611 
2.3  0.7311428609685322 
2.4  0.730941636330458 
2.5  0.7307510630234827 
2.6  0.7305702257195179 
2.7  0.7304015165032145 
2.8  0.7302407857132177 
2.9  0.7300916992310982 
3.0  0.7299503968730053 
