#mmax= 5
#m-states: all states (FBR)
#Nr. of sites: 40
 
0.0  -0.0 
0.1  0.006344242110342271 
0.2  0.026587020699757956 
0.3  0.06505111054897929 
0.4  0.13253755937732356 
0.41  0.14176072613842294 
0.42  0.1516082184919143 
0.43  0.162157965033478 
0.44  0.1734991946838419 
0.45  0.1857570324274969 
0.46  0.1991008304710259 
0.47  0.21375787451592454 
0.48  0.23002890698165684 
0.49  0.24814947355162933 
0.5  0.26802562768009736 
0.51  0.28901163014824527 
0.52  0.31023035751042893 
0.53  0.3310144602097793 
0.54  0.35103374282696775 
0.55  0.370230634608664 
0.56  0.38857064930669666 
0.57  0.40605706198891 
0.58  0.42271305144477866 
0.59  0.43854440531747785 
0.6  0.4535804702129025 
0.7  0.5653465824908919 
0.8  0.6267447276737917 
0.9  0.6602541803120116 
1.0  0.6788672993157998 
1.1  0.6894712357687397 
1.2  0.6956552606022339 
1.3  0.6993438427325888 
1.4  0.7015782241474116 
1.5  0.702951042283275 
1.6  0.7037986492929451 
1.7  0.7043214487105803 
1.8  0.7046400712749815 
1.9  0.7048286193091052 
2.0  0.7049343736609819 
2.1  0.7049857234235786 
2.2  0.705002715806748 
2.3  0.7049972588968199 
2.4  0.7049772385016476 
2.5  0.7049484675551423 
2.6  0.7049140874684531 
2.7  0.7048769348451475 
2.8  0.7048371975286185 
2.9  0.7047990265190119 
3.0  0.7047605983076509 
