#mmax= 5
#m-states: all states (FBR)
#Nr. of sites: 40

0.0  -0.0  0.0
0.1  0.006772884287428762  0.0013036076412984363
0.2  0.02454640578532859  0.002492935163641605
0.3  0.06232965884944646  0.004006446075592941
0.4  0.14292897787516753  0.0061831226297509
0.41  0.1401145285124892  0.006129201139159712
0.42  0.15303734356717583  0.006769910655763193
0.43  0.16859094424517157  0.006771468470713519
0.44  0.17387354351137396  0.006919477027626239
0.45  0.1777259223366258  0.007011482338950601
0.46  0.20341948144284652  0.007493269293922205
0.47  0.21211739136703506  0.007666309532488471
0.48  0.22699738512985032  0.008039951359476334
0.49  0.25462248290957396  0.008488938577241168
0.5  0.273438571035958  0.008946182855417551
0.51  0.2964652881180447  0.009499920389220094
0.52  0.2904268965499173  0.009302433710882903
0.53  0.328038583610338  0.009912678273417158
0.54  0.352610585227698  0.010362236599399083
0.55  0.3789449819099395  0.010834658373663417
0.56  0.3744292491758968  0.010753074355996567
0.57  0.41425081038473904  0.01141996437823844
0.58  0.4316575244302716  0.011728927538167044
0.59  0.43802758508716244  0.011801322108389842
0.6  0.4505630768744985  0.01207540650661921
0.7  0.5484007553154292  0.013740757963608737
0.8  0.6260415705877896  0.014945782118583396
0.9  0.6629415170988675  0.015659563159264648
1.0  0.6916652231868587  0.015979478991903287
1.1  0.678048630086217  0.015757335933294248
1.2  0.6949161117385447  0.016194048731431217
1.3  0.6820537655606002  0.015775722187948354
1.4  0.6813512111642348  0.01590773744093441
1.5  0.7171137644753195  0.016493063680231134
1.6  0.6959522873134104  0.016099344026707145
1.7  0.6968513448480188  0.016075013758668707
1.8  0.7326586564072936  0.016588884492090804
1.9  0.7008798270917844  0.016135410119810095
2.0  0.7009182026755498  0.016008297067483104
2.1  0.6967193270141149  0.016123413428937406
2.2  0.6865387670977652  0.015954486340294807
2.3  0.6882540956608685  0.01600719586414922
2.4  0.676422516305942  0.01568499348581096
2.5  0.687354284297977  0.015879979436771045
2.6  0.6960750672735231  0.01613817564999284
2.7  0.6885353560185998  0.015956489011429147
2.8  0.7278547563343767  0.016532247722302072
2.9  0.7090698435957292  0.01632674557514056
3.0  0.7055393954365893  0.016287535660229554
