#mmax= 5
#m-states: all states (FBR)
#Nr. of sites: 40

0.0  0.0 0.0 0.0 NaN NaN 0.0 
0.1  0.0035 0.010211415462678905 0.4170920230057513 0.12486285124435938 8.246332692235486 0.0 
0.2  -0.0185 0.021823920554682526 1.9051340335083777 0.07597748393563117 2.8876817468957556 0.0 
0.3  -0.0305 0.031603277192125516 3.9950685171292832 -0.017603413383940045 1.0442680896776224 1.334869391903471e-184 
0.4  -0.051 0.041137243687497486 6.7690912728182075 -0.034561772370974776 0.3616162502731499 1.016798064739038e-95 
0.41  -0.0315 0.04381189117068548 7.677927231807953 -0.001156072253680472 0.3634677383306051 4.281260717740348e-87 
0.42  0.043 0.04523880399996044 8.186197549387348 -0.0013597034915110017 0.1985910629828087 4.28035368937687e-80 
0.43  -0.027 0.045992897132564506 8.461386346586641 -0.010192773951548969 0.12758818557904128 7.270088682677548e-67 
0.44  0.0135 0.047114322422638494 8.879037509377346 0.04198820385641616 0.1580327375220505 6.794218866734347e-71 
0.45  0.07 0.04782621495277645 9.149387346836711 -0.006406515757743747 0.09796123525815581 3.325016517633106e-66 
0.46  0.0365 0.050685887604939646 10.276236809202297 0.017278751349843743 0.2496872948250135 1.370139614764699e-62 
0.47  0.0505 0.051354374258079136 10.549087021755446 0.029666766490156246 0.16602498514431163 3.3909531827530945e-55 
0.48  -0.0175 0.052819228555766554 11.15948362090522 0.015771605583923168 0.4337142044984996 2.067384463369208e-58 
0.49  -0.05 0.05493295374683432 12.070517629407355 0.017801573137035495 0.08821700701320534 3.7599387169627104e-45 
0.5  -0.0345 0.05663704067210806 12.831017504376092 0.007089487227175729 0.389001383427666 2.0103546579005165e-47 
0.51  -0.078 0.0574047282521782 13.181211302825703 0.002761565739302471 0.1625022140706358 4.424577301430236e-50 
0.52  0.031 0.05862694798262518 13.748476119029755 0.05340948000690089 -0.1646518672894728 2.8543043206246448e-39 
0.53  0.1525 0.060056953360220725 14.427350587646911 0.07111419826839596 0.13097851483804668 1.4967546947922907e-45 
0.54  -0.01 0.06174081293597858 15.247711927981998 0.01689115401465984 0.15377461450184038 7.356253881675166e-42 
0.55  -0.0725 0.06249729926647952 15.623649662415605 -0.024498199985978512 0.06475874896810208 4.371503633062187e-39 
0.56  0.13 0.06354749854355234 16.153138284571142 -0.046355930036601434 0.10031787633128841 5.171341277845246e-38 
0.57  0.012 0.06292816530375825 15.839815953988493 -0.0833114403487334 0.033541376852233906 1.2634970542026062e-39 
0.58  0.0825 0.06371862720871614 16.240253813453364 0.09823825658556319 -0.04502780007367768 3.0364883721895617e-38 
0.59  0.026 0.06539801392287281 17.107600900225066 -0.03605225912829492 -0.11081235468133288 2.1474162571544783e-37 
0.6  -0.007 0.06653265663266159 17.706377594398592 0.019438344135553825 0.18855725130674106 1.6162549353995373e-37 
0.7  0.039 0.0705752432956597 19.92345986496624 -0.04740935003576942 -0.05791549579619959 4.496153886873629e-31 
0.8  -0.028 0.07590286102037108 23.044977244311074 -0.017585206598395662 -0.03148159578182197 4.3903011102484685e-26 
0.9  -0.029 0.08066546026100505 26.027665916479133 0.04845593528908002 -0.017615332465379385 3.762247690883074e-22 
1.0  -0.003 0.08262689968247498 27.308818204551137 0.026369066183677077 0.06894501928870245 4.741970326132632e-26 
1.1  -0.08 0.08574227623805902 29.406951737934488 0.00499606228510461 0.062101309237878155 2.4283137922586257e-23 
1.2  -0.036 0.08687095395274626 30.18625056264064 0.01437594301037222 0.06377791820139356 2.3551828490780384e-21 
1.3  -0.188 0.08804318202152349 31.00640760190047 -0.041451621078878474 0.04689598837273712 1.0159219406261173e-19 
1.4  -0.0885 0.09291097916830121 34.529800200050005 0.0132726313735761 0.07683204090974671 6.805641062727371e-17 
1.5  -0.006 0.09361721019936117 35.0567281820455 -0.0003717623076435365 0.0039461050459146385 5.189709473892753e-16 
1.6  0.068 0.09474749744488252 35.90835308827207 -0.05113920016981012 -0.005633037850538702 8.232142660197897e-16 
1.7  0.02625 0.09665648376254089 37.36990341335333 -0.01617801652661014 -0.0057234378515795825 5.848620887313391e-17 
1.8  0.105 0.09904895973257886 39.242785696424114 -0.0513693962747562 0.1506857827045036 1.1743954350271958e-19 
1.9  -0.002 0.0999699829917703 39.975989997499376 0.05734114500092402 0.004412770884019146 6.5317197142819934e-15 
2.0  -0.1365 0.10506117932114645 44.151405601400356 -0.021400669530404048 -0.09153581845355552 4.175604895901401e-13 
2.1  0.2155 0.10309605781398334 42.51518854713679 0.021654863612730873 0.06571811955104634 2.936605474981123e-16 
2.2  0.005 0.10450705325979323 43.68689672418104 0.05226095937989304 -0.02187084639659842 6.855758319425061e-14 
2.3  -0.06 0.10617399978129011 45.09167291822956 0.006233305977308887 -0.06717325288073273 2.388631498524478e-13 
2.4  -0.02675 0.10971733264459932 48.15157233058263 -0.003720104845501868 -0.07022295357448627 1.1744316169469589e-13 
2.5  -0.087 0.11025491729032622 48.624587146786695 0.052978633563427247 -0.05366702593734818 7.732727958622886e-15 
2.6  -0.142 0.10858363873830354 47.16162640660165 0.08234764074371922 0.02349746828211785 5.038727550016099e-15 
2.7  0.1765 0.1114812493414865 49.71227581895473 0.008472167879961162 0.023384370063940896 1.15390548644718e-12 
2.8  -0.008 0.11340281764472364 51.440796199049764 -0.026544345942057512 0.028759921003834066 4.1223640767993327e-14 
2.9  0.06825 0.11493889995147646 52.84380288822206 0.02687874975433949 -0.08864995855007596 4.772735249771416e-13 
3.0  0.019 0.11703133697201942 54.78533533383344 0.01436280685925475 0.06534333006646431 4.0152179608188736e-11 
