#mmax= 5
#m-states: all states (FBR)
#Nr. of sites: 40
 
0.0  -2.334914969384694e-61 
0.1  0.002481056444395038 
0.2  0.009691688390175597 
0.3  0.020902518058531088 
0.4  0.03467152646247752 
0.41  0.03609691191654354 
0.42  0.03751590657122166 
0.43  0.03892353091257038 
0.44  0.04031305684679076 
0.45  0.04167695349797645 
0.46  0.04300587114294013 
0.47  0.04428793616937551 
0.48  0.04550926942680846 
0.49  0.046657199998063593 
0.5  0.04772861919033207 
0.51  0.048736105065404045 
0.52  0.049699907383928106 
0.53  0.05063541495098899 
0.54  0.051549928760938925 
0.55  0.05244512295260073 
0.56  0.05332152641151335 
0.57  0.05417941979115561 
0.58  0.05501918397201889 
0.59  0.05584138080553956 
0.6  0.05664662392993368 
0.7  0.06393337385604603 
0.8  0.07020925061841868 
0.9  0.07581304646869015 
1.0  0.0809382387887937 
1.1  0.08570323315531389 
1.2  0.09018559168975433 
1.3  0.09443805588938606 
1.4  0.09849811102040003 
1.5  0.10239359874935752 
1.6  0.10614555888566607 
1.7  0.10977054330934727 
1.8  0.11328219605652719 
1.9  0.11669120819703507 
2.0  0.1200070888554761 
2.1  0.12323660307443948 
2.2  0.12638772502502343 
2.3  0.12946513126222736 
2.4  0.1324741075715173 
2.5  0.13541912144469864 
2.6  0.13830381354045349 
2.7  0.14113232298723571 
2.8  0.1439075689572997 
2.9  0.1466333967997775 
3.0  0.14931121264167205 
