#mmax= 5
#m-states: all states (FBR)
#Nr. of sites: 40
 
0.0  -3.4499349641858343e-15 
0.1  -6.604221274794588e-10 
0.2  1.3242958528472428e-6 
0.3  2.762910727733878e-6 
0.4  2.200515301260377e-6 
0.41  -1.6388625010058685e-5 
0.42  6.141178799758962e-6 
0.43  -1.998456452263794e-6 
0.44  3.831450544266193e-7 
0.45  -9.289165587552701e-6 
0.46  -7.706908117165054e-6 
0.47  -5.6337936073001534e-5 
0.48  2.8723522274596576e-5 
0.49  -0.00019783772658600108 
0.5  -4.123820962579442e-5 
0.51  -7.751263304922986e-5 
0.52  -0.0003464703080611573 
0.53  -0.001186562731594411 
0.54  -0.00019192909777992454 
0.55  -0.0002014637892453646 
0.56  0.0016956257422289407 
0.57  0.002250761048823806 
0.58  0.004131012788995476 
0.59  0.004628933754338476 
0.6  0.0067084081384605285 
0.7  -0.021763616017499748 
0.8  -0.14812283769851822 
0.9  -0.18099770977482627 
1.0  -0.1761054585892646 
1.1  -0.18766010904506042 
1.2  -0.19920640462057662 
1.3  -0.20370610630655855 
1.4  -0.21392196584028386 
1.5  -0.21741773915079837 
1.6  -0.2203990916511075 
1.7  -0.22287528186992916 
1.8  -0.22480416216669558 
1.9  -0.22664236516192934 
2.0  -0.22692501391890824 
2.1  -0.2273857596176468 
2.2  -0.22751116765195709 
2.3  -0.22718145266865794 
2.4  -0.22748640916840307 
2.5  -0.22727890588848249 
2.6  -0.22692442034460789 
2.7  -0.2279677221881058 
2.8  -0.23086039381017054 
2.9  -0.23034672896623662 
3.0  -0.2308563573712201 
