#mmax= 5
#m-states: all states (FBR)
#Nr. of sites: 40

0.0  -0.0  0.0
0.1  -0.0  1.675460207431902e-18
0.2  -0.0  2.3922757835671373e-18
0.3  -0.0  1.5363070746827183e-18
0.4  -0.0  1.4917743191954297e-18
0.41  -0.0  1.5107655017276175e-18
0.42  -0.0  1.458340957454928e-18
0.43  -0.0  1.431139670703658e-18
0.44  -0.0  1.5410646175548428e-18
0.45  -0.0  1.5380615657549404e-18
0.46  -0.0  1.547302255847963e-18
0.47  -0.0  1.5041202482244061e-18
0.48  0.0002500312543589722  0.0002500625147783323
0.49  0.0002500160168818363  0.0002500472734910096
0.5  0.000750274547246146  0.0004332253770895327
0.51  0.0005001250337816092  0.00035368602002843743
0.52  0.00025003125520928253  0.0002500625156289069
0.53  0.0005001250416171512  0.00035368602557101045
0.54  0.0005001250416822429  0.00035368602561708915
0.55  0.0007502813803791312  0.0004332293241382886
0.56  0.0012507232432607584  0.0005594103917111276
0.57  0.0012255308971536156  0.0005486007655819208
0.58  0.0006723238076185443  0.0003933844404989013
0.59  0.0007502749750812656  0.0004332256242194132
0.6  0.0011115360811184396  0.0005124871202293851
0.7  0.0024646707995092695  0.0007733003448232187
0.8  0.005514019520252626  0.0011757409190352361
0.9  0.007266400277280612  0.0013495334938583706
1.0  0.008478734004107032  0.0014551606636230385
1.1  0.013820448369423213  0.0018637997826602074
1.2  0.013808880779003354  0.001862312313907984
1.3  0.015496611922076504  0.0019708499960394625
1.4  0.022574095219364192  0.002393798004385781
1.5  0.023643891438927266  0.0024399910200691892
1.6  0.024514271673446955  0.0025018583446704593
1.7  0.03367117487428908  0.0029185775305187525
1.8  0.031705351900431104  0.0032592047553264775
1.9  0.03701243870331088  0.0030640185090315786
2.0  0.04425039514100229  0.0033786903214263536
2.1  0.03893796342789595  0.003141880017334487
2.2  0.04253341615614543  0.0032770418705596305
2.3  0.04413366420715215  0.003345807603626943
2.4  0.04800814591946012  0.0034895376334511106
2.5  0.059824273004020004  0.003910378929654616
2.6  0.04963206070172255  0.003586754392470191
2.7  0.05751855501162115  0.0038785453843733298
2.8  0.05993498972416253  0.004021500502718541
2.9  0.06138751665551162  0.003953927266487417
3.0  0.062398126921702816  0.004033275502083273
