#mmax= 5
#m-states: all states (FBR)
#Nr. of sites: 40

0.0  1.0  0.0
0.1  1.0  1.675460207431902e-18
0.2  1.0  2.3922757835671373e-18
0.3  1.0  1.5363070746827183e-18
0.4  1.0  1.4917743191954297e-18
0.41  1.0  1.5107655017276175e-18
0.42  1.0  1.458340957454928e-18
0.43  1.0  1.431139670703658e-18
0.44  1.0  1.5410646175548428e-18
0.45  1.0  1.5380615657549404e-18
0.46  1.0  1.547302255847963e-18
0.47  1.0  1.5041202482244061e-18
0.48  0.9997500000008501  0.0002499999991498503
0.49  0.999750015234518  0.0002499847654819865
0.5  0.9992500068383254  0.00043290046101925164
0.51  0.9995000000078967  0.00035350917702121616
0.52  0.99975  0.0002499999999999997
0.53  0.9995000000000651  0.000353509182558248
0.54  0.9995  0.0003535091826042806
0.55  0.9992500000103173  0.00043290440214965463
0.56  0.9987500585850706  0.000558711161494586
0.57  0.9987752197591542  0.0005479288502041232
0.58  0.9993279021513906  0.00039312004766276556
0.59  0.9992500064108112  0.0004329007077785763
0.6  0.9988890814462889  0.0005119177887789843
0.7  0.9975383640077867  0.000771396760861611
0.8  0.9945011547821048  0.0011692757017051155
0.9  0.9927599361801918  0.0013397627852358672
1.0  0.9915571090881656  0.0014428749008808766
1.1  0.9862746155810883  0.0018382184141633121
1.2  0.9862860244678694  0.0018367726084018644
1.3  0.9846228427249981  0.0019405439256849268
1.4  0.9776787931848434  0.002340365544056177
1.5  0.9766334353675656  0.002382976812196183
1.6  0.9757837627518159  0.0024412727494345704
1.7  0.9668893898954933  0.0028219416478459723
1.8  0.968791992748818  0.003157491469689162
1.9  0.9636641485420684  0.002952684787623054
2.0  0.9567143708488476  0.0032324415851565044
2.1  0.9618103747142853  0.003021892796779808
2.2  0.9583584403305851  0.003140580735967551
2.3  0.9568260555291863  0.003201355891937927
2.4  0.9531260229580635  0.00332596912653375
2.5  0.9419300415783414  0.0036833033877966426
2.6  0.9515794835839632  0.003413081892529296
2.7  0.9441043723562984  0.0036617516557692006
2.8  0.9418257599465008  0.003787552767098125
2.9  0.9404587257328971  0.003718505398681313
3.0  0.9395087685888154  0.0037892977003416914
