#mmax= 5
#m-states: all states (FBR)
#Nr. of sites: 40
 
0.0  1.5794208610415127e-30 
0.1  1.968581156061701 
0.2  4.057650348483985 
0.3  6.4425839176789275 
0.4  9.490378807097914 
0.41  9.862587866632099 
0.42  10.253648099318664 
0.43  10.666857465075127 
0.44  11.105705948295705 
0.45  11.575034102595515 
0.46  12.08083567484826 
0.47  12.629075028319749 
0.48  13.222871103535473 
0.49  13.853400411322546 
0.5  14.492803333114285 
0.51  15.101216216928375 
0.52  15.651667479910316 
0.53  16.139601595543937 
0.54  16.573646853425643 
0.55  16.965446577206514 
0.56  17.32378957954473 
0.57  17.65521027766224 
0.58  17.964290835106777 
0.59  18.25431432927241 
0.6  18.527762462744214 
0.7  20.64704871002063 
0.8  22.11113156908182 
0.9  23.223712119658863 
1.0  24.116772947262678 
1.1  24.859832795895464 
1.2  25.4937407576797 
1.3  26.044643522776582 
1.4  26.53027003673087 
1.5  26.963204520043494 
1.6  27.352736435067392 
1.7  27.705916934961397 
1.8  28.028231509170773 
1.9  28.32403535865546 
2.0  28.59681415052204 
2.1  28.84953760311656 
2.2  29.084481968374053 
2.3  29.303722048423595 
2.4  29.50893951510845 
2.5  29.701572064732517 
2.6  29.88288140479898 
2.7  30.053889697035384 
2.8  30.21559880567147 
2.9  30.368764012082924 
3.0  30.51415733764359 
