#mmax= 5
#m-states: all states (FBR)
#Nr. of sites: 40
 
0.0  0.0 
0.1  -0.9630139098790738 
0.2  -1.8514369517441165 
0.3  -2.5752636527491166 
0.4  -2.9967281208602747 
0.41  -3.0131006635038755 
0.42  -3.023094545896361 
0.43  -3.025964381856705 
0.44  -3.020857051633168 
0.45  -3.006666676766971 
0.46  -2.9820160511083316 
0.47  -2.9454288665173003 
0.48  -2.895862952812284 
0.49  -2.834434044846834 
0.5  -2.766059295294398 
0.51  -2.6984903434978422 
0.52  -2.6375908369232524 
0.53  -2.5850814592584266 
0.54  -2.539982699531725 
0.55  -2.5005051688785707 
0.56  -2.4652718434556067 
0.57  -2.4332643615929874 
0.58  -2.4037912013837723 
0.59  -2.376380304480502 
0.6  -2.350690263742086 
0.7  -2.1531077151194413 
0.8  -2.0144222853077234 
0.9  -1.9060020499972068 
1.0  -1.816524543596819 
1.1  -1.7402040854484448 
1.2  -1.6737203989200056 
1.3  -1.6148966966289193 
1.4  -1.5622334562284355 
1.5  -1.5146647767809667 
1.6  -1.4713680041309896 
1.7  -1.4317113143489635 
1.8  -1.3951985039073656 
1.9  -1.3614179944756184 
2.0  -1.330052971588551 
2.1  -1.3007876702040806 
2.2  -1.2734385199410927 
2.3  -1.2477721342706143 
2.4  -1.223626039333988 
2.5  -1.200855972990215 
2.6  -1.1793257917217785 
2.7  -1.1589487451752047 
2.8  -1.1396011820203589 
2.9  -1.1212271365543007 
3.0  -1.1037228583009926 
