#mmax= 10
#m-states: all states (FBR)
#Nr. of sites: 10
 
0.0  5.0000000000000036 0.05000000000000049 
0.1  6.0641554678373675 0.07164603029703653 
0.2  7.645312114185263 0.10607403651150271 
0.3  10.264981772340462 0.16699871373431918 
0.4  15.220116795839195 0.2785475133683024 
0.41  15.931343254014346 0.29305056360490034 
0.42  16.694236422156557 0.3081029742604132 
0.43  17.511469293687163 0.323639756113421 
0.44  18.383702759424402 0.33955486740725427 
0.45  19.312362530038474 0.3557692217123892 
0.46  20.29766835333033 0.37216199729757127 
0.47  21.341615707346133 0.3886594156628129 
0.48  22.4391337627931 0.4050668507525217 
0.49  23.589728503008516 0.42132315999222913 
0.5  24.784695095558078 0.4372195751591412 
0.51  26.02136354559971 0.45268943794035355 
0.52  27.290833830304685 0.467607392801797 
0.53  28.583919652407587 0.4818597919062918 
0.54  29.89117833989008 0.4953605928823369 
0.55  31.200929744949885 0.5080551320897388 
0.56  32.50531864858393 0.5199134428480154 
0.57  33.79319432686293 0.5309020699125149 
0.58  35.05485142290364 0.5410219618426624 
0.59  36.28174681940794 0.5502812012856451 
0.6  37.47188535059948 0.5587494743488555 
0.7  46.760324185361995 0.6096044373758771 
0.8  52.345306549456055 0.6290315169322735 
0.9  56.07721910018667 0.6382454133059551 
1.0  58.862865145058116 0.643605411316841 
1.1  61.08411377417926 0.6471563493315021 
1.2  62.931376995791254 0.6497135213472978 
1.3  64.50759739077353 0.6516533967218132 
1.4  65.88028472147252 0.6531839407180932 
1.5  67.09273300374264 0.6544252894283984 
1.6  68.17586786452561 0.655454154078798 
1.7  69.15239148374046 0.6563218165305759 
1.8  70.04037854867073 0.6570647836680296 
1.9  70.85259920050028 0.6577082438790042 
2.0  71.59983375027824 0.6582711318174651 
2.1  72.29077554353893 0.6587680275326827 
2.2  72.93225972754746 0.6592099121277275 
2.3  73.53007394130296 0.6596054926616957 
2.4  74.0891261547321 0.6599617597038734 
2.5  74.61307042349863 0.6602839643891347 
2.6  75.10631811346137 0.6605774035837009 
2.7  75.57130762965255 0.6608453681375435 
2.8  76.01098671679702 0.6610912805513764 
2.9  76.42738990124795 0.6613175854126898 
3.0  76.82271009985179 0.6615266655910019 
3.1  77.19837680620554 0.6617202008230864 
3.2  77.55612584012987 0.6618999467478577 
3.3  77.8976350364222 0.6620674739753329 
3.4  78.22365070082859 0.6622237631408759 
3.5  78.53555093171572 0.6623699817082075 
3.6  78.83451441530804 0.662507216318597 
3.7  79.12102521949393 0.6626360067886812 
3.8  79.39614224885766 0.6627572339625362 
3.9  79.66057798963247 0.6628715251022606 
4.0  79.91503686506513 0.662979473078968 
4.1  80.1601100108771 0.6630815796645766 
4.2  80.39637956298671 0.6631782938899764 
4.3  80.62435482591329 0.6632700312491453 
4.4  80.84450886242726 0.6633571683041573 
4.5  81.05723633416964 0.6634400153968547 
4.6  81.26301194143373 0.6635189081518087 
4.7  81.46216303192782 0.6635941104211958 
4.8  81.65508549370895 0.6636658839639759 
4.9  81.84207791113309 0.6637344417544673 
5.0  82.02343762304643 0.6637999987737189 
