#mmax= 10
#m-states: all states (FBR)
#Nr. of sites: 10
 
0.0  4.999999999999999 0.050000000000000044 
0.1  4.56579736114518 0.04146303368407289 
0.2  4.1698893116660045 0.03397378754885394 
0.3  3.813269898013445 0.02765623836872233 
0.4  3.497574649366367 0.02286018409734969 
0.41  3.4679883056293903 0.022481217486717164 
0.42  3.4388571782161512 0.0221277684125315 
0.43  3.4100761551687433 0.021793200904022036 
0.44  3.381658377249284 0.021482466721527094 
0.45  3.353593882937444 0.021191969990145387 
0.46  3.3258871112758452 0.020933800058793306 
0.47  3.298579586291121 0.020697351795476715 
0.48  3.2716183622982102 0.020458903572459164 
0.49  3.2450829060815196 0.020279314247472868 
0.5  3.218943533696962 0.020100956505622936 
0.51  3.1932611841875396 0.0199715424090664 
0.52  3.1680266865333735 0.019866170178036713 
0.53  3.1432812230990055 0.019783855742229073 
0.54  3.11904624803592 0.01972392659315969 
0.55  3.0953390804569354 0.019682825486681654 
0.56  3.072179247326337 0.01965893883572367 
0.57  3.0495830161649433 0.019649344049639472 
0.58  3.0275687386590096 0.019651760880275315 
0.59  3.0061358826664057 0.019663158749509524 
0.6  2.9852580760988148 0.01968305861076003 
0.7  2.8057969739554105 0.019892591591085695 
0.8  2.6655043968772754 0.019837312333619295 
0.9  2.549560677363144 0.019612228555858313 
1.0  2.45024847935345 0.019333670062514408 
1.1  2.3633614758108146 0.019042597965350905 
1.2  2.2861880542458826 0.018755841486743252 
1.3  2.2168910522755096 0.01848151315299129 
1.4  2.154093308570193 0.01821496827591229 
1.5  2.096772327350356 0.017953727294260702 
1.6  2.044145918146641 0.017705293202603944 
1.7  1.9955684165341092 0.017464374465600452 
1.8  1.9505119898786405 0.017232296687761606 
1.9  1.9085716767335557 0.0170201116231663 
2.0  1.8693782152986198 0.016810723341400657 
2.1  1.8326349527211145 0.0166085985777511 
2.2  1.7980932870488018 0.01641440012452766 
2.3  1.7655352863794733 0.016227559286166482 
2.4  1.7347729239846812 0.016047592377887776 
2.5  1.7056524503644748 0.015874546502789078 
2.6  1.6780142069930404 0.015707452974401792 
2.7  1.6517412660066924 0.015545826249092065 
2.8  1.6267164931278713 0.015389621608161042 
2.9  1.602847088838925 0.015238289772436353 
3.0  1.5800418451237033 0.01509165103757959 
3.1  1.5582296691310162 0.014949870403948684 
3.2  1.537334558698764 0.014812039035346891 
3.3  1.517287492091213 0.014667403498058618 
3.4  1.4980436529189922 0.014543233376509535 
3.5  1.4795413669280475 0.014411984085930918 
3.6  1.4617295692226018 0.01429417964149704 
3.7  1.4445768526603633 0.014175358851268083 
3.8  1.4280380981704346 0.014059358833226177 
3.9  1.4120761923706147 0.013946464498157951 
4.0  1.3966578728757713 0.013837295609671174 
4.1  1.3817542053741683 0.01373433555453718 
4.2  1.3673339594841905 0.013629262282502164 
4.3  1.3533714989849241 0.013526701062183233 
4.4  1.339844381501062 0.013427092752395287 
4.5  1.3267308050015203 0.013330210521918406 
4.6  1.3140078999726732 0.013235121693866758 
4.7  1.3016596450500213 0.013146866519728406 
4.8  1.2896639809217296 0.013060523161534832 
4.9  1.2780043669703798 0.012971740899977768 
5.0  1.2666660374354661 0.012884868807263916 
