#mmax= 10
#m-states: all states (FBR)
#Nr. of sites: 10
 
0.0  1.246664826812012e-23 
0.1  0.02571128757343855 
0.2  0.05591607954190519 
0.3  0.09633728688558278 
0.4  0.1558033907208981 
0.41  0.1632662066651256 
0.42  0.17106518746245364 
0.43  0.17920948752651208 
0.44  0.18769754709027017 
0.45  0.19653310013171946 
0.46  0.20571111300379386 
0.47  0.2152407454050144 
0.48  0.2250821674712015 
0.49  0.2352302992663177 
0.5  0.24562569612608737 
0.51  0.2562471181934729 
0.52  0.26703742984931633 
0.53  0.27793506981667754 
0.54  0.2888788053201894 
0.55  0.29979472870869084 
0.56  0.31063044315782434 
0.57  0.3213137143884853 
0.58  0.3317833902449009 
0.59  0.34198292164867944 
0.6  0.3518990086344552 
0.7  0.4316133393010057 
0.8  0.4831494458413895 
0.9  0.5196270333976702 
1.0  0.5478639752255784 
1.1  0.570916815853152 
1.2  0.5903940497495833 
1.3  0.6072059220600591 
1.4  0.6219691407199327 
1.5  0.6350922716627603 
1.6  0.6468746726550211 
1.7  0.6575389498661104 
1.8  0.6672654053064533 
1.9  0.6761842803326118 
2.0  0.6844061289431381 
2.1  0.69202094409277 
2.2  0.6991005475384544 
2.3  0.705705816915789 
2.4  0.7118887862958064 
2.5  0.717688876313248 
2.6  0.7231525381195758 
2.7  0.7283063665622518 
2.8  0.7331818406374713 
2.9  0.7378013412520716 
3.0  0.742188533122103 
3.1  0.7463593938955244 
3.2  0.7503324460608222 
3.3  0.7541264297418526 
3.4  0.7577486946125069 
3.5  0.7612153169621331 
3.6  0.7645379231819996 
3.7  0.7677232259059682 
3.8  0.7707823650878667 
3.9  0.7737231270889922 
4.0  0.7765532428408186 
4.1  0.779279236456806 
4.2  0.7819076594809753 
4.3  0.7844439684946863 
4.4  0.7868935142674264 
4.5  0.7892606491413409 
4.6  0.7915505397907957 
4.7  0.7937668712452086 
4.8  0.7959139108351754 
4.9  0.7979951955207031 
5.0  0.8000138688613898 
