#mmax= 10
#m-states: all states (FBR)
#Nr. of sites: 10
 
0.0 1.4210854715202004e-14
0.1 -0.05637003002370869
0.2 -0.22700513337272568
0.3 -0.5171571899699028
0.4 -0.9382729598771533
0.41 -0.988324046650317
0.42 -1.039923292481033
0.43 -1.0931008859983824
0.44 -1.147887401269468
0.45 -1.2043130430170674
0.46 -1.2624076729668428
0.47 -1.3221999280834122
0.48 -1.3837159518558262
0.49 -1.4469785023466673
0.5 -1.5120059830778843
0.51 -1.5788111726246288
0.52 -1.6474006537306707
0.53 -1.717772954189122
0.54 -1.7899186090592565
0.55 -1.8638202514534412
0.56 -1.9394514320375462
0.57 -2.0167781835400915
0.58 -2.095758933338981
0.59 -2.1763465037761818
0.6 -2.2584884399288967
0.7 -3.152711845115159
0.8 -4.144717802067753
0.9 -5.202584705913523
1.0 -6.309432653810902
1.1 -7.455270230502734
1.2 -8.633448749142744
1.3 -9.839186884358867
1.4 -11.06886575247239
1.5 -12.319646829592244
1.6 -13.589243811781287
1.7 -14.875774839673767
1.8 -16.177666278137636
1.9 -17.49358205306899
2.0 -18.82237611203982
2.1 -20.163054222635196
2.2 -21.514746849413754
2.3 -22.87668780863912
2.4 -24.248197354005413
2.5 -25.628668675823988
2.6 -27.017557557359993
2.7 -28.414373809358125
2.8 -29.818672454135083
2.9 -31.230050218560528
3.0 -32.6481382110026
3.1 -34.0725989828386
3.2 -35.50312253507016
3.3 -36.93942333718779
3.4 -38.38123842931811
3.5 -39.82832297740064
3.6 -41.280451015177995
3.7 -42.737411582418716
3.8 -44.19900859171187
3.9 -45.66505847619603
4.0 -47.13538968275695
4.1 -48.60984142557038
4.2 -50.08826270246445
4.3 -51.57051192980042
4.4 -53.05645478845351
4.5 -54.545965260380044
4.6 -56.038925006853994
4.7 -57.53522083438455
4.8 -59.034746544507705
4.9 -60.53740104908079
5.0 -62.043088519112494
