#mmax= 10
#m-states: all states (FBR)
#Nr. of sites: 10
 
0.0  -0.0 
0.1  0.006345441463011932 
0.2  0.02670082660149775 
0.3  0.06672234636926516 
0.4  0.14532749364988787 
0.41  0.15697461032532478 
0.42  0.16960065276242375 
0.43  0.1832879930770551 
0.44  0.19809508754389862 
0.45  0.2140905012830459 
0.46  0.23131837869330132 
0.47  0.2498513111769258 
0.48  0.2696287531316895 
0.49  0.2906698650938441 
0.5  0.31280773612174395 
0.51  0.33597980894246676 
0.52  0.3599770219797168 
0.53  0.38455270789371326 
0.54  0.4094337709015827 
0.55  0.4342851442502583 
0.56  0.45883583419418805 
0.57  0.4827384276310453 
0.58  0.5056860350059341 
0.59  0.5274069362903353 
0.6  0.5478024012679484 
0.7  0.6685609351882355 
0.8  0.6982889763074814 
0.9  0.7041942910452383 
1.0  0.7052052960978924 
1.1  0.705221455901467 
1.2  0.7050531760503056 
1.3  0.7048719622777769 
1.4  0.704711100589457 
1.5  0.7045731316696324 
1.6  0.7044551400901694 
1.7  0.7043530627911672 
1.8  0.7042639577065223 
1.9  0.7041853184906048 
2.0  0.7041152476487664 
2.1  0.7040523475805581 
2.2  0.7039954762158398 
2.3  0.7039437550509124 
2.4  0.7038964711443214 
2.5  0.7038528888171774 
2.6  0.7038127976693453 
2.7  0.7037757196040645 
2.8  0.7037412372854255 
2.9  0.7037090916105073 
3.0  0.7036790899560795 
3.1  0.7036509209749071 
3.2  0.7036244769619707 
3.3  0.7035994630480796 
3.4  0.7035759653777426 
3.5  0.7035537350207457 
3.6  0.7035326652363211 
3.7  0.7035126871022129 
3.8  0.7034936891701044 
3.9  0.703475601918718 
4.0  0.7034583562900065 
4.1  0.7034418928701788 
4.2  0.7034261531365191 
4.3  0.7034110889377839 
4.4  0.7033966560712798 
4.5  0.7033828142109386 
4.6  0.7033695211352898 
4.7  0.7033567412598211 
4.8  0.7033444498910364 
4.9  0.7033326122111885 
5.0  0.7033212039966891 
