0.0  -2.2204460492503128e-16  0.0
0.1  0.006531253893919977  0.0002559818771271273
0.2  0.02751859416824146  0.0005281424974141609
0.3  0.06535499000431073  0.0008243837419245083
0.4  0.14616351014600784  0.0012615047327790329
0.41  0.15660917780124217  0.0013129149812221884
0.42  0.17076321225805954  0.0013699303422515414
0.43  0.18280426624965035  0.0014200640526835962
0.44  0.19616922797530775  0.0014825100169922286
0.45  0.21375298119808103  0.0015523604961034528
0.46  0.2317067803216388  0.0016278174512527567
0.47  0.24622660061686089  0.0016787682453363523
0.48  0.2694154667032048  0.0017748077193139014
0.49  0.29059056670096745  0.0018531016251620072
0.5  0.3137618687089621  0.0019370370824025515
0.51  0.333305064667252  0.0020085125045074793
0.52  0.36078088549463627  0.002106143246440891
0.53  0.3837613613645613  0.0021853622734634625
0.54  0.4086656091442762  0.0022707623263328158
0.55  0.43303899510230665  0.0023546156354318864
0.56  0.4606197023687335  0.0024514777148287852
0.57  0.47933120648472993  0.0025141257507653955
0.58  0.504567364213243  0.0025994866279922028
0.59  0.5250998093460222  0.002666162999951351
0.6  0.5448573604753664  0.002732213534199669
0.7  0.665477162890061  0.0031152731896848967
0.8  0.7035160190601819  0.003235223065163166
0.9  0.7039722151582603  0.003235779717721613
1.0  0.7080175797868095  0.0032475060388815974
1.1  0.7029457615159526  0.003230054805213128
1.2  0.7062413443829642  0.003237445047192044
1.3  0.7072288346378962  0.0032441800527573403
1.4  0.7079364032477434  0.0032435088581819708
1.5  0.7050986552963139  0.003233359526427789
1.6  0.7025227364160367  0.0032305529064148176
1.7  0.705192686044549  0.003236770623102024
1.8  0.7005269810047823  0.003219159901741996
1.9  0.7038967223313679  0.003231696111891734
2.0  0.6977650200277487  0.0032142844171271353
2.1  0.7038384831346113  0.0032325603415725894
2.2  0.6980909246709991  0.0032130309881084015
2.3  0.6992740861954968  0.003212328859463558
2.4  0.7053512933182214  0.0032324111078803753
2.5  0.7055773141373487  0.00323214438914467
2.6  0.7050265362522545  0.003233220105817882
2.7  0.7030193544083773  0.0032279070679998006
2.8  0.704584152877896  0.003235182784507931
2.9  0.6995170948082259  0.0032149690114257703
3.0  0.7046255025766452  0.00323043003648849
3.1  0.6996268063027289  0.0032191969711894064
3.2  0.707058619039643  0.0032411209507446307
3.3  0.7090915321247754  0.0032479030582276856
3.4  0.7014971718173324  0.0032263341697969508
3.5  0.7090252939837431  0.003246778990422077
3.6  0.7016434108369077  0.0032236335269966256
3.7  0.7006630910941761  0.003215276378334454
3.8  0.7076530367141081  0.003240134413839878
3.9  0.7078904382480231  0.003241576014724596
4.0  0.7020158856280793  0.003225133897997175
4.1  0.7047756125248882  0.003226501514176561
4.2  0.7072345280725455  0.003239111786799891
4.3  0.7069657808711216  0.003238428909992362
4.4  0.6936528611283601  0.0031968820318702415
4.5  0.7062273742197189  0.0032367489193744804
4.6  0.7006554867590306  0.003223445591742
4.7  0.702117475070102  0.0032196069650286805
4.8  0.7045726994736561  0.003234653457302436
4.9  0.7068710906482425  0.0032390885072740533
5.0  0.7125595442727882  0.003250526050979758
0.0  -2.2204460492503128e-16  0.0
0.1  0.0062595245133116395  0.0002505842161666545
0.2  0.026348705953787795  0.0005165983099004012
0.3  0.06673988263457202  0.0008351565510076448
0.4  0.1463413868724974  0.0012579364868860062
0.41  0.1590291657185871  0.0013233896474162683
0.42  0.16985509295146684  0.0013656749085755367
0.43  0.18420076482316466  0.0014311169537501926
0.44  0.19687415317145462  0.0014851105400102017
0.45  0.21244487625750655  0.0015499755106920378
0.46  0.23228063344956518  0.0016328818453017558
0.47  0.25122176263901214  0.0017041476268935827
0.48  0.2708427910700825  0.001775602799829887
0.49  0.28884521628453114  0.0018480507853743649
0.5  0.3119158063091493  0.001928516871012254
0.51  0.3389865283830034  0.002031188980642891
0.52  0.3609062280719601  0.0021072871028480237
0.53  0.38958960699587125  0.002206952062653151
0.54  0.4143825406062416  0.002286386855955481
0.55  0.433236371753919  0.0023524901300617045
0.56  0.4581289790286437  0.002442091356542961
0.57  0.4827021363766174  0.0025208595027606195
0.58  0.5052181922585587  0.0025973014795908846
0.59  0.525773461897542  0.0026661875819911913
0.6  0.5499467594943073  0.0027425937814765694
0.7  0.6698322855303783  0.0031345960994817413
0.8  0.6970373929991991  0.003217785353941307
0.9  0.7061890368658241  0.003241840632677937
1.0  0.7049206956491753  0.0032443232166464346
1.1  0.7073085561344736  0.003248201926078494
1.2  0.7075898790347769  0.0032412613717162897
1.3  0.7030735937245098  0.0032291355864597143
1.4  0.7039503788381603  0.003235996126529743
1.5  0.70227171027278  0.0032277090447523533
1.6  0.7090483674294644  0.0032478769168600664
1.7  0.7071656964689046  0.0032419280023045973
1.8  0.7026129093553156  0.0032286909370749964
1.9  0.7010585890368038  0.0032218893025071295
2.0  0.7052447169609537  0.0032325919690340764
2.1  0.7051202365925532  0.003232987309596671
2.2  0.7012755155797785  0.0032261031179362915
2.3  0.705901414187058  0.003235295698174685
2.4  0.7040132092713038  0.003228729229857903
2.5  0.7047960260746065  0.0032324678909328142
2.6  0.7066033494904013  0.003237058891079029
2.7  0.7011394763707306  0.0032200740397495746
2.8  0.7045135297763359  0.003232216710479675
2.9  0.700770566568227  0.00322097879929009
3.0  0.7042104401071467  0.003229137750480167
3.1  0.7054115914992902  0.003235093913803587
3.2  0.7022417862502625  0.00322187269584047
3.3  0.7025175503893  0.003223470406894066
3.4  0.7045344269468445  0.0032319188430847646
3.5  0.7032923392739999  0.0032255256380775785
3.6  0.7011340795285464  0.0032226678458940096
3.7  0.7117339847012538  0.003252547587860354
3.8  0.7051211166957376  0.0032333672725352153
3.9  0.7063954225206381  0.0032369117218613366
4.0  0.7013580248097829  0.0032205353120745876
4.1  0.7067249745453392  0.0032380550661239536
4.2  0.702258318517445  0.0032233756410292927
4.3  0.7007604123797385  0.003223120187248376
4.4  0.7046146940486092  0.0032302634008150293
4.5  0.6999602308661937  0.0032148160068038926
4.6  0.7024598441947302  0.0032235414716131443
4.7  0.7035759975599023  0.003225385990181958
4.8  0.7055927772571869  0.003236780024931475
4.9  0.7062188913535862  0.003234783596279803
5.0  0.7018715386596364  0.00321869383754738
