#mmax= 10
#m-states: all states (FBR)
#Nr. of sites: 10
 
0.0  0.0 
0.1  0.02297496737172503 
0.2  0.07702419936346219 
0.3  0.1599271007919812 
0.4  0.28541885499628233 
0.41  0.3014350127106508 
0.42  0.31822538493460883 
0.43  0.33580524582615673 
0.44  0.3541473556508807 
0.45  0.3732308769332806 
0.46  0.3929985842503411 
0.47  0.41342461697815724 
0.48  0.4343304564921338 
0.49  0.45563734876005463 
0.5  0.4770870721791574 
0.51  0.49855556437652604 
0.52  0.5198015790562664 
0.53  0.5405890656163607 
0.54  0.5606958585473134 
0.55  0.5798936123099687 
0.56  0.5980369373206816 
0.57  0.6149551508354076 
0.58  0.63053152939578 
0.59  0.6446949125813575 
0.6  0.6574944578685938 
0.7  0.7228602972051561 
0.8  0.7341992242686032 
0.9  0.7345991741467205 
1.0  0.733478466438291 
1.1  0.7323879379260139 
1.2  0.7315096955023798 
1.3  0.7308129472174074 
1.4  0.7302498144217587 
1.5  0.7297834451492288 
1.6  0.7293908087534571 
1.7  0.729053258999574 
1.8  0.728759801287463 
1.9  0.7285013709075936 
2.0  0.7282714284756526 
2.1  0.7280652051961001 
2.2  0.7278788954233033 
2.3  0.7277095724884886 
2.4  0.7275548496088122 
2.5  0.7274121131959923 
2.6  0.7272810631998959 
2.7  0.7271599022721439 
2.8  0.7270472788386314 
2.9  0.7269423432470586 
3.0  0.7268443973241695 
3.1  0.7267524933020113 
3.2  0.7266662368817041 
3.3  0.7265845776136841 
3.4  0.7265079705538626 
3.5  0.7264355379559216 
3.6  0.7263669228949425 
3.7  0.726301861453513 
3.8  0.7262400216314886 
3.9  0.7261811623855483 
4.0  0.7261250599943925 
4.1  0.7260715174108523 
4.2  0.7260203448728478 
4.3  0.7259713793777242 
4.4  0.7259244826320345 
4.5  0.7258795185453805 
4.6  0.7258363442148166 
4.7  0.7257948530972527 
4.8  0.7257549556943823 
4.9  0.7257165422111503 
5.0  0.7256795318611173 
