#mmax= 10
#m-states: all states (FBR)
#Nr. of sites: 10

0.0  0.0 0.0 0.0 NaN NaN 0.0 
0.1  -0.00024 0.0010004046341827498 0.10008094320943213 -0.1190100638680599 39.26802765468621 0.0 
0.2  -6.0e-5 0.002003706593391639 0.4014840112401126 0.04462587109653545 9.48843183759308 0.0 
0.3  -0.0012 0.0029914670462418413 0.8948875088750885 0.021383065116045534 3.8268069660639856 0.0 
0.4  -0.003 0.004043077227154418 1.634647346473465 0.0329925147603468 1.794135639697246 0.0 
0.41  -0.0001 0.004145910248150321 1.7188571785717852 0.015174616170816365 1.728446378959088 0.0 
0.42  0.00416 0.004244432482213725 1.8015207096070962 0.011479497553493053 1.6646993540575128 0.0 
0.43  0.00014 0.0043696900056992 1.909419074590747 0.02246717938019443 1.5237174557191508 0.0 
0.44  0.00386 0.004463322777539415 1.9921250216502162 -0.004078902684575237 1.396037520745418 0.0 
0.45  0.00142 0.004580370032420563 2.0979789633896346 0.0054044223057685 1.2669884894596724 0.0 
0.46  0.00308 0.00468206411246616 2.1921724353243532 -0.005698499586529439 1.2123738473396966 0.0 
0.47  -0.00742 0.004758915413070408 2.2647275908759092 -0.021239519743976174 1.1570612230565827 0.0 
0.48  -0.00402 0.0048973950464285 2.3984478240782408 0.015863941839233325 1.0743906116033184 0.0 
0.49  -0.0053 0.004990187182830038 2.490196811968119 -0.01632908197241749 0.9945291370077083 0.0 
0.5  -0.0042 0.005100282710677643 2.6012883728837286 0.0035791297355606557 0.8968034117241568 0.0 
0.51  0.00246 0.005223926911636857 2.728941237812379 -0.010376953815402127 0.8450263771325357 0.0 
0.52  0.00336 0.005300808248718388 2.8098568089680898 0.0065216495098406905 0.7919082830519266 0.0 
0.53  0.00268 0.005424557349150652 2.9425822434224345 4.329983306653296e-6 0.762396770833687 0.0 
0.54  -0.00972 0.005518492525463594 3.0453759753597556 -0.0033412578701671465 0.7108457307983538 0.0 
0.55  -0.01392 0.00560342540949402 3.139837631976322 -0.006197268613799769 0.6310243949968224 0.0 
0.56  -0.01026 0.005735126523518238 3.28916762407624 -0.006967007546759486 0.5968230740169798 0.0 
0.57  0.00098 0.005801648643900273 3.3659126987269876 -0.001278621710597568 0.534941355968483 0.0 
0.58  0.0008 0.005898299882119848 3.478994149941501 -0.0010894689276148928 0.4909243079713592 0.0 
0.59  -0.01202 0.0059946071221678495 3.593531454914551 0.00428407463265032 0.46091853208651434 0.0 
0.6  -0.0003 0.006083680564567153 3.701116921169211 0.005894627060212282 0.4477612953777159 0.0 
0.7  0.00246 0.006809053026378277 4.636320311603117 0.007174748055544243 0.20101843406423825 0.0 
0.8  -0.01026 0.007295085983509383 5.321827950679506 -0.0007131095044622428 0.16672479053086153 0.0 
0.9  -0.00084 0.007651965660520484 5.855257846978469 0.014457455408724373 0.1118918117353509 0.0 
1.0  0.00248 0.008013474942483225 6.421578065380653 -0.01002521932390432 0.10378013316220747 0.0 
1.1  -0.00538 0.008259975352743388 6.822719282792826 -0.0013311477209329268 0.10224766549560993 0.0 
1.2  -0.00486 0.008517281799077242 7.254408924489246 -0.0071771090140698365 0.070199886882786 0.0 
1.3  0.00558 0.008767351783781293 7.686645730057302 0.0033882737726558918 0.05389352770135769 0.0 
1.4  -0.00662 0.008934336012239509 7.982235997959976 0.005770101521832165 0.03091424105387164 0.0 
1.5  0.0108 0.009151287945459403 8.374607106071057 -0.01196854705064318 0.04110304399975728 0.0 
1.6  0.00176 0.00937439319724099 8.787924781647815 -0.007462301581364755 0.0559367136314326 0.0 
1.7  -0.01226 0.009511708660909274 9.04726016500165 -0.00687783079618328 0.057515338110083025 0.0 
1.8  0.00826 0.00971064676994313 9.429666069060692 0.003017501419444659 0.08790666633310451 0.0 
1.9  0.00108 0.009837609268595757 9.677855612156117 -0.015470210001113514 0.01752331256765416 0.0 
2.0  0.01208 0.009978152953897014 9.956353637136372 -0.0038966884513546517 0.050574844062762914 0.0 
2.1  0.0218 0.010157808789832289 10.318107941079411 -0.010734285441759927 0.03464486694529434 0.0 
2.2  0.01104 0.010227131911062419 10.459422712627125 -0.0027485666871711334 -0.0014862298080355885 0.0 
2.3  0.0031 0.010436157963251149 10.891339303393035 0.015047997223254249 0.02467167538263393 0.0 
2.4  0.01244 0.010494472535746518 11.013395380353794 0.0005303093638799124 0.01675366977267645 0.0 
2.5  0.01342 0.010631224259947326 11.302292926529258 0.011708765197551 0.03069513036639826 0.0 
2.6  -0.01338 0.010790948716481884 11.6444574201742 0.005233840373899891 0.024401916159268122 0.0 
2.7  0.0049 0.010900850800991723 11.882854818548187 0.003303688364393842 -0.02324689521242984 0.0 
2.8  -0.01944 0.011007262714332054 12.115983246232467 -0.0019110837702823477 0.03004097260946148 0.0 
2.9  -0.00432 0.011100353397728182 12.32178455544556 -0.012122305464031327 0.03722764830622216 0.0 
3.0  0.00384 0.011222348771764295 12.594111195511957 -0.0037724190245507646 0.031637666703155265 0.0 
3.1  -0.00224 0.011329308600101489 12.835323335633356 -0.006690797507557511 0.020962240067329052 0.0 
3.2  0.00304 0.01148245731767641 13.184682605226051 -0.00039276444576005423 0.04151287302961837 0.0 
3.3  -0.00602 0.011536852629104952 13.309896858568584 0.0027739236829026123 0.016456327587595965 0.0 
3.4  -0.00272 0.011624030161556359 13.511807719677194 0.01025429887628226 0.03484874720252318 0.0 
3.5  0.02106 0.011745694716679973 13.796134437744383 0.0008578752525419045 -0.0033525686837858615 0.0 
3.6  0.00984 0.01181868133745409 13.968122855628557 0.007061277340338876 -0.0005263110791027259 0.0 
3.7  -0.02194 0.01191081042742476 14.186740503805039 0.001612691087796935 0.018315879251143752 0.0 
3.8  0.0135 0.01195535055128322 14.293040680406802 -0.006142329755720117 0.019211778955020797 0.0 
3.9  0.00374 0.01212445999413176 14.700253014930151 -0.0051392612120310455 0.015712065475614878 0.0 
4.0  -0.01332 0.01220211927056718 14.889171469314693 0.007072568346535301 -0.003754463544765496 0.0 
4.1  0.01922 0.012249955368492788 15.006140653006529 -0.011382376963895092 0.010223773374433698 0.0 
4.2  0.01382 0.012323863389866366 15.187760885208851 0.007715054083223153 0.027180335991439986 0.0 
4.3  -0.00222 0.01237831502842085 15.322268294282948 0.004898707880574963 0.021120006930416935 0.0 
4.4  0.01838 0.012492981329603635 15.607458250182502 0.0047352425608637935 0.014457433913848128 0.0 
4.5  0.00198 0.012537094263956298 15.71787325833259 -0.00013870511512644964 0.016948634307563992 0.0 
4.6  0.00692 0.012621422825463907 15.930031413914135 0.011397593745959219 -0.003917673570489999 0.0 
4.7  -0.00722 0.012770462386424996 16.308470956309563 0.011258618617390687 0.009596584221880367 0.0 
4.8  0.00244 0.01281239954262356 16.41575820398204 -0.013863877604811147 0.02277860274954424 0.0 
4.9  0.0002 0.012848161360774681 16.50752503525035 -0.005074008055147542 0.043194183466274794 0.0 
5.0  0.00396 0.012967895929843381 16.816632484724853 0.002497367246921262 0.05147245142276047 0.0 
