#mmax= 10
#m-states: all states (FBR)
#Nr. of sites: 10
 
0.0  -7.071623151912876e-47 
0.1  0.0024808980803338997 
0.2  0.009690095874773826 
0.3  0.020899399461354044 
0.4  0.03470600911169107 
0.41  0.0361450251055006 
0.42  0.03758140828122367 
0.43  0.0390122126844288 
0.44  0.040433161665108984 
0.45  0.041840259800419395 
0.46  0.04322972540662426 
0.47  0.04459526155640886 
0.48  0.0459342603505485 
0.49  0.04724194261806086 
0.5  0.048514410314032114 
0.51  0.04974842348713673 
0.52  0.050941077467411264 
0.53  0.05209041992708142 
0.54  0.05319471853626763 
0.55  0.054254423240270494 
0.56  0.05526923054334 
0.57  0.05624106921237913 
0.58  0.05717198080255967 
0.59  0.05806523539465163 
0.6  0.05892278844739033 
0.7  0.06622943869173224 
0.8  0.0724707020120869 
0.9  0.07820061952395342 
1.0  0.0835167583358719 
1.1  0.08848309632908802 
1.2  0.09315374902438775 
1.3  0.09758031991222572 
1.4  0.10179845682529072 
1.5  0.10583966011002402 
1.6  0.10972583656539861 
1.7  0.11347743965903868 
1.8  0.11710730486952325 
1.9  0.12062927941165574 
2.0  0.12405250369986091 
2.1  0.12738518994174167 
2.2  0.1306348751519867 
2.3  0.1338081637406112 
2.4  0.13691023437350497 
2.5  0.1399480478501744 
2.6  0.14292128543264343 
2.7  0.14583736930152771 
2.8  0.14869778444914805 
2.9  0.15150681567100877 
3.0  0.15426591647513657 
3.1  0.1569795191362693 
3.2  0.15964942055753262 
3.3  0.16227258563174826 
3.4  0.1648611205909697 
3.5  0.16740872452903127 
3.6  0.1699212147926263 
3.7  0.17239880044341402 
3.8  0.174842087706495 
3.9  0.17725329318879565 
4.0  0.1796333867348901 
4.1  0.18198410322555097 
4.2  0.18430522451941453 
4.3  0.18659899072887534 
4.4  0.18886576901224328 
4.5  0.1911071745117764 
4.6  0.19332337401109326 
4.7  0.19551625365620282 
4.8  0.19768577982937222 
4.9  0.19983166531127655 
5.0  0.20195567437594059 
