#mmax= 10
#m-states: all states (FBR)
#Nr. of sites: 10
 
0.0  -7.16862626670938e-8 
0.1  -8.038731702286153e-12 
0.2  -1.6796995621636552e-10 
0.3  -3.119662508614267e-7 
0.4  -1.4774593476305133e-7 
0.41  2.706017790157777e-6 
0.42  -2.3460657068253386e-7 
0.43  -3.849330842011303e-6 
0.44  -1.8716808550270087e-5 
0.45  -1.4305041111600048e-5 
0.46  2.6515225240076503e-6 
0.47  -7.210449382392743e-6 
0.48  -3.937631343173173e-6 
0.49  -1.76359217303812e-5 
0.5  -1.288125139294908e-5 
0.51  6.979200438382647e-5 
0.52  5.1204564662536e-6 
0.53  -9.079334304440071e-6 
0.54  -8.132124132121585e-6 
0.55  -4.465978143599968e-6 
0.56  -2.6118673005883896e-6 
0.57  2.2491696684787587e-5 
0.58  1.0792654323673964e-5 
0.59  1.8829231761412608e-5 
0.6  1.1039935234941732e-5 
0.7  1.4122925981745185e-6 
0.8  -5.772650306027068e-7 
0.9  6.0646497405821855e-5 
1.0  9.690358815329177e-5 
1.1  0.0004972353763379498 
1.2  0.0006540050528358041 
1.3  0.0007982668254068418 
1.4  0.001050105167800024 
1.5  0.0014042417140252214 
1.6  0.0018609377979381299 
1.7  0.001628869984377902 
1.8  0.0013164557490158342 
1.9  0.0012083478309930914 
2.0  0.0011863370830799917 
2.1  0.0012329504945774875 
2.2  0.0012433439973090433 
2.3  0.0014113333604772395 
2.4  0.0014544026560375323 
2.5  0.0014436670496485848 
2.6  0.0014630839350360067 
2.7  0.0015097263043883928 
2.8  0.0015090696996407048 
2.9  0.0016360747286671444 
3.0  0.0016353358303417768 
3.1  0.0016401163062853674 
3.2  0.0016828526536288631 
3.3  0.0017167854619733506 
3.4  0.0017384530286765018 
3.5  0.0017310392789813382 
3.6  0.0018123948979835356 
3.7  0.0017904904358513683 
3.8  0.0018129056512614199 
3.9  0.0018160365602051293 
4.0  0.0018402870224836117 
4.1  0.0018403184485920646 
4.2  0.0018709283400545683 
4.3  0.001860092980205496 
4.4  0.001902766585087595 
4.5  0.0018936571164177456 
4.6  0.0019088540726563896 
4.7  0.0019232711567948116 
4.8  0.0019271638572176627 
4.9  0.001934821326751928 
5.0  0.0019448602832916953 
