#mmax= 10
#m-states: all states (FBR)
#Nr. of sites: 10

0.0  -2.2204460492503128e-16  0.0
0.1  -0.0  6.884500452813639e-19
0.2  0.00014995446588139387  3.8718305566840335e-5
0.3  0.002011753210720142  0.00014189891223599543
0.4  0.01053222686768646  0.0003251839418328655
0.41  0.011085040085801575  0.0003336972945938832
0.42  0.013052399719739606  0.00036299438122861823
0.43  0.01426944363909314  0.0003851731515380903
0.44  0.015770662556706175  0.00039834126221539667
0.45  0.018381187694655438  0.00043015799139633435
0.46  0.019437961268741834  0.00044865346413188996
0.47  0.022250128716109006  0.00047428665820059026
0.48  0.025007423983510982  0.0005057394011984155
0.49  0.027533919069214822  0.0005289781501457315
0.5  0.029481788162060842  0.0005489388141982464
0.51  0.0338836683704155  0.0005869798693650642
0.52  0.03558478873964045  0.0006041481527803406
0.53  0.03883874239606243  0.0006289399369305074
0.54  0.04199282327285202  0.0006609933155759658
0.55  0.0461667717137739  0.0006911784515128274
0.56  0.04874607262585582  0.0007098432307893318
0.57  0.05262021299446794  0.0007339333344305524
0.58  0.056393739591024235  0.000767893577156561
0.59  0.058808569008157646  0.0007889470981221016
0.6  0.06208860291461816  0.0008123710948254662
0.7  0.0934827925355972  0.0009989672727814328
0.8  0.1143859178428865  0.0011220197284286565
0.9  0.1287479496556902  0.0012423695570364759
1.0  0.13954924504812988  0.0013050764401552732
1.1  0.14604612605064046  0.0013823359895870958
1.2  0.15562622232607354  0.0014640331392099303
1.3  0.16253456565253963  0.0014930844161096118
1.4  0.16219099046230426  0.0015539145104706124
1.5  0.16599836475148175  0.0015947934158564816
1.6  0.16554500945097636  0.00165903810868552
1.7  0.17071655329731705  0.0016455519179363134
1.8  0.16635924210312789  0.0017040856989103208
1.9  0.1719988079041302  0.0017052728867660732
2.0  0.1661275959843873  0.0017687985267418307
2.1  0.16692974062524885  0.0018053771975636798
2.2  0.16828803157834293  0.001762125159441244
2.3  0.16170388329587682  0.001815798425962335
2.4  0.15958895548137217  0.001832737071410749
2.5  0.15899630611586507  0.0018402217679572659
2.6  0.1588963911612359  0.0018169840680499101
2.7  0.15447606099558542  0.0018630495350741908
2.8  0.15219071663811914  0.001837916483973764
2.9  0.15271016158351014  0.001864262227359888
3.0  0.15271635200168077  0.0018755157611691387
3.1  0.1536513745988636  0.0018255642613992829
3.2  0.1506654290277653  0.0018398964956374965
3.3  0.1502245568152019  0.001841181582342602
3.4  0.14425770835479093  0.0018385661644747789
3.5  0.14616492673018044  0.0018351797357942722
3.6  0.1474326239412938  0.0018017728440033762
3.7  0.14524658664165377  0.0017884700115434772
3.8  0.14321096130976288  0.0018012469089387039
3.9  0.1399625747576972  0.0017793473077059965
4.0  0.13916716674133828  0.001810417692926261
4.1  0.13852950074917725  0.001733881827104467
4.2  0.13936153175321453  0.0017763639579814088
4.3  0.13656526928982138  0.0017638290688668213
4.4  0.1397035586766373  0.0017080463038559779
4.5  0.13363495714517948  0.001723455408363836
4.6  0.13546037726143711  0.001727612780882894
4.7  0.12981782713137036  0.001743157941853026
4.8  0.13290472443689036  0.0017057374353278735
4.9  0.12927324848012858  0.0017271416795270967
5.0  0.13077979223354239  0.0016891331351210023
