#mmax= 10
#m-states: all states (FBR)
#Nr. of sites: 10

0.0  1.0000000000000002  0.0
0.1  1.0  6.884500452813639e-19
0.2  0.9998500567767276  3.8712500019303995e-5
0.3  0.9979902690084743  0.00014161373359441098
0.4  0.9895230428258749  0.00032177700360056937
0.41  0.9889761725806484  0.0003300186732079757
0.42  0.987032413443363  0.00035828722017046323
0.43  0.9858318823440992  0.00037971597300920455
0.44  0.9843530431811351  0.0003921084336863402
0.45  0.9817867160055219  0.0004223234017365387
0.46  0.9807497377707615  0.0004400167672972948
0.47  0.9779955796761135  0.000463850255219533
0.48  0.975302671370505  0.0004932489890061342
0.49  0.9728416841094005  0.0005146119944448487
0.5  0.9709485602380038  0.0005329913513045444
0.51  0.966683954016334  0.0005674240210458114
0.52  0.9650409061588653  0.0005830276808133445
0.53  0.961905811266671  0.0006049809802711485
0.54  0.9588766621439637  0.0006338110641389538
0.55  0.9548827014864135  0.0006599943469897647
0.56  0.9524229452529739  0.0006760709805362619
0.57  0.9487402632923033  0.0006963121049466404
0.58  0.9451669129819901  0.0007257876018197644
0.59  0.9428872497231717  0.0007438881595254257
0.6  0.9397996141170748  0.0007634660414368386
0.7  0.9107536890530484  0.0009098131289289529
0.8  0.8919136840513698  0.0010007447495611204
0.9  0.879195539158918  0.0010922857725333105
1.0  0.8697501912597471  0.0011350904834336387
1.1  0.8641178439219466  0.0011945011948977116
1.2  0.8558790390675288  0.0012530352763500128
1.3  0.8499867093723574  0.0012691019096641566
1.4  0.8502787938913514  0.001321260555773222
1.5  0.8470476193216315  0.0013508659662110453
1.6  0.8474317199100716  0.0014059215178397226
1.7  0.8430605023277691  0.0013872998265418122
1.8  0.8467419941699671  0.0014429209229318471
1.9  0.841980176888993  0.0014358059668433019
2.0  0.8469381613863012  0.0014980629721015244
2.1  0.8462590668814257  0.001527816822579243
2.2  0.8451103811482326  0.00148919026512628
2.3  0.8506930716759646  0.0015446871405262804
2.4  0.8524941299976962  0.001562397595206832
2.5  0.8529995098446685  0.0015697082660730373
2.6  0.8530847415098815  0.0015500413840199305
2.7  0.8568640043677579  0.0015963800849591607
2.8  0.8588244730049637  0.0015784476557759036
2.9  0.8583784768187438  0.0016002425711118993
3.0  0.8583731631134707  0.0016098923963839221
3.1  0.8575709399159995  0.0015655508595252404
3.2  0.8601354268697893  0.0015825601576713874
3.3  0.860514720282357  0.0015843638543185715
3.4  0.8656646303031088  0.0015915816990578642
3.5  0.864015192232552  0.0015856231722035721
3.6  0.8629205765502155  0.0015547868613599149
3.7  0.864809016465194  0.0015466849916604087
3.8  0.86657123660782  0.001560908761315026
3.9  0.8693907719502539  0.0015469481294141222
4.0  0.8700825674329745  0.0015752128743873636
4.1  0.8706375664297856  0.0015095826544270635
4.2  0.8699134702582416  0.0015452829351292727
4.3  0.8723493807768831  0.0015386751960222377
4.4  0.8696159873068545  0.0014853443728935398
4.5  0.8749093857367176  0.0015078673126762275
4.6  0.8733137653259607  0.0015087480226980941
4.7  0.8782554106556839  0.0015309378940598461
4.8  0.8755485065120187  0.0014934558640029606
4.9  0.8787338200566144  0.0015176978058298425
5.0  0.8774109658281859  0.0014820639354989102
