#mmax= 10
#m-states: all states (FBR)
#Nr. of sites: 10
 
0.0  1.1219983441308107e-22 
0.1  0.45374060507897196 
0.2  0.9314745925777409 
0.3  1.465672861198655 
0.4  2.1102860516167805 
0.41  2.183767287761329 
0.42  2.2592601724711963 
0.43  2.3368238989487575 
0.44  2.4164212287008326 
0.45  2.498062853729908 
0.46  2.581697174801038 
0.47  2.667343655082697 
0.48  2.7547136425966685 
0.49  2.8437388352706137 
0.5  2.933966638507299 
0.51  3.0252272470562387 
0.52  3.117090326074812 
0.53  3.2090982945062803 
0.54  3.300798842762412 
0.55  3.3916607668994714 
0.56  3.481311808518528 
0.57  3.5692420918036194 
0.58  3.6550286469348072 
0.59  3.738288559736016 
0.6  3.818956988465532 
0.7  4.462360476232462 
0.8  4.878179599560793 
0.9  5.173570201397402 
1.0  5.402436178838119 
1.1  5.589145481937384 
1.2  5.7466443672038805 
1.3  5.882387107685815 
1.4  6.001399243769234 
1.5  6.107046341822273 
1.6  6.201780895119263 
1.7  6.287437204397429 
1.8  6.3654769680451615 
1.9  6.436976516598887 
2.0  6.502834732555305 
2.1  6.56378354714187 
2.2  6.620410294454291 
2.3  6.673211353094348 
2.4  6.722608366864369 
2.5  6.768930972671527 
2.6  6.812536276989565 
2.7  6.853653681477946 
2.8  6.892530894353928 
2.9  6.929353693754437 
3.0  6.96430877633858 
3.1  6.997532091938566 
3.2  7.02917061858804 
3.3  7.059363655632703 
3.4  7.088192470188861 
3.5  7.1157704681919505 
3.6  7.142196226352342 
3.7  7.167525672077778 
3.8  7.191844760418438 
3.9  7.2152177515364055 
4.0  7.237706079631275 
4.1  7.259363096138792 
4.2  7.280239534702973 
4.3  7.300381017415246 
4.4  7.319829483049541 
4.5  7.3386212935458905 
4.6  7.356796288384971 
4.7  7.374385524983177 
4.8  7.391421963643535 
4.9  7.407932958426218 
5.0  7.4239449415185295 
