#mmax= 10
#m-states: all states (FBR)
#Nr. of sites: 10
 
0.0  1.5113575879739073e-56 
0.1  -0.22233901691802502 
0.2  -0.4282298767005942 
0.3  -0.5986372792284099 
0.4  -0.7080555351286976 
0.41  -0.7143714277751987 
0.42  -0.7196734853091137 
0.43  -0.7239385112101487 
0.44  -0.7271433048884012 
0.45  -0.729264952544433 
0.46  -0.7302971577668936 
0.47  -0.7301769464375677 
0.48  -0.7289741353558549 
0.49  -0.7266661418737541 
0.5  -0.7233353733725124 
0.51  -0.7190031833149826 
0.52  -0.7137534574309651 
0.53  -0.7076826661561822 
0.54  -0.7008895948807072 
0.55  -0.6935082085212535 
0.56  -0.685637820098109 
0.57  -0.6774186623072513 
0.58  -0.668978134730699 
0.59  -0.6604422648979011 
0.6  -0.6518659107554349 
0.7  -0.5778404225234105 
0.8  -0.5298345869882874 
0.9  -0.4969269008183699 
1.0  -0.4716604018079138 
1.1  -0.4508941392590162 
1.2  -0.43309791945763065 
1.3  -0.41753380914528393 
1.4  -0.40367697728983976 
1.5  -0.3912158968574309 
1.6  -0.3799088412240732 
1.7  -0.36958665560243587 
1.8  -0.36008832028708276 
1.9  -0.3513179936053807 
2.0  -0.34317957206706257 
2.1  -0.33559505030693954 
2.2  -0.3285053666082018 
2.3  -0.3218590008522465 
2.4  -0.31560929020211115 
2.5  -0.30973108585229625 
2.6  -0.3041634339133836 
2.7  -0.29889638241767985 
2.8  -0.2938943286166854 
2.9  -0.2891416224857919 
3.0  -0.28461197823965306 
3.1  -0.2802975468788464 
3.2  -0.27617860404064065 
3.3  -0.27222578795602986 
3.4  -0.2684542186762977 
3.5  -0.264832615532753 
3.6  -0.2613549177143452 
3.7  -0.25801663892406396 
3.8  -0.2548034746276384 
3.9  -0.2517096077354757 
4.0  -0.24872689406390758 
4.1  -0.24584996802753756 
4.2  -0.24307059937419612 
4.3  -0.2403853009630688 
4.4  -0.23778785464270374 
4.5  -0.2352754512738222 
4.6  -0.23284143026780918 
4.7  -0.23048368377630024 
4.8  -0.22819676612695616 
4.9  -0.2259761987398909 
5.0  -0.22382012176602128 
