#mmax= 5
#m-states: all states (FBR)
#Nr. of sites: 50
 
0.0  25.00000000000006 0.010000000000002451 
0.1  30.90092996840044 0.014759051245994192 
0.2  40.15890455870542 0.02271751122711141 
0.3  57.513789046205446 0.03928463745453736 
0.4  106.1982719494403 0.09588967989834962 
0.41  116.72728697424228 0.10964963036491548 
0.42  129.7463206899952 0.12707043022872178 
0.43  146.3285843654616 0.14978583377014498 
0.44  168.35821722630362 0.18048970587684465 
0.45  198.13728010299917 0.22137742622591217 
0.46  240.10081211675885 0.2757610839832121 
0.47  300.49800077668186 0.3447238435879064 
0.48  385.7163909754639 0.42350421651405923 
0.49  494.9364972123311 0.4987960996103683 
0.5  612.6294802742555 0.5567200500651398 
0.51  716.205280269763 0.5930817188302777 
0.52  798.1596372813605 0.6140601524268806 
0.53  862.021336137482 0.6262813422499958 
0.54  913.5033061561253 0.6338911840824725 
0.55  956.7529884997962 0.6390233021218208 
0.56  994.1719063322262 0.642710009157983 
0.57  1027.2607402068516 0.6454947361598318 
0.58  1056.9677860807947 0.6476773566368216 
0.59  1083.9486647667113 0.6494361413975068 
0.6  1108.6683906021967 0.6508836851938086 
0.7  1282.5734029775665 0.6579011622817097 
0.8  1390.7174831873858 0.6604625935750514 
0.9  1469.0772036134836 0.6618112427972268 
1.0  1530.3837893751202 0.6626556851704877 
1.1  1580.61510016369 0.663240393212182 
1.2  1623.0439124347436 0.6636718919119626 
1.3  1659.6660970768119 0.6640051035786492 
1.4  1691.7910900893553 0.664271091671972 
1.5  1720.325715323713 0.6644886206492465 
1.6  1745.9276554318435 0.664670123488635 
1.7  1769.089187225828 0.6648240077721278 
1.8  1790.1883934408706 0.6649561777326141 
1.9  1809.5238260537888 0.6650709984360379 
2.0  1827.3312885720247 0.6651716245578823 
2.1  1843.8114994692594 0.6652605965321552 
2.2  1859.1217146558863 0.6653398129868849 
2.3  1873.3961115776979 0.665410785996366 
2.4  1886.7482223383743 0.6654747385526893 
2.5  1899.274868808515 0.6655326637502235 
2.6  1911.0597124687033 0.6655853792564899 
2.7  1922.1685846988848 0.6656335256646513 
2.8  1932.6695775844432 0.6656776959375263 
2.9  1942.6112906042097 0.6657183357872345 
3.0  1952.0457495539204 0.6657558666537087 
