#mmax= 5
#m-states: all states (FBR)
#Nr. of sites: 50
 
0.0  2.529088943237322e-31 
0.1  0.025788088988762916 
0.2  0.05661067684795268 
0.3  0.09933491271266007 
0.4  0.16716461431653967 
0.41  0.17639519478999993 
0.42  0.186299564140678 
0.43  0.19698268954816348 
0.44  0.20858308048244856 
0.45  0.22127845177042388 
0.46  0.23531677109569063 
0.47  0.2510020513119563 
0.48  0.2685514753642531 
0.49  0.28758654792645827 
0.5  0.3067014598162501 
0.51  0.3241106081336891 
0.52  0.339247605788386 
0.53  0.35243049051832176 
0.54  0.36415592034803096 
0.55  0.3748003598147711 
0.56  0.3845947107562128 
0.57  0.39369363130957585 
0.58  0.4022033432988616 
0.59  0.4102031384338221 
0.6  0.4177542562141573 
0.7  0.4764352094874675 
0.8  0.5171535435361788 
0.9  0.5482240792902605 
1.0  0.5732557612354546 
1.1  0.594147225430211 
1.2  0.612015862522623 
1.3  0.6275783919901707 
1.4  0.6413222870679466 
1.5  0.653593936832334 
1.6  0.6646502499732505 
1.7  0.6746866708889171 
1.8  0.6838552366873963 
1.9  0.6922774566820067 
2.0  0.7000503245986724 
2.1  0.7072563112530408 
2.2  0.7139610826310366 
2.3  0.72022083303173 
2.4  0.7260833552826117 
2.5  0.731589421599414 
2.6  0.7367744252619224 
2.7  0.7416668051820188 
2.8  0.746294997674207 
2.9  0.7506802483114124 
3.0  0.7548445064327466 
