#mmax= 5
#m-states: all states (FBR)
#Nr. of sites: 50
 
0.0 3.556550214990415e-28
0.1 -0.3070430396720383
0.2 -1.238331615701
0.3 -2.8298624640285617
0.4 -5.167920311423842
0.41 -5.449317902793876
0.42 -5.7405540559751245
0.43 -6.042078677180619
0.44 -6.354425128284241
0.45 -6.678237172833413
0.46 -7.014314108271357
0.47 -7.363652577928708
0.48 -7.727446032225519
0.49 -8.106858997323755
0.5 -8.502359144481805
0.51 -8.913124375523253
0.52 -9.337447008133758
0.53 -9.773601628196456
0.54 -10.220230738270654
0.55 -10.676318025657142
0.56 -11.141077584425943
0.57 -11.61387502479963
0.58 -12.094176159069985
0.59 -12.581521891854258
0.6 -13.075508329553337
0.7 -18.31642740114384
0.8 -23.972953825097964
0.9 -29.93167020466069
1.0 -36.12661981080131
1.1 -42.51464842835689
1.2 -49.065315657535265
1.3 -55.75597377677036
1.4 -62.569108990681436
1.5 -69.49077773254197
1.6 -76.5096091841531
1.7 -83.6161609403805
1.8 -90.80248101513408
1.9 -98.06177186332872
2.0 -105.38817607282563
2.1 -112.77658877497032
2.2 -120.22253099719742
2.3 -127.72204492984336
2.4 -135.27161016542865
2.5 -142.86807849687307
2.6 -150.5086203107528
2.7 -158.19067437205288
2.8 -165.91193669783559
2.9 -173.6702925915543
3.0 -181.4638159540984
