#mmax= 5
#m-states: all states (FBR)
#Nr. of sites: 50
 
0.0  -0.0 
0.1  0.00634424211086237 
0.2  0.0265876387007377 
0.3  0.0650509798758085 
0.4  0.132537508875606 
0.41  0.14176083012916227 
0.42  0.15160997818960323 
0.43  0.16215781595532244 
0.44  0.17350060742523418 
0.45  0.18576085554840177 
0.46  0.19911360359188382 
0.47  0.2138216225878666 
0.48  0.23025486474335427 
0.49  0.24872971720950085 
0.5  0.2690658135349502 
0.51  0.29024102248000977 
0.52  0.3113177246948678 
0.53  0.3318040055881554 
0.54  0.35154692464733367 
0.55  0.3705371367015873 
0.56  0.3887412642716496 
0.57  0.40615450028155836 
0.58  0.42276250788394915 
0.59  0.4385724192841456 
0.6  0.45359368389528454 
0.7  0.5653078843610475 
0.8  0.6267614773277083 
0.9  0.660285294982939 
1.0  0.6788996972665955 
1.1  0.6895046817111762 
1.2  0.6956931426178606 
1.3  0.6993824708897466 
1.4  0.7016201672361224 
1.5  0.7029937406887127 
1.6  0.7038420596960355 
1.7  0.7043653251201164 
1.8  0.7046842125013897 
1.9  0.7048730300966232 
2.0  0.7049784584125834 
2.1  0.7050298117087749 
2.2  0.7050463864384543 
2.3  0.705040563555526 
2.4  0.7050203471858869 
2.5  0.704991221907203 
2.6  0.7049562996787249 
2.7  0.7049192495954214 
2.8  0.7048803646001448 
2.9  0.7048417840617404 
3.0  0.7048033333647887 
