#mmax= 5
#m-states: all states (FBR)
#Nr. of sites: 50

0.0  -2.2204460492503128e-16  0.0
0.1  0.0067728842874305506  0.0013036076412984356
0.2  0.024550221293721197  0.0024929347689207275
0.3  0.06664054296502916  0.004150124586502394
0.4  0.14074628544147896  0.006137551060951938
0.41  0.14283004640950542  0.006186504404777086
0.42  0.15360903586947336  0.006441976714475747
0.43  0.16926521791007865  0.006946610284836037
0.44  0.18089889727071998  0.007052591622924452
0.45  0.19187586675009607  0.007390156631559901
0.46  0.19619053413494036  0.007341704467730978
0.47  0.21501349678186868  0.007743220535901955
0.48  0.23146933689497412  0.00812936363887422
0.49  0.2551031186581238  0.008541842615672953
0.5  0.26888543137684645  0.008797467368822632
0.51  0.2965854571682854  0.009373117756993671
0.52  0.3078720404875032  0.009543723841912348
0.53  0.3190827750506489  0.009777473294847799
0.54  0.3540464581758849  0.010344847402547819
0.55  0.3711727469951763  0.010570936980961848
0.56  0.3856173398541665  0.010964177639678096
0.57  0.38854316894707175  0.011009231092687524
0.58  0.42554460339509775  0.011590761949251478
0.59  0.4379066970530651  0.011978550083117588
0.6  0.4552917082353355  0.01214381704643394
0.7  0.5888862168003818  0.014308917218374021
0.8  0.581153834166141  0.014340962049989489
0.9  0.6817838820227821  0.015822885247354375
1.0  0.6897240180324244  0.01599191436978015
1.1  0.6702575938924258  0.01568453700979926
1.2  0.6885617161625188  0.016007169918925007
1.3  0.7087366893370584  0.01619143875020473
1.4  0.6992461560601986  0.01618337909353276
1.5  0.7073608940202315  0.01621419825482298
1.6  0.6901996290051831  0.01597733865898593
1.7  0.6673968904329735  0.015521131184953423
1.8  0.6951150185969999  0.016083611454374647
1.9  0.7191695419335082  0.016348487541419935
2.0  0.6953299199262056  0.016105167359024102
2.1  0.7214506200923693  0.01655647140393992
2.2  0.6971474749589616  0.01616678727447036
2.3  0.7038075128683657  0.016126387782226817
2.4  0.705348977367676  0.01618821148884796
2.5  0.6986575345758688  0.016090354198646104
2.6  0.6872832560882451  0.015913401140586387
2.7  0.6812214834009477  0.01580062239759175
2.8  0.7113088205834074  0.016307399748557865
2.9  0.7078258483244595  0.016253340258783125
3.0  0.7283878627273135  0.01661526329812794
