#mmax= 5
#m-states: all states (FBR)
#Nr. of sites: 50

0.0  0.0 0.0 0.0 NaN NaN 0.0 
0.1  0.0075 0.012011328215537832 0.577088022005501 0.09360044441777618 7.390350972098098 0.0 
0.2  -0.005 0.02319759216105234 2.152513128282068 0.015293580732495862 1.6056271594696954 0.0 
0.3  -0.057 0.03497132394369126 4.891973993498374 -0.01918435526653029 0.5576635973015551 5.030872717020603e-150 
0.4  0.003 0.047576923407364476 9.054254563640905 -0.03868166465765631 0.447219698320656 8.428751420058451e-76 
0.41  0.0285 0.04981633621954333 9.92666941735434 0.012968933730064136 0.1708294142004303 2.2202204426557235e-64 
0.42  0.009 0.05153293763133663 10.622574643660924 0.036097035364021306 0.3141069775675791 1.3880284648244659e-58 
0.43  0.053 0.05204300979687069 10.833899474868714 -0.09320207955400335 0.24162084970379416 1.2195890702390648e-63 
0.44  -0.0505 0.053533437165230506 11.463315578894731 -0.021383219611309057 0.03590113940937556 5.851922771602766e-52 
0.45  -0.061 0.05411378590947379 11.713207301825458 -0.03285990498313066 0.32740563547997636 2.105413870461079e-54 
0.46  -0.022 0.05637085610805097 12.710693673418348 0.025314033688981812 0.09951091677211066 8.989678392506271e-47 
0.47  -0.0335 0.05885860617938845 13.857342085521376 -0.11289868752094491 0.25328424313285014 4.945378192688428e-48 
0.48  0.0505 0.061571585999961376 15.16424081020256 0.01431597719381134 0.017384339267218607 4.251683019371283e-36 
0.49  -0.061 0.06083580359253659 14.80397999499875 -0.009823291210973648 0.10198805180287973 1.3490459453409924e-41 
0.5  -0.09 0.06221690072387022 15.48377094273569 0.0012528056272444856 0.1980791301563496 2.6022392255062387e-37 
0.51  -0.0435 0.06472885286793208 16.759297574393596 -0.01054734941437659 0.14191029377010844 1.3799326186346386e-34 
0.52  0.028 0.0653327719660906 17.073484371092775 -0.0355897551145988 0.026326372784805763 3.9318139705154777e-35 
0.53  0.0265 0.06714314177838246 18.03280595148787 0.010878600401287807 -0.04234450775750398 1.068207483960897e-32 
0.54  -0.127 0.07023674999786483 19.732804201050264 0.027416945373054096 0.13747646873414565 2.460158652145685e-29 
0.55  -0.011 0.07046070484839002 19.858843710927733 -0.10120263700684001 0.13431071206984324 7.121296695505811e-31 
0.56  0.086 0.06918343433869646 19.145390347586897 -0.039681252164766985 0.0005390261604634183 2.4124877075198237e-34 
0.57  -0.0335 0.07058480708514979 19.928859964991247 0.029644792167849095 0.09467028864341209 1.0407037080759442e-31 
0.58  -0.018 0.07256538729903166 21.062941735433856 -0.008722679533079815 -0.09270274007337331 6.64756194010336e-28 
0.59  0.063 0.0742184939635099 22.033539384846218 0.04283398028504894 -0.03643397817602345 1.048763549374029e-28 
0.6  0.004 0.07506933362707308 22.541619404851218 0.01713887308380932 0.06648303048573867 3.5963771006281304e-29 
0.7  -0.0365 0.08061973593950639 25.998167291822952 0.00018214552207236262 0.004114146036784394 1.619770106749752e-22 
0.8  -0.117 0.08625797272985766 29.761751437859473 -0.00913501925785189 -0.033948181078972794 7.925547474110088e-19 
0.9  -0.027 0.08939136118139977 31.963261815453862 -0.0059986923325822524 -0.04947692630162415 3.519356183990367e-18 
1.0  -0.0265 0.09234016522634396 34.10682445611401 -0.02940628875709862 0.09372539877318165 3.8539085232434987e-19 
1.1  0.0525 0.0960019011726184 36.86546011502876 -0.06485311301385595 0.02842621799290379 2.8659836136682083e-17 
1.2  -0.1195 0.09989581938791431 39.916698924731186 -0.018729773038554175 0.007485305708483381 3.9408523699590665e-15 
1.3  -0.1105 0.10101360489851673 40.81499349837457 0.003660530557228083 0.04562051147284851 2.5610856780062353e-15 
1.4  0.085 0.1024173621951852 41.957264316079 -0.04541122000145297 0.04026317981021288 1.392754366558139e-14 
1.5  -0.0915 0.10448390382752624 43.66754463615901 -0.007396312567449973 0.02286719228205225 3.457118521188034e-15 
1.6  0.2185 0.10658871763081466 45.44461890472617 -0.06911567939400641 0.01211497510412185 1.4665324413201197e-16 
1.7  -0.0165 0.10829872617451582 46.91445636409103 -0.046212863327233525 -0.06559034043201795 1.846394520635715e-15 
1.8  -0.155 0.11136019945880968 49.6043760940235 -0.022082607368714983 0.1100550155702984 3.2383343938252105e-15 
1.9  -0.0745 0.11400926263024147 51.9924478619655 -0.021635943429313062 0.011835961630844771 6.608980293941622e-13 
2.0  -0.138 0.1129664966144358 51.04571742935733 0.061152920881958804 0.1305912823585924 1.705242372643072e-12 
2.1  0.0795 0.11908700754633808 56.72686146536633 -0.008898520544679676 -0.0015453186017380105 1.423572162501799e-10 
2.2  0.1715 0.1147461921357411 52.666754438609644 -0.004861201642102445 0.14661388576758316 1.2830209065087393e-12 
2.3  -0.157 0.1193436151397244 56.971593898474616 -0.026979204424400854 0.022852649452446805 2.3710830972477623e-12 
2.4  -0.0015 0.12059388524626652 58.17154063515879 -0.014656490761037533 0.09018620117298548 2.247010872952322e-11 
2.5  -0.0075 0.12364084156105326 61.1482308077019 -0.0561075952071955 -0.028886481560538968 1.5796571018771407e-13 
2.6  0.2445 0.12419404566139407 61.69664391097774 -0.043597359350579644 0.033718649714891136 6.596991537482904e-12 
2.7  -0.0615 0.12531053475278928 62.81092048012004 0.027708298181969356 -0.023009340811909418 3.102715861882391e-13 
2.8  -0.284 0.12651615542845152 64.02535033758441 0.03528693475423022 0.011835707817229757 6.792203264249855e-13 
2.9  0.073 0.12674258822873127 64.25473468367092 -0.017994283950980093 0.20698039808188673 2.1433166962909557e-10 
3.0  -0.061 0.1278657779247093 65.3986286571643 -0.018935614160130676 -0.1572562296718929 3.3291630072884966e-10 
