#mmax= 5
#m-states: all states (FBR)
#Nr. of sites: 50
 
0.0  4.8115174566821105e-61 
0.1  0.0024810615889596485 
0.2  0.009691875127762848 
0.3  0.020902667894100363 
0.4  0.034669508514534035 
0.41  0.036094172401201934 
0.42  0.037512298022474515 
0.43  0.03891854984725163 
0.44  0.04030639847875227 
0.45  0.041667883009231584 
0.46  0.04299319566606807 
0.47  0.04426919101937147 
0.48  0.04547931421725944 
0.49  0.04660891193915202 
0.5  0.047659807939911085 
0.51  0.04865589541738008 
0.52  0.049619471453920316 
0.53  0.050560346488916906 
0.54  0.05148024032885678 
0.55  0.05237895333302305 
0.56  0.05325672178408969 
0.57  0.05411441513214905 
0.58  0.054952864407300316 
0.59  0.05577314458111956 
0.6  0.05657607267652581 
0.7  0.06383706018353302 
0.8  0.07009016809938201 
0.9  0.0756747082110066 
1.0  0.08078347938155755 
1.1  0.08553438418721752 
1.2  0.09000439379477479 
1.3  0.09424592954113878 
1.4  0.09829616135308096 
1.5  0.10218266238256658 
1.6  0.10592638324059996 
1.7  0.1095436225075843 
1.8  0.11304802982949318 
1.9  0.11645018010723038 
2.0  0.11975944793594381 
2.1  0.12298289534278269 
2.2  0.12612767071537173 
2.3  0.12919936469669285 
2.4  0.1322027106240896 
2.5  0.1351421956566451 
2.6  0.13802147356804814 
2.7  0.14084467146590873 
2.8  0.1436148132708648 
2.9  0.14633546658483682 
3.0  0.14900829706694982 
