#mmax= 5
#m-states: all states (FBR)
#Nr. of sites: 50

0.0  -2.2204460492503128e-16  0.0
0.1  -0.0  3.1791076643641055e-18
0.2  -0.0  2.380166187101972e-18
0.3  -0.0  1.5393135493287542e-18
0.4  -0.0  1.4863407289090498e-18
0.41  -0.0  1.5102553664769677e-18
0.42  -0.0  1.5224514355736087e-18
0.43  -0.0  1.532289265712456e-18
0.44  -0.0  1.5264951384078156e-18
0.45  -0.0  1.4902238864336894e-18
0.46  -0.0  1.532289265712456e-18
0.47  -0.0  1.5153489909425725e-18
0.48  -0.0  1.5285129782026625e-18
0.49  -0.0  1.5189043646706028e-18
0.5  -0.0  1.5018131173846043e-18
0.51  -0.0  1.5430634051881119e-18
0.52  -0.0  1.532289265712456e-18
0.53  -0.0  1.5120400868709955e-18
0.54  -0.0  1.5327920677820057e-18
0.55  0.0005001250416813543  0.0003536860256164837
0.56  0.00025003125520417426  0.00025006251562378543
0.57  -0.0  1.5540107836378596e-18
0.58  -0.0  1.4982171854853781e-18
0.59  0.0005001250416713571  0.00035368602560939235
0.6  0.0005001250415068509  0.00035368602549300677
0.7  0.0007502813904508566  0.0004332293299561817
0.8  0.0012507818967169317  0.0005594366396294107
0.9  0.001501126064005317  0.0006129088253132933
1.0  0.001000500228691908  0.0005003126781782457
1.1  0.004008008502071636  0.0010021280635948149
1.2  0.004008020220075631  0.0010021309993190378
1.3  0.00501243412234836  0.0011209555876899758
1.4  0.0070245058085392775  0.0013276754465414604
1.5  0.007527876169198686  0.0013745706862679306
1.6  0.0075281752571807635  0.0013746254909799767
1.7  0.009039848494762436  0.0015068343180271414
1.8  0.012325176482257623  0.001760970368438951
1.9  0.01638224925732296  0.002032243509925397
2.0  0.013335113704973527  0.0018319591377364344
2.1  0.022480109732591378  0.0023832792768102413
2.2  0.0186658520662152  0.002170158233397897
2.3  0.01612316154469092  0.00201566441713146
2.4  0.01738102023802142  0.0020927346063458604
2.5  0.026334988188899382  0.0025827454304010503
2.6  0.02633359443230835  0.002582607125259295
2.7  0.028101691154051516  0.0026677791318373864
2.8  0.02658129420702122  0.002594455826386936
2.9  0.029275555019045125  0.002720085721774591
3.0  0.030650517412339543  0.002786831093596098
