#mmax= 5
#m-states: all states (FBR)
#Nr. of sites: 50

0.0  1.0000000000000002  0.0
0.1  1.0  3.1791076643641055e-18
0.2  1.0  2.380166187101972e-18
0.3  1.0  1.5393135493287542e-18
0.4  1.0  1.4863407289090498e-18
0.41  1.0  1.5102553664769677e-18
0.42  1.0  1.5224514355736087e-18
0.43  1.0  1.532289265712456e-18
0.44  1.0  1.5264951384078156e-18
0.45  1.0  1.4902238864336894e-18
0.46  1.0  1.532289265712456e-18
0.47  1.0  1.5153489909425725e-18
0.48  1.0  1.5285129782026625e-18
0.49  1.0  1.5189043646706028e-18
0.5  1.0  1.5018131173846043e-18
0.51  1.0  1.5430634051881119e-18
0.52  1.0  1.532289265712456e-18
0.53  1.0  1.5120400868709955e-18
0.54  1.0  1.5327920677820057e-18
0.55  0.9995000000000009  0.0003535091826036758
0.56  0.9997500000000051  0.0002499999999948808
0.57  1.0  1.5540107836378596e-18
0.58  1.0  1.4982171854853781e-18
0.59  0.9995000000000109  0.0003535091825965915
0.6  0.9995000000001754  0.0003535091824803223
0.7  0.9992500000002531  0.00043290440795882423
0.8  0.9987500000049295  0.0005587373438326317
0.9  0.9985000000621684  0.0006119894621134269
1.0  0.9990000001047867  0.0004998123655524936
1.1  0.9960000128438854  0.0009981195642116535
1.2  0.9960000011727533  0.000998122476497014
1.3  0.9950001071626957  0.0011153509298761485
1.4  0.9930001083645321  0.0013183818622885988
1.5  0.9925003873247815  0.001364261938526212
1.6  0.9925000904798879  0.0013643159241735871
1.7  0.9910008880923681  0.001493274147372955
1.8  0.9877504674116873  0.0017393993045237048
1.9  0.9837512100065557  0.001999222011917079
2.0  0.9867534050178537  0.001807691917014998
2.1  0.9777706851203148  0.002330300611319798
2.2  0.9815072760821866  0.0021300260963297
2.3  0.9840061208780667  0.001983426124093477
2.4  0.982769158349759  0.0020566750277279354
2.5  0.9740087535241189  0.002515616657335041
2.6  0.9740101110561848  0.0025154854528883002
2.7  0.9722894885336484  0.002593853607614913
2.8  0.9737688788489233  0.0025264003412838634
2.9  0.9711488226609529  0.0026416080462382625
3.0  0.9698144471198179  0.002702709056252217
