#mmax= 5
#m-states: all states (FBR)
#Nr. of sites: 50
 
0.0  -4.861730685829017e-63 
0.1  -1.2099054223979862 
0.2  -2.3258397322959308 
0.3  -3.234134607009046 
0.4  -3.7595853181222196 
0.41  -3.7792826140161013 
0.42  -3.7907604109631414 
0.43  -3.793053654983061 
0.44  -3.7849026428350716 
0.45  -3.7647179740601735 
0.46  -3.730309495525216 
0.47  -3.6789454942185436 
0.48  -3.6083671276075253 
0.49  -3.520779916459763 
0.5  -3.4266891045527847 
0.51  -3.340500883992702 
0.52  -3.2677059323104234 
0.53  -3.206734699351093 
0.54  -3.154282670713212 
0.55  -3.107774522978246 
0.56  -3.0656802978610838 
0.57  -3.02702384582004 
0.58  -2.9911649934407305 
0.59  -2.9576537409490675 
0.6  -2.9261499572469254 
0.7  -2.6825088225949085 
0.8  -2.510741171501504 
0.9  -2.3761817412499475 
1.0  -2.2649738921607487 
1.1  -2.1700385503933144 
1.2  -2.0872829256824437 
1.3  -2.0140288102064297 
1.4  -1.948423623333774 
1.5  -1.8891495134360141 
1.6  -1.8351888908568847 
1.7  -1.78575556197794 
1.8  -1.7402370629877326 
1.9  -1.6981204067222495 
2.0  -1.659010625225992 
2.1  -1.6225321138195774 
2.2  -1.5884151029934106 
2.3  -1.5564102944035707 
2.4  -1.5263006681094073 
2.5  -1.4979030565976483 
2.6  -1.471051250851644 
2.7  -1.4456362562763505 
2.8  -1.4215079501968648 
2.9  -1.3985888038637337 
3.0  -1.376756504045966 
