#mmax= 10
#m-states: all states (FBR)
#Nr. of sites: 33
 
0.0  16.499999999999932 0.015151515151514472 
0.1  20.342039050417377 0.022272291439573544 
0.2  26.339623418941606 0.03415725589993379 
0.3  37.415571786267165 0.05857730482792323 
0.4  67.07659487710932 0.1371112611745452 
0.41  73.16107842554173 0.1545433081845814 
0.42  80.48944386770833 0.1757425691721607 
0.43  89.3974219907536 0.20125443164857926 
0.44  100.5169173644169 0.2324046024175056 
0.45  114.51316549676652 0.26977233898939157 
0.46  132.37750061905086 0.3139164335668486 
0.47  154.9065735974763 0.3634652675874812 
0.48  182.9930360734918 0.41629937081274937 
0.49  216.28712243522367 0.4679303844788407 
0.5  253.110222796959 0.5138948265904356 
0.51  290.1806761188834 0.5508009666423686 
0.52  324.4984740659934 0.5781801933385304 
0.53  354.4111059703307 0.5975078148413306 
0.54  379.69765350037494 0.610893144257181 
0.55  401.04330392645727 0.6202642840304633 
0.56  419.2682665631137 0.62698673164297 
0.57  435.1467414478628 0.6319922786903664 
0.58  449.1931856582855 0.635830645619881 
0.59  461.7978236045582 0.6388612115951534 
0.6  473.2651656708225 0.6413232210121055 
0.7  552.3830184512212 0.6528593157960895 
0.8  600.9389086142157 0.6569756752655886 
0.9  635.873933506565 0.6591189677000806 
1.0  663.0770050744611 0.6604500928405224 
1.1  685.2946919770202 0.6613659418154911 
1.2  704.0180221599476 0.6620392233708354 
1.3  720.1521146949584 0.6625575047883836 
1.4  734.2905225927562 0.6629702414548826 
1.5  746.8328781499208 0.6633071449470637 
1.6  758.0798948478928 0.66358791651999 
1.7  768.2462014299052 0.6638256158105869 
1.8  777.5103863678045 0.6640297957846912 
1.9  785.9941241996239 0.6642069172009698 
2.0  793.8073050673444 0.6643621437826783 
2.1  801.0327084642371 0.66449921130623 
2.2  807.7484471870308 0.6646213050631442 
2.3  814.0090601347313 0.6647306602195431 
2.4  819.8637174217862 0.6648291456112172 
2.5  825.3575676357707 0.6649183632380814 
2.6  830.5247257262552 0.6649995094143868 
2.7  835.3975235343203 0.6650736400914674 
2.8  840.0026712955529 0.6651416158053371 
2.9  844.3642271031509 0.6652041703899025 
3.0  848.503094656619 0.6652619223141834 
3.1  852.4370694891346 0.6653153884222475 
3.2  856.179757163748 0.6653649794521066 
3.3  859.7523752852721 0.6654112008587334 
3.4  863.1691739251532 0.6654544090392163 
3.5  866.4332358977002 0.665494751674568 
3.6  869.5563612020584 0.6655325097793563 
3.7  872.5533696503703 0.6655680088222451 
3.8  875.4298022010233 0.6656013997659884 
3.9  878.1950674612207 0.6656328837113598 
4.0  880.8551122754844 0.6656626019404306 
4.1  883.416838476001 0.6656907031715817 
4.2  885.8857900862355 0.6657173090609192 
4.3  888.2677945180469 0.6657425395615753 
4.4  890.5676365581062 0.6657664947923085 
4.5  892.7899126696071 0.6657892674190051 
4.6  894.9388064638733 0.6658109405454458 
4.7  897.0185061794293 0.665831594963995 
4.8  899.0323722709024 0.6658512954384983 
4.9  900.9841208925275 0.6658701112650147 
5.0  902.8769481181675 0.6658880982929836 
