#mmax= 10
#m-states: all states (FBR)
#Nr. of sites: 33
 
0.0  16.499999999999975 0.015151515151515915 
0.1  14.964837950411349 0.012364989954242955 
0.2  13.578214844768489 0.009912210092422047 
0.3  12.338065515103423 0.007831915687128932 
0.4  11.23981780895093 0.006263558051723184 
0.41  11.13637212382145 0.006145036492695488 
0.42  11.033651072199753 0.006036081515459757 
0.43  10.93149463513112 0.005934186759919524 
0.44  10.829904079867221 0.005842294638737977 
0.45  10.728734640743358 0.0057668918618896114 
0.46  10.627723515764476 0.00570823264633924 
0.47  10.526736457739174 0.005664781414616016 
0.48  10.425704597529485 0.005638830857874977 
0.49  10.325086137586414 0.00563177235931045 
0.5  10.22594373718896 0.005644190861976872 
0.51  10.129899000422492 0.005667544551081316 
0.52  10.038196800804384 0.005693666000188835 
0.53  9.951357617717765 0.005716703021400815 
0.54  9.86919246534088 0.005733989524818628 
0.55  9.79116214161022 0.005745041883770785 
0.56  9.716693025723345 0.0057508992453519925 
0.57  9.645299432403107 0.005752795654301646 
0.58  9.57658380616658 0.005751710198300453 
0.59  9.510244506560365 0.005748553897713449 
0.6  9.446058500783346 0.005743844268801368 
0.7  8.89285039960819 0.005657026388091513 
0.8  8.449492330026684 0.005543419643392666 
0.9  8.077923321105638 0.005430514824007471 
1.0  7.758064942915395 0.005325901121842835 
1.1  7.4775478619586355 0.005221735037870601 
1.2  7.228207472334004 0.005121789364367357 
1.3  7.00428196184976 0.00502702967170765 
1.4  6.801376433509722 0.00493586274108726 
1.5  6.616342357283659 0.004851779689329816 
1.6  6.446524538228942 0.004771083657475139 
1.7  6.289900498111875 0.0046949950610226665 
1.8  6.144739103075401 0.004622451528860649 
1.9  6.00971836412254 0.004554273470206982 
2.0  5.883660815764108 0.004489831243600806 
2.1  5.765606891562009 0.004427914134135569 
2.2  5.65469091019755 0.004368738876090017 
2.3  5.550230944222739 0.004312182245991725 
2.4  5.451618230407999 0.00425813370755912 
2.5  5.358292621582563 0.00420636165588284 
2.6  5.269813620526485 0.004156745255234684 
2.7  5.1857461594820204 0.004108825499422597 
2.8  5.1057432743359135 0.004062742184227863 
2.9  5.029476684839624 0.004018325976183568 
3.0  4.956662964840657 0.003975495149495689 
3.1  4.887047868526309 0.0039341519052307206 
3.2  4.820423395945226 0.0038938981743354972 
3.3  4.756518804513739 0.003855781959470783 
3.4  4.695174289111511 0.0038177789274073115 
3.5  4.636243990632405 0.0037820767460845506 
3.6  4.579579617565675 0.0037465511167871224 
3.7  4.524996818442413 0.00371212273052679 
3.8  4.472395953756924 0.0036799839790546685 
3.9  4.42164517940282 0.0036479156572017946 
4.0  4.372647791490602 0.0036167283152438445 
4.1  4.325294527661019 0.0035863817117669505 
4.2  4.279500953063501 0.0035568582359341017 
4.3  4.23517769536678 0.003528106451430424 
4.4  4.192250690827059 0.003500122389146876 
4.5  4.150645878904868 0.003472842385459529 
4.6  4.110296210043426 0.0034462718006762483 
4.7  4.071140104520934 0.003420356909254574 
4.8  4.033119364454177 0.0033950687736319374 
4.9  3.996176259718331 0.0033708168740962385 
5.0  3.9602553968599303 0.0033457542671526674 
