#mmax= 10
#m-states: all states (FBR)
#Nr. of sites: 33
 
0.0  -1.399604996522956e-30 
0.1  0.02577835298887137 
0.2  0.05652705231748276 
0.3  0.09897549797755965 
0.4  0.16579377064406745 
0.41  0.1748030484740612 
0.42  0.1844400115605755 
0.43  0.194777721353035 
0.44  0.2059317260757317 
0.45  0.21801227621669705 
0.46  0.23117540224690186 
0.47  0.24551873892252774 
0.48  0.26110837939147963 
0.49  0.27773588502933166 
0.5  0.29489377627331415 
0.51  0.31174463918831613 
0.52  0.32754696789008236 
0.53  0.3419045053863573 
0.54  0.35477722162203373 
0.55  0.36635124052049745 
0.56  0.3768500091558868 
0.57  0.3864898998661114 
0.58  0.39541851240161485 
0.59  0.40375196763620175 
0.6  0.41158504459464434 
0.7  0.4718042749743724 
0.8  0.513310598777916 
0.9  0.5448732208567577 
1.0  0.5702404584060656 
1.1  0.5913762799056068 
1.2  0.6094317527485394 
1.3  0.6251431923403966 
1.4  0.6390096478595656 
1.5  0.6513817742764021 
1.6  0.6625249714214925 
1.7  0.6726342796861822 
1.8  0.6818724311953808 
1.9  0.6903540774457977 
2.0  0.6981817007799959 
2.1  0.705434301724828 
2.2  0.7121850653135235 
2.3  0.7184872064250785 
2.4  0.7243883312483319 
2.5  0.7299312772270635 
2.6  0.7351500772716654 
2.7  0.7400756629703921 
2.8  0.7447345315091171 
2.9  0.7491501486535095 
3.0  0.7533431540464427 
3.1  0.7573311759157123 
3.2  0.761128252991801 
3.3  0.7647536095067817 
3.4  0.7682223490592055 
3.5  0.7715378897316993 
3.6  0.7747123484130902 
3.7  0.7777592931690885 
3.8  0.7806848395557173 
3.9  0.7834982119696374 
4.0  0.7862056070660183 
4.1  0.7888136343133901 
4.2  0.7913280371501203 
4.3  0.793754498734404 
4.4  0.7960979988750341 
4.5  0.7983630230863629 
4.6  0.8005538472131343 
4.7  0.8026746714971127 
4.8  0.8047288707829822 
4.9  0.8067200345532751 
5.0  0.8086514384942619 
