#mmax= 10
#m-states: all states (FBR)
#Nr. of sites: 33
 
0.0 9.190619575971833e-28
0.1 -0.20050673698631832
0.2 -0.8085170742074123
0.3 -1.8469610466937822
0.4 -3.3703087345080975
0.41 -3.553375737547662
0.42 -3.7427511399662654
0.43 -3.93869864598652
0.44 -4.1415248740106705
0.45 -4.351588172962906
0.46 -4.569304325559697
0.47 -4.79514854829273
0.48 -5.029636586723001
0.49 -5.273242345878751
0.5 -5.526261322599936
0.51 -5.788650153880825
0.52 -6.0599741405372045
0.53 -6.33952175812897
0.54 -6.6264981213547856
0.55 -6.920166652428801
0.56 -7.219902560558903
0.57 -7.525194444033318
0.58 -7.835622710673661
0.59 -8.1508364801456
0.6 -8.470538428927238
0.7 -11.869379187970162
0.8 -15.545233855320966
0.9 -19.421588996914778
1.0 -23.45424198200478
1.1 -27.614386988624844
1.2 -31.881761949530883
1.3 -36.24133478872112
1.4 -40.68150443153749
1.5 -45.19304531996109
1.6 -49.768454098215145
1.7 -54.40149932972014
1.8 -59.08694033603934
1.9 -63.820301604933334
2.0 -68.59772639722804
2.1 -73.41585876299192
2.2 -78.27175438372969
2.3 -83.16281210798968
2.4 -88.08671921366474
2.5 -93.04140750900379
2.6 -98.02502040321627
2.7 -103.0358842453858
2.8 -108.07247644294195
2.9 -113.13341481207058
3.0 -118.21743626495727
3.1 -123.32338398548413
3.2 -128.45019245743205
3.3 -133.59688650697373
3.4 -138.7625601286838
3.5 -143.9463737896562
3.6 -149.1475501532717
3.7 -154.36536474535632
3.8 -159.59914248496733
3.9 -164.84825349056675
4.0 -170.11210749662806
4.1 -175.39015152544908
4.2 -180.68186659933457
4.3 -185.98676387945488
4.4 -191.30438376298912
4.5 -196.63429256016636
4.6 -201.97608059386852
4.7 -207.3293604997932
4.8 -212.69376580200475
4.9 -218.06894867674677
5.0 -223.45457965731458
