0.0  -0.0  0.0
0.1  0.006057160333639871  0.0002464666360432963
0.2  0.025983458210771714  0.0005131694387211417
0.3  0.06667976332102642  0.0008343326546980737
0.4  0.14978731549102825  0.0012753985081817923
0.41  0.1627096563081641  0.0013411710381138135
0.42  0.18184254027477154  0.0014197124045123256
0.43  0.19944894772220656  0.0014969296734842754
0.44  0.21880725078769847  0.0015721055683015103
0.45  0.24889821443616236  0.001694024141069678
0.46  0.2811948983639586  0.0018246003020722542
0.47  0.32596555540672095  0.001985514802704019
0.48  0.37714494295857065  0.002169446643696928
0.49  0.4449300646716093  0.0024209038545451624
0.5  0.5192584766700762  0.0026682932315713324
0.51  0.5861614584295937  0.0028985036358051314
0.52  0.6370764138963098  0.003072356362491044
0.53  0.6731527166108732  0.0031952954562654867
0.54  0.6972716250209207  0.003253784150458657
0.55  0.7124145882540611  0.003296573615345192
0.56  0.7144955678220376  0.0033025995571501227
0.57  0.7149338021498205  0.0033107042881916713
0.58  0.71717332060704  0.003302093441158338
0.59  0.7107609782110338  0.0032878727420082923
0.6  0.7172648643978164  0.0033091838732076185
0.7  0.70913736411241  0.0032616748578690813
0.8  0.7075351565210249  0.0032562620148820346
0.9  0.7057111677723484  0.0032442958538831425
1.0  0.7068648016036125  0.0032460918922190838
1.1  0.7008969637971681  0.003225162518231801
1.2  0.7020298904054353  0.0032304323433785154
1.3  0.6994147266252647  0.0032147638269912227
1.4  0.706676322778282  0.0032416255569712124
1.5  0.698309843206555  0.003216670303013058
1.6  0.706359832534249  0.003244280816658459
1.7  0.6999555787663155  0.0032174604570615476
1.8  0.7038797732398455  0.003230780789054806
1.9  0.7073914427595834  0.0032414337602763394
2.0  0.7016210437135306  0.00322524620879682
2.1  0.7018502351509736  0.003224218826913044
2.2  0.7040563022186919  0.003233258540176548
2.3  0.7014349839847676  0.003226864951117066
2.4  0.7069944435487884  0.0032385123491638313
2.5  0.7060856208851124  0.0032356020834441476
2.6  0.7014454475479259  0.0032243549751053095
2.7  0.7009657259464918  0.003220325150416043
2.8  0.7027366744379268  0.0032252618806182256
2.9  0.7044146013964069  0.003229304501341372
3.0  0.7050035160065664  0.003234712965396278
3.1  0.7001442924269402  0.003216441937095265
3.2  0.7033601181438315  0.0032312367906234133
3.3  0.7066348946867165  0.0032394059353655492
3.4  0.7009198761802796  0.003222374651732858
3.5  0.6985047768950041  0.003210392098800904
3.6  0.7025187263977942  0.0032244561394350014
3.7  0.7032561940948929  0.003227999513209394
3.8  0.7010954547279495  0.003221515320673968
3.9  0.7039933682370391  0.003230738311891958
4.0  0.7008935308154483  0.0032230994793627198
4.1  0.7057821771820912  0.003234534732274458
4.2  0.7002243323027798  0.0032165146223575368
4.3  0.7039359997998916  0.0032294894972787467
4.4  0.7057277302774754  0.0032322116266734727
4.5  0.7047438775723284  0.0032345373714460475
4.6  0.7024895248636323  0.003224409978749114
4.7  0.7101714694456318  0.0032467193204378498
4.8  0.7056807307715601  0.003232885597376701
4.9  0.6997899419073785  0.003217034838320475
5.0  0.702747620603494  0.003225009123017876
0.0  -0.0  0.0
0.1  0.006620767879248677  0.0002577155367319193
0.2  0.027197127098439636  0.0005250156575856883
0.3  0.0668742227514384  0.0008348974780196523
0.4  0.14973283127525136  0.0012783330157261769
0.41  0.16283310848164265  0.0013377061704803721
0.42  0.17943694641287258  0.001411150943609093
0.43  0.19633989373982622  0.0014812324958881295
0.44  0.22003410873268936  0.0015821150974790646
0.45  0.2451171225940383  0.0016837382455450333
0.46  0.28035864519763765  0.0018181510385013864
0.47  0.3261122680226539  0.0019869480250565095
0.48  0.38063693140069993  0.0021936430111504025
0.49  0.4415177259458945  0.0024009463377426725
0.5  0.5098197729562569  0.0026410967048616546
0.51  0.579758471204962  0.002878438152803475
0.52  0.6398102427131512  0.003077067147363363
0.53  0.67236769581121  0.0031860921408349264
0.54  0.6948644048865243  0.0032474433607552287
0.55  0.7069445056215308  0.0032860708401220738
0.56  0.7070378831192254  0.003290001841973466
0.57  0.7139588048161966  0.00330427724005012
0.58  0.7143936098227042  0.003303051977823796
0.59  0.7114145131341665  0.0032914814205153497
0.6  0.711213794530538  0.003282367072194691
0.7  0.7104827943027081  0.003261438960350305
0.8  0.7120635757166942  0.003262563694890078
0.9  0.7054235085541636  0.0032393958487526263
1.0  0.70817843924635  0.003248548439107869
1.1  0.7086775278934336  0.0032510498669161636
1.2  0.7081324836549486  0.003243660758440708
1.3  0.7045649211593425  0.003235018406734489
1.4  0.7040243573634772  0.003235747647951989
1.5  0.7067014091617425  0.0032417223111068255
1.6  0.7042246186961599  0.003233585593745322
1.7  0.7051272887626109  0.003233173336284005
1.8  0.7095824426795845  0.0032498236685788544
1.9  0.7042869996052151  0.0032289676588405512
2.0  0.7028154747561113  0.0032302358881649484
2.1  0.7098820838951712  0.0032512611589703864
2.2  0.7008026915991081  0.0032193321558691957
2.3  0.7030326519238339  0.0032281376546501772
2.4  0.7080995377984382  0.003244769653460525
2.5  0.7012342096405404  0.003223636566445056
2.6  0.7062612240561237  0.0032359697006020065
2.7  0.7037225561673713  0.0032276422462253897
2.8  0.7051884763328676  0.0032292297917053516
2.9  0.7044544104993751  0.0032349126206087705
3.0  0.7026785271034873  0.003225179881850957
3.1  0.704096205924029  0.00322663737382147
3.2  0.7084625688410858  0.0032453438849609655
3.3  0.7096589969637181  0.003247852264413777
3.4  0.7074519745585367  0.0032377907242265723
3.5  0.7027025487046342  0.003227470827273865
3.6  0.6994776781782014  0.003212377550238297
3.7  0.7051155563120823  0.0032387559751299163
3.8  0.6953572416258335  0.0032064958564962747
3.9  0.7045964611752715  0.0032327383802531937
4.0  0.7065529264065062  0.003234090379766268
4.1  0.701749829850697  0.003218810263617391
4.2  0.6995056331326001  0.0032149694012892876
4.3  0.7019476260264997  0.0032225108088130717
4.4  0.7058870215423927  0.003237647660290109
4.5  0.7016801084706981  0.003223827904882335
4.6  0.699727715690476  0.0032129443220019114
4.7  0.7035740940292174  0.0032261788546067943
4.8  0.7015267744749357  0.003221456984754747
4.9  0.7053498626066207  0.0032322389493186798
5.0  0.7013311885364556  0.0032249101786083
