#mmax= 10
#m-states: all states (FBR)
#Nr. of sites: 33
 
0.0  -0.0 
0.1  0.006345410192634442 
0.2  0.02670187004935922 
0.3  0.06678772433776756 
0.4  0.1497037236027123 
0.41  0.16352128011679587 
0.42  0.17937912730910524 
0.43  0.19787143692661552 
0.44  0.21998468727881967 
0.45  0.24701188570793117 
0.46  0.2809947886631458 
0.47  0.32411301374131557 
0.48  0.3787679333109216 
0.49  0.44453885687284556 
0.5  0.5164306942355978 
0.51  0.5838327213559249 
0.52  0.6371843855754429 
0.53  0.6731315645620154 
0.54  0.6942788392423327 
0.55  0.705519188418859 
0.56  0.7109347171509156 
0.57  0.7132489610256125 
0.58  0.7139601695882161 
0.59  0.713896410163138 
0.6  0.7134874206123225 
0.7  0.7090585001731622 
0.8  0.7072083761977889 
0.9  0.7062606109245008 
1.0  0.7057159330333318 
1.1  0.7053451790577651 
1.2  0.7050749909049647 
1.3  0.7048726865949433 
1.4  0.7047067781074479 
1.5  0.704567187618611 
1.6  0.7044488665412223 
1.7  0.7043471952492977 
1.8  0.7042587860684864 
1.9  0.7041808058619572 
2.0  0.7041111508331721 
2.1  0.7040486463999843 
2.2  0.703991852589184 
2.3  0.7039403594821654 
2.4  0.7038933695583227 
2.5  0.7038501353939107 
2.6  0.7038100909395587 
2.7  0.7037731150541597 
2.8  0.7037387820892259 
2.9  0.7037067366879354 
3.0  0.7036767438631996 
3.1  0.7036486938851417 
3.2  0.7036223076684194 
3.3  0.703597503252165 
3.4  0.7035739820381594 
3.5  0.7035518200731156 
3.6  0.7035308563325281 
3.7  0.7035109587245538 
3.8  0.7034919676866289 
3.9  0.7034739882634826 
4.0  0.7034567873376933 
4.1  0.7034403555789728 
4.2  0.7034246515416382 
4.3  0.70340961298576 
4.4  0.7033952237672574 
4.5  0.7033814073361434 
4.6  0.7033681420933598 
4.7  0.7033553707340987 
4.8  0.703343107572139 
4.9  0.7033312964434634 
5.0  0.7033199086800161 
