#mmax= 10
#m-states: all states (FBR)
#Nr. of sites: 33
 
0.0  0.0 
0.1  0.02297487266849933 
0.2  0.07702698410451028 
0.3  0.16004704032592304 
0.4  0.2919520635167748 
0.41  0.3109625288398179 
0.42  0.33205598385650253 
0.43  0.3557825793557654 
0.44  0.3831182040499826 
0.45  0.41512762696816025 
0.46  0.4533982193714009 
0.47  0.4988259258105349 
0.48  0.5517632735809214 
0.49  0.6089726001094862 
0.5  0.6641400090269959 
0.51  0.7092281377289389 
0.52  0.7401389296821324 
0.53  0.757775270792432 
0.54  0.7658341646446228 
0.55  0.7682154648229118 
0.56  0.7676418807935568 
0.57  0.7657431462476709 
0.58  0.7633533168577606 
0.59  0.7608888020327431 
0.6  0.7585337068424244 
0.7  0.7442765474268305 
0.8  0.7384826441030978 
0.9  0.735458096748773 
1.0  0.7336282378817235 
1.1  0.7323856806184529 
1.2  0.7314783227516425 
1.3  0.7307836861472337 
1.4  0.7302249723863404 
1.5  0.7297619564121944 
1.6  0.7293724519691531 
1.7  0.7290371102029748 
1.8  0.728745737070182 
1.9  0.7284888000330869 
2.0  0.7282600087988302 
2.1  0.7280549884635151 
2.2  0.7278693036482222 
2.3  0.7277006608189774 
2.4  0.7275464948426266 
2.5  0.7274048433486713 
2.6  0.72727360920436 
2.7  0.7271527048568099 
2.8  0.7270405122849132 
2.9  0.7269358947020754 
3.0  0.7268380925627792 
3.1  0.7267465190485778 
3.2  0.7266602370455079 
3.3  0.7265793368748271 
3.4  0.7265025559216611 
3.5  0.7264303064138077 
3.6  0.7263619965887436 
3.7  0.7262971535667215 
3.8  0.7262353197874865 
3.9  0.7261767393031645 
4.0  0.7261207577989471 
4.1  0.7260673004584458 
4.2  0.7260162282162325 
4.3  0.7259673225777769 
4.4  0.7259205451332136 
4.5  0.7258756453150568 
4.6  0.7258325490421029 
4.7  0.7257910743962052 
4.8  0.7257512408030752 
4.9  0.7257128966492425 
5.0  0.7256759406664153 
