#mmax= 10
#m-states: all states (FBR)
#Nr. of sites: 33

0.0  0.0 0.0 0.0 NaN NaN 0.0 
0.1  0.00092 0.0018912501961065443 0.35768273042730425 0.019319880908625662 10.92950837564246 0.0 
0.2  -0.002 0.0038092656910553046 1.4510505105051048 0.020725536770556805 2.554473798923298 0.0 
0.3  -0.0036 0.0056997715106794165 3.248739527395272 0.001237477927499385 1.027722123930861 0.0 
0.4  -0.0028 0.007697669396716215 5.925411414114138 -0.00418115837337782 0.5319236258684197 0.0 
0.41  0.01134 0.007893626361652252 6.230933713737137 -0.0064845117359682 0.4409344310707759 0.0 
0.42  0.01278 0.008163542928798225 6.664343315033151 -0.010959684607720368 0.3979934468271846 0.0 
0.43  0.00146 0.008355182629647767 6.980907677476777 -0.008940236050244918 0.37011379889167406 0.0 
0.44  0.00778 0.008599658961688109 7.39541342573426 0.014588530534734181 0.40576452312256794 0.0 
0.45  -0.00944 0.008851524860662348 7.834949235892359 0.0029239870522603136 0.3260262434408778 0.0 
0.46  0.00442 0.009062153489224217 8.212262586225863 0.002467386476167375 0.29186823440664833 0.0 
0.47  -0.0061 0.009331457477853425 8.70760986609866 -0.0011742584513247038 0.2741730284588848 0.0 
0.48  -0.00622 0.009570921018443911 9.160252914129144 0.00016046974054296327 0.2278728135932493 0.0 
0.49  -0.00676 0.009839741420845993 9.682051122911231 -0.004354004192647639 0.20646972271046904 0.0 
0.5  -0.00926 0.010119276976230327 10.23997665216652 0.002965890226016548 0.22536084837428527 0.0 
0.51  -0.00584 0.010415140118857592 10.847514369543694 0.002583155303178245 0.18262924685860016 0.0 
0.52  0.00138 0.010583907650155091 11.201910114701146 -0.00614688893526577 0.1572312582003108 0.0 
0.53  -0.0174 0.010805468059339208 11.675813998139981 0.006229185697726339 0.14398367447534755 0.0 
0.54  0.0156 0.011018038862329526 12.139718037180371 -0.008075736349344217 0.11105293018287465 0.0 
0.55  0.01174 0.011196547474590259 12.53626753507535 -0.001124781736218186 0.12657804987846166 0.0 
0.56  -0.02514 0.01133205029805461 12.841536395763958 -0.0064020833779434945 0.09939251910078806 0.0 
0.57  0.00158 0.011533087407847543 13.301210515705156 -0.005206508251801313 0.11156205013878662 0.0 
0.58  0.01942 0.011654440651351268 13.582598689586897 -0.011533205355832393 0.08469351668734282 0.0 
0.59  -0.0293 0.011801508711011426 13.927560785607858 -0.008021998588955087 0.10441213896638901 0.0 
0.6  -0.00238 0.01195863593583041 14.300897344573446 0.010064075875699406 0.08561457575181786 0.0 
0.7  -0.00876 0.01294450108057789 16.75601082250822 -0.0031045537421664 0.04231359964877601 0.0 
0.8  -0.00386 0.013803584910941212 19.05389563935639 -0.00689954058538042 0.06783713342159858 0.0 
0.9  -0.01698 0.014475980531077102 20.95540123361233 -0.005112027751069374 0.04848065403062707 0.0 
1.0  0.00644 0.01504471497564799 22.63434486984869 -0.0044903411404440055 0.03085964582700962 0.0 
1.1  -0.01444 0.015403203804756805 23.725868745087453 -0.007306381327576105 0.009659556924959123 0.0 
1.2  0.00924 0.015906673959277737 25.302227644676446 -0.0056055815169931645 0.024657413721959287 0.0 
1.3  0.00516 0.016362909618772327 26.774481119211192 0.0016891518343579402 0.008853333233956207 0.0 
1.4  -0.02732 0.016721176159389076 27.95977321533216 0.009124826032202623 0.01593459018004939 0.0 
1.5  -0.00534 0.017073202095280716 29.149422978629783 0.013277816148187278 -0.004427252697232209 0.0 
1.6  0.00606 0.017348747578843422 30.097904255442554 0.007245823255611775 0.024017685393536325 0.0 
1.7  0.04324 0.01770090495552028 31.332203624436247 0.0001607159041160119 -0.0037657766820564653 0.0 
1.8  0.01094 0.01806094308558253 32.61976651406514 0.003833309342386289 0.027847150884809935 0.0 
1.9  0.00276 0.018358172404924746 33.70224940489405 0.0049009139012063 0.02892121190069208 0.0 
2.0  -0.00012 0.01864217463609736 34.753067516275166 0.003085780944853316 -0.01324585241995102 0.0 
2.1  -0.0515 0.01883311509979811 35.468622436224365 -0.0038460818539268055 0.011887395068008288 0.0 
2.2  0.0058 0.019078954469913614 36.40065036650366 -0.006819669551517549 -0.008551445882182485 0.0 
2.3  0.01274 0.019386411097811595 37.58329352533526 -0.005671577080798075 0.022480928112956988 0.0 
2.4  -0.01786 0.01961100344496837 38.45914561185612 0.011161921263304639 0.000383050274586072 0.0 
2.5  -0.0375 0.01987472484204185 39.50046875468754 0.011654059960112473 0.009425488302059026 0.0 
2.6  0.00394 0.020001826053999545 40.0073045494455 -0.0026088426295118455 0.021596256620124876 0.0 
2.7  -0.0067 0.020268065004942888 41.07944590445906 0.009362268547618154 -0.012617565755530968 0.0 
2.8  -0.01378 0.020480788455109762 41.946269574295734 0.012954357717809102 0.0031082169231080314 0.0 
2.9  -0.01262 0.02069759143617712 42.83902912589125 0.0020367490444058137 0.00567472797950197 0.0 
3.0  0.01628 0.02088398695233049 43.61409110251102 0.011790494216846546 0.0022057557655403848 3.02239323e-316 
3.1  -0.03636 0.02112623115182703 44.63176426804268 -0.006403015104180474 0.03971337315138346 1.1426e-319 
3.2  -0.0095 0.021326210295607037 45.480724557245566 0.0004573258445185462 0.01983334145097837 2.6632369106e-313 
3.3  0.05674 0.021399906198015278 45.79559852838526 0.0048360844009517154 0.011920214587366917 4.5669299223346285e-306 
3.4  -0.02076 0.021724539345636257 47.19556097800978 0.0014739162767052284 -0.017125852767121863 1.0372751414800852e-299 
3.5  0.00834 0.021863807644251883 47.80260847048471 -0.01419551044318097 0.010652898174987602 1.1573410614139874e-300 
3.6  0.0035 0.02193193761615412 48.1009887598876 -0.002059046243862219 0.011165390165943645 3.6358966230498965e-295 
3.7  -0.04496 0.022200448522116525 49.28599145831458 0.0022137407212704436 0.01319930757745924 1.371794264563081e-284 
3.8  0.03298 0.022225536280158224 49.397446294062945 0.009249215657392536 -0.007345377915753737 2.074044336096817e-279 
3.9  -0.01436 0.022550384100991073 50.85198231022309 0.008204566887191652 0.0032875006159840403 4.213832592820776e-290 
4.0  -0.01358 0.02260792044874252 51.11180670166702 -0.005644693646787858 0.022761063879157994 1.6966634844860127e-280 
4.1  0.01164 0.022731260682287775 51.67102122061221 -0.0015314662889693187 0.0022562879137724146 4.772707891574482e-270 
4.2  0.04296 0.022879151621941523 52.34555789397895 0.0029369072043170003 0.0028550848902306747 7.549590921270956e-262 
4.3  0.0219 0.023014606245187124 52.96721006210062 -0.003072312912539164 -0.013596373809030116 2.3246620581948505e-268 
4.4  -0.00208 0.023234451900863755 53.98397551335514 0.0054548335610166655 0.016032186074517618 7.417675777244562e-261 
4.5  -0.00972 0.023448184436956593 54.981735338953335 0.0021794758651541234 -0.0037316187674649726 6.457446354874072e-259 
4.6  -0.0267 0.023465898184040938 55.06483775837758 0.015083929967864257 0.008185513237252362 2.8088694986268164e-250 
4.7  -0.00062 0.023680143657673118 56.074920364803646 -0.0002273435508004085 0.02993564323151432 8.667526139377196e-248 
4.8  0.01766 0.023883395600497303 57.0416585409854 -0.0006515284907058732 -0.0024754555114641086 5.152676594489219e-245 
4.9  0.0092 0.023933960849487897 57.28344819448194 -0.0022099700111978767 0.012693209110141712 7.727849756550235e-245 
5.0  0.00018 0.024027895727127897 57.733977307373095 0.01345500344994359 0.004160047543515066 4.721906252067888e-251 
