#mmax= 10
#m-states: all states (FBR)
#Nr. of sites: 33
 
0.0  -5.823821591260406e-60 
0.1  0.0024810251002191958 
0.2  0.00969146548484653 
0.3  0.020902155854875117 
0.4  0.03467334197204367 
0.41  0.036099473602205064 
0.42  0.03751981011668093 
0.43  0.03892873270225949 
0.44  0.040320089166327684 
0.45  0.04168654283287628 
0.46  0.04301942574462749 
0.47  0.044307668534214216 
0.48  0.04553991218604055 
0.49  0.046704837058160094 
0.5  0.04779726267234902 
0.51  0.04882271741922079 
0.52  0.049795307620928375 
0.53  0.05073062472306103 
0.54  0.05164018405841693 
0.55  0.052529930102485974 
0.56  0.05340220316018469 
0.57  0.05425732264714692 
0.58  0.055095972079317115 
0.59  0.05591830283703101 
0.6  0.05672458261597058 
0.7  0.0640368890272365 
0.8  0.0703371349901274 
0.9  0.07596146594259448 
1.0  0.08110433591491376 
1.1  0.08588462361157638 
1.2  0.09038034532300127 
1.3  0.09464355722233009 
1.4  0.09871467552976096 
1.5  0.10261965176138112 
1.6  0.10638056026901452 
1.7  0.11001479833810138 
1.8  0.11353347496985007 
1.9  0.11695015729848895 
2.0  0.1202731567519599 
2.1  0.12351097066133702 
2.2  0.12666830671261586 
2.3  0.12975214401801427 
2.4  0.1327675353240049 
2.5  0.1357189127465174 
2.6  0.13860992518562282 
2.7  0.14144525770003916 
2.8  0.14422734733999887 
2.9  0.14695937289553135 
3.0  0.14964372007805357 
3.1  0.15228325494878134 
3.2  0.1548809758737399 
3.3  0.157438391615819 
3.4  0.15995125899377538 
3.5  0.16243126524504117 
3.6  0.16487672757793256 
3.7  0.1672870242979356 
3.8  0.16966545812458786 
3.9  0.1720113692577849 
4.0  0.17432667608135954 
4.1  0.17661312944890786 
4.2  0.17887166097497553 
4.3  0.18110326890677556 
4.4  0.18330859753957002 
4.5  0.18548902889152757 
4.6  0.1876452902490383 
4.7  0.18977769201632746 
4.8  0.19188752400887646 
4.9  0.19397577371339753 
5.0  0.19604232719118136 
