#mmax= 10
#m-states: all states (FBR)
#Nr. of sites: 33
 
0.0  4.696871205416068e-15 
0.1  -1.605338754409156e-8 
0.2  -5.72603260775024e-8 
0.3  8.250333073526507e-7 
0.4  5.698117110422642e-8 
0.41  8.435650875947484e-7 
0.42  -9.288941888367689e-7 
0.43  -2.675080155176278e-6 
0.44  -1.2705359242450379e-5 
0.45  -2.2260542779576544e-5 
0.46  1.4492202179074978e-6 
0.47  2.5680984901104657e-5 
0.48  1.5262833024219697e-5 
0.49  -3.780888448695949e-5 
0.5  0.0007260132737071444 
0.51  8.497625864193413e-5 
0.52  -0.0006082023564007433 
0.53  -1.9028228485259536e-5 
0.54  0.0011768158797416963 
0.55  0.0015674337676457376 
0.56  0.002778832992264959 
0.57  0.0029641795194762267 
0.58  0.0019778125548218476 
0.59  0.0015257623626251436 
0.6  0.0016596910437766664 
0.7  -0.03525464624958378 
0.8  0.04270609964733462 
0.9  0.1271729463998249 
1.0  0.10404932508078818 
1.1  0.0967755285452405 
1.2  0.08830323068451461 
1.3  0.04937619774538214 
1.4  0.01729803870275187 
1.5  -0.006352546243048523 
1.6  -0.019215555151285053 
1.7  -0.018218949741427567 
1.8  0.014637613937920619 
1.9  0.00545990902378611 
2.0  0.00040578234195989284 
2.1  0.004929316682323854 
2.2  0.012817777823992243 
2.3  0.013540466785359936 
2.4  0.009525920746668456 
2.5  0.00633620609076947 
2.6  0.004386433050742837 
2.7  0.0028794433321235194 
2.8  0.0038353847868840964 
2.9  -0.006122108437630863 
3.0  -0.00890765795734411 
3.1  -0.008949313143593117 
3.2  -0.008527524749024224 
3.3  -0.009064508669132281 
3.4  -0.006338802270110706 
3.5  -0.006180099225778993 
3.6  -0.006665483478029598 
3.7  -0.006610601626481428 
3.8  -0.006059335694099017 
3.9  -0.005796560962615326 
4.0  -0.005782357126992518 
4.1  -0.005762659716092243 
4.2  -0.005836554120044462 
4.3  -0.0054829616633965345 
4.4  -0.005552945045416881 
4.5  -0.005470668702594475 
4.6  -0.005460253225584912 
4.7  -0.00509126669670997 
4.8  -0.004633032202161007 
4.9  -0.004501279763164541 
5.0  -0.0043681748175278794 
