#mmax= 10
#m-states: all states (FBR)
#Nr. of sites: 33

0.0  -0.0  0.0
0.1  -0.0  6.552690948779521e-19
0.2  -0.0  2.3645522994490287e-19
0.3  -0.0  3.6446624539776446e-19
0.4  2.000020000268671e-5  1.4142347759124123e-5
0.41  -0.0  3.139199519887263e-19
0.42  4.000080002137398e-5  2.000050001475049e-5
0.43  2.000020000268671e-5  1.4142347759124124e-5
0.44  2.000020000268671e-5  1.4142347759124124e-5
0.45  7.000245011435383e-5  2.6458571465411345e-5
0.46  3.0000450008974692e-5  1.73208544936447e-5
0.47  0.00011000605044375778  3.3168238039299147e-5
0.48  0.00015001125112511004  3.873293219155276e-5
0.49  0.0001600128013655462  4.0003400401553266e-5
0.5  0.0002100220530875298  4.583079856657992e-5
0.51  0.00038007221829592806  6.165616403697384e-5
0.52  0.0005901741184899538  7.683451106386608e-5
0.53  0.0006902381595596675  8.309532679815171e-5
0.54  0.0007402739351496404  8.60555292284115e-5
0.55  0.0008303446407143887  9.114262335700953e-5
0.56  0.0009404420770567194  9.699968248937114e-5
0.57  0.0010605621973211702  0.00010301142672703117
0.58  0.0011306389313736182  0.00010636210121212757
0.59  0.001380953076931735  0.0001175551296589077
0.6  0.0012908327662560358  0.00011365206404872138
0.7  0.0033556238133398745  0.0001833383166344664
0.8  0.005223619374574925  0.00022885232429452687
0.9  0.008385056529258934  0.0002901791477436542
1.0  0.011354215801415742  0.0003379206077944486
1.1  0.013480454392791046  0.0003684000689333766
1.2  0.01655630223268709  0.00040858639455868337
1.3  0.01952946458874397  0.0004440901855029561
1.4  0.022276284259090572  0.00047462067607117016
1.5  0.02590259432069817  0.000512262084433964
1.6  0.029748120140343413  0.0005495026644796709
1.7  0.03204809793914145  0.0005706793680150813
1.8  0.035378503885413325  0.0006001010679960559
1.9  0.038657671687034656  0.0006278136334796517
2.0  0.040811577907808566  0.0006454163977426254
2.1  0.04374292294105211  0.0006686867395166252
2.2  0.04718595157068939  0.0006951072598664988
2.3  0.05010452751017566  0.0007168089189257661
2.4  0.05370673066489732  0.00074280319057585
2.5  0.05594620760521909  0.0007585602803123527
2.6  0.057576148111723235  0.0007698475259543558
2.7  0.0618541273349394  0.0007987977909831735
2.8  0.06388806604265435  0.0008122421634881986
2.9  0.06804332241854708  0.0008391208755944884
3.0  0.07055122785749578  0.0008549869678267323
3.1  0.0739264500278276  0.0008759473524740725
3.2  0.07803721992289311  0.0009009090423844926
3.3  0.07782101069428417  0.0008996108924091914
3.4  0.08309904010984265  0.0009308613835327505
3.5  0.08487184915372253  0.0009411612047103847
3.6  0.08700774043245599  0.0009534465512287908
3.7  0.08989188518627303  0.0009698295421639928
3.8  0.09140282337925587  0.0009783212718966036
3.9  0.09515719143175495  0.0009991632694725018
4.0  0.09658799574644633  0.001007012958766981
4.1  0.09988663571617849  0.0010249228683983193
4.2  0.1003618923026959  0.0010274822152419774
4.3  0.10213239820721615  0.0010369723825754088
4.4  0.10675036981486352  0.0010614028151360486
4.5  0.10861023458982466  0.0010711159156007962
4.6  0.11191528450664599  0.001088206291777403
4.7  0.11356071210723477  0.001096636232522657
4.8  0.11895246903641682  0.001123911229283206
4.9  0.11744422952235643  0.0011163334067680435
5.0  0.12181741273217965  0.0011381965440346023
