#mmax= 10
#m-states: all states (FBR)
#Nr. of sites: 33

0.0  1.0  0.0
0.1  1.0  6.552690948779521e-19
0.2  1.0  2.3645522994490287e-19
0.3  1.0  3.6446624539776446e-19
0.4  0.99998  1.414206491216894e-5
0.41  1.0  3.139199519887263e-19
0.42  0.99996  1.9999699994749898e-5
0.43  0.99998  1.4142064912168942e-5
0.44  0.99998  1.4142064912168942e-5
0.45  0.99993  2.6456719365408766e-5
0.46  0.99997  1.732033486800989e-5
0.47  0.99989  3.316458953311482e-5
0.48  0.99985  3.872712225172403e-5
0.49  0.99984  3.9996999857489014e-5
0.5  0.99979  4.5821174098880935e-5
0.51  0.99962  6.16327346946398e-5
0.52  0.99941  7.67891787023384e-5
0.53  0.99931  8.303799102266099e-5
0.54  0.99926  8.599184813678248e-5
0.55  0.99917  9.106697497962321e-5
0.56  0.99906  9.690850278783113e-5
0.57  0.99894  0.00010290223461470052
0.58  0.99887  0.00010624191203775787
0.59  0.99862  0.0001173929035799784
0.6  0.99871  0.00011350545288609853
0.7  0.9966500000000225  0.00018272413327374506
0.8  0.994790000000647  0.00022766000368510045
0.9  0.991650000005138  0.00028775615186148564
1.0  0.9887100000368683  0.00033410548414490777
1.1  0.986610000020805  0.00036346719201802325
1.2  0.9835800000816667  0.0004018774059933977
1.3  0.9806600000193779  0.00043550148132393446
1.4  0.97797000000522  0.00046416478257979983
1.5  0.9744300000023509  0.0004991635429361918
1.6  0.9706900000201005  0.0005333967413948171
1.7  0.9684600000288139  0.0005526801407643292
1.8  0.9652400000158331  0.0005792415548820144
1.9  0.9620800000036981  0.0006040069405004251
2.0  0.9600100000000317  0.0006196061959969182
2.1  0.9572000000065728  0.0006400669470697088
2.2  0.9539100000344025  0.0006630697662831654
2.3  0.9511300000537506  0.0006817784670963928
2.4  0.9477100000325608  0.000703962011764825
2.5  0.9455900000729157  0.0007172870155158686
2.6  0.9440500000244251  0.0007267745568960133
2.7  0.9400200000129224  0.0007508858994903251
2.8  0.9381100000187874  0.0007619724960051739
2.9  0.9342200000306575  0.0007839235044236083
3.0  0.9318800000871685  0.0007967452556529033
3.1  0.9287400001304585  0.0008135273442510449
3.2  0.9249300000795836  0.0008332778006443863
3.3  0.9251300001015642  0.0008322570249858835
3.4  0.9202600000550973  0.000856634496861137
3.5  0.9186300000705399  0.0008645789175494901
3.6  0.9166700001834706  0.0008739958502898251
3.7  0.9140300001126609  0.0008864532965334162
3.8  0.9126500000858694  0.0008928649088804432
3.9  0.9092300000689889  0.0009084692195714141
4.0  0.9079300001064012  0.0009142972757604525
4.1  0.9049400000962912  0.0009274937006270661
4.2  0.9045100235835204  0.0009293679627401687
4.3  0.9029100000895547  0.0009362927340440282
4.4  0.8987500001186504  0.0009539357802294595
4.5  0.8970800001204098  0.0009608766656961352
4.6  0.8941200001089527  0.0009729870097225744
4.7  0.8926500001034863  0.0009789123330748366
4.8  0.8878500001250772  0.00099786458505967
4.9  0.8891901009202735  0.0009926326146247493
5.0  0.8853100000803327  0.001007656782490708
