#mmax= 10
#m-states: all states (FBR)
#Nr. of sites: 33
 
0.0  -4.4787359888734593e-29 
0.1  1.6150961712805405 
0.2  3.328199604109635 
0.3  5.281263984609159 
0.4  7.768129566153534 
0.41  8.070473938671688 
0.42  8.387771739149064 
0.43  8.72189623396788 
0.44  9.075834664569598 
0.45  9.452413589055977 
0.46  9.85567517266358 
0.47  10.287997924241932 
0.48  10.750917430643861 
0.49  11.238509304389797 
0.5  11.736922122805213 
0.51  12.223671088609748 
0.52  12.679161548446826 
0.53  13.093240348130523 
0.54  13.465309449443577 
0.55  13.800735425928126 
0.56  14.105773870082057 
0.57  14.386409689462953 
0.58  14.646749951341308 
0.59  14.89001592078662 
0.6  15.118846714599329 
0.7  16.880306408661404 
0.8  18.092961191821274 
0.9  19.012832480831854 
1.0  19.75030874723355 
1.1  20.363377699951222 
1.2  20.88606070237534 
1.3  21.340084770931625 
1.4  21.740208832384972 
1.5  22.096747900888733 
1.6  22.41749785910204 
1.7  22.708209325212803 
1.8  22.97359148381564 
1.9  23.217061653978373 
2.0  23.441591605944257 
2.1  23.649503075620686 
2.2  23.842888571189462 
2.3  24.023321494531203 
2.4  24.192187939214513 
2.5  24.35072450742398 
2.6  24.499920823366185 
2.7  24.64067895781229 
2.8  24.773762364783565 
2.9  24.899851403770754 
3.0  25.019540881616887 
3.1  25.133345492934044 
3.2  25.24168516720625 
3.3  25.345088670216835 
3.4  25.443951422485956 
3.5  25.538459675598624 
3.6  25.628937419125887 
3.7  25.715747928183095 
3.8  25.79908663936685 
3.9  25.879203706474605 
4.0  25.956285297100216 
4.1  26.03052376959671 
4.2  26.102084261757177 
4.3  26.17112922306247 
4.4  26.237800568804456 
4.5  26.30222972988338 
4.6  26.364539095913564 
4.7  26.424846274422695 
4.8  26.48325136221422 
4.9  26.539857521488404 
5.0  26.59475556201824 
