#mmax= 10
#m-states: all states (FBR)
#Nr. of sites: 33
 
0.0  0.0 
0.1  -0.7901888756366566 
0.2  -1.5193339299501867 
0.3  -2.1140480493272498 
0.4  -2.4627289055433756 
0.41  -2.4767763875017295 
0.42  -2.485691369210649 
0.43  -2.4890091506707606 
0.44  -2.4860194301461833 
0.45  -2.476020750121671 
0.46  -2.45806230076272 
0.47  -2.431398278721044 
0.48  -2.395449290116513 
0.49  -2.350960983451185 
0.5  -2.3003212820591603 
0.51  -2.247842634583632 
0.52  -2.1976585759641907 
0.53  -2.1522961757670895 
0.54  -2.112438357538498 
0.55  -2.0774957292722074 
0.56  -2.04657357709368 
0.57  -2.018732893747388 
0.58  -1.993357554489633 
0.59  -1.9699529564281646 
0.6  -1.9481252875707098 
0.7  -1.782569609481489 
0.8  -1.6670220309279635 
0.9  -1.5768894134156082 
1.0  -1.5026140782394515 
1.1  -1.4393367429718036 
1.2  -1.384244614422078 
1.3  -1.335502616038935 
1.4  -1.2919001008788742 
1.5  -1.2525311240438664 
1.6  -1.2166987736142794 
1.7  -1.1839123752549727 
1.8  -1.1536736855634562 
1.9  -1.1257311757128454 
2.0  -1.0997771809843913 
2.1  -1.0756054204261898 
2.2  -1.0529664811567097 
2.3  -1.0317308889286918 
2.4  -1.0117613392678921 
2.5  -0.9929236361579477 
2.6  -0.975118350672894 
2.7  -0.9582577427597465 
2.8  -0.9422573564918205 
2.9  -0.9270466468584506 
3.0  -0.91255995213072 
3.1  -0.8987478636312511 
3.2  -0.8855810714686176 
3.3  -0.8729731659998191 
3.4  -0.8608362525913802 
3.5  -0.8492472041842447 
3.6  -0.8381422699069985 
3.7  -0.8274505467722608 
3.8  -0.8171717735838924 
3.9  -0.8072609234462077 
4.0  -0.7977058709876301 
4.1  -0.7884874715682255 
4.2  -0.7795870729533256 
4.3  -0.7709852635615424 
4.4  -0.762664604803366 
4.5  -0.7546129911197664 
4.6  -0.7468159850932655 
4.7  -0.7392567865150891 
4.8  -0.7319274971587881 
4.9  -0.7248164157835986 
5.0  -0.7179095302018592 
