#mmax= 10
#m-states: all states (FBR)
#Nr. of sites: 48
 
0.0  24.000000000000018 0.010416666666667518 
0.1  21.746821636685688 0.008481937784759919 
0.2  19.7142192054692 0.0067776386177623715 
0.3  17.897705831492285 0.005330429447039653 
0.4  16.289146616730797 0.004239835966391325 
0.41  16.13728410480791 0.004157445493452205 
0.42  15.986456432504234 0.004082774562875535 
0.43  15.836438184301295 0.004012339451590852 
0.44  15.687014296862728 0.003950235816247316 
0.45  15.537682426289107 0.00390166763098454 
0.46  15.388009549153127 0.003862992180558633 
0.47  15.237211829660986 0.003838108054522449 
0.48  15.084864365139515 0.0038267260010202975 
0.49  14.9321987484437 0.0038364970223723205 
0.5  14.783142582447647 0.003858407673928199 
0.51  14.642179463563824 0.0038820736511447906 
0.52  14.510633264472604 0.003901526959863566 
0.53  14.387440205721221 0.003912902362683046 
0.54  14.270945824466706 0.003919040992591771 
0.55  14.1599163507065 0.003921484521056118 
0.56  14.053444411088073 0.00392164315132415 
0.57  13.951091945495826 0.003919868274308014 
0.58  13.852228648148671 0.003916886100445938 
0.59  13.756661239720133 0.003912957731930566 
0.6  13.664160072275024 0.003908276726705573 
0.7  12.864164338312845 0.003841773345750754 
0.8  12.222016244913053 0.00375934649767784 
0.9  11.683448484299445 0.003678700164550297 
1.0  11.219671058067247 0.0036045480337371094 
1.1  10.81287960499579 0.003532254519982181 
1.2  10.451270700629708 0.003461969554281241 
1.3  10.126458184591797 0.0033951424569810262 
1.4  9.832227415116332 0.0033321751231077945 
1.5  9.563888439828325 0.0032734494417622217 
1.6  9.317647541855285 0.003217438209125234 
1.7  9.090557075093045 0.0031645661195189856 
1.8  8.880102954285139 0.003114576683905912 
1.9  8.684392954238092 0.003067199965583356 
2.0  8.501692252932814 0.0030227729647112067 
2.1  8.3305744530857 0.002980006153282755 
2.2  8.169852618215305 0.0029392346627217236 
2.3  8.01850717136113 0.002900314536288251 
2.4  7.875631341609006 0.0028631093482169856 
2.5  7.740443249406651 0.002827566180749419 
2.6  7.612279089746667 0.0027935000513386044 
2.7  7.490535798296378 0.002760667237066805 
2.8  7.374668380407375 0.0027290444371969036 
2.9  7.264234675033618 0.0026986291297039777 
3.0  7.158807263274231 0.0026693053876465367 
3.1  7.058013862715027 0.0026410345020523307 
3.2  6.961551056167791 0.0026136306715567326 
3.3  6.869045884719966 0.0025875286679549747 
3.4  6.7802860336017226 0.0025618539640844817 
3.5  6.694984502498481 0.002537005531493719 
3.6  6.612955552409088 0.0025130071068670823 
3.7  6.533957591338944 0.002490106976236417 
3.8  6.457831269141277 0.002467604233658438 
3.9  6.384398510532746 0.002445500098753439 
4.0  6.31350172026562 0.002424054102811768 
4.1  6.24498415855244 0.0024036474258885 
4.2  6.178722883844728 0.002383491735010068 
4.3  6.114608735387681 0.002364212311599334 
4.4  6.05250872371987 0.0023451967190509793 
4.5  5.992324238980523 0.0023266597628542884 
4.6  5.933957457926851 0.002308604277421411 
4.7  5.877317982716424 0.0022909988263937198 
4.8  5.82231907283365 0.0022740474030618074 
4.9  5.768884497492208 0.0022572808900490626 
5.0  5.7169407871566635 0.0022409120605253463 
