#mmax= 10
#m-states: all states (FBR)
#Nr. of sites: 48
 
0.0  23.999999999999925 0.010416666666667074 
0.1  29.65405677914485 0.015362601362830075 
0.2  38.5309918853299 0.02364649061764501 
0.3  55.131558054347984 0.04084849946230107 
0.4  101.53146092100648 0.0993513337997961 
0.41  111.48298583132332 0.1133369512053749 
0.42  123.9329341890541 0.13149756369355825 
0.43  139.62201124748802 0.15472441308463158 
0.44  160.01835932822755 0.1850360619414546 
0.45  188.02379557984662 0.2263002558742725 
0.46  226.696668901247 0.2797645630852942 
0.47  281.70546812125264 0.3468529862109092 
0.48  358.1912525072245 0.42261840502963477 
0.49  455.6080350358195 0.4954555973467777 
0.5  560.6973944301805 0.5523124651868124 
0.51  655.0937858912847 0.5892144559246817 
0.52  731.1466462503445 0.6111377087970775 
0.53  790.8075858176285 0.6240933411286016 
0.54  838.8641937005003 0.6321843903316002 
0.55  879.0970736080299 0.6376241368289388 
0.56  913.9275755653396 0.6415386365332321 
0.57  944.5262819872848 0.6444601224653215 
0.58  972.1386263343069 0.646769324712601 
0.59  997.1656068123564 0.6486223285372983 
0.6  1019.9954692812742 0.6501368785635484 
0.7  1180.9200870457491 0.6575059868954616 
0.8  1280.8282663429886 0.6601868623755766 
0.9  1353.1937041588847 0.6615981131547488 
1.0  1409.7855427608504 0.6624810008868638 
1.1  1456.1365269955934 0.6630915637731816 
1.2  1495.2753025325705 0.6635420438074107 
1.3  1529.055596378735 0.6638898528200727 
1.4  1558.6957705524806 0.6641674948576511 
1.5  1585.012099143097 0.6643944914026298 
1.6  1608.6227526662851 0.6645838734519864 
1.7  1629.9776064462162 0.6647443936092805 
1.8  1649.4418389799719 0.6648823512323409 
1.9  1667.2680704907 0.665002061149133 
2.0  1683.6912312995769 0.6651070467842618 
2.1  1698.8900328513514 0.665199857591719 
2.2  1713.0105798404393 0.6652824862697253 
2.3  1726.173703928965 0.6653564972880601 
2.4  1738.486994979765 0.6654231837175356 
2.5  1750.041152723346 0.6654835963699557 
2.6  1760.9089735856387 0.6655385504926588 
2.7  1771.1547560635304 0.6655887327794676 
2.8  1780.8417161871103 0.6656347793269359 
2.9  1790.0141068902358 0.6656771421696608 
3.0  1798.7179553054518 0.665716249851995 
3.1  1806.99234399876 0.665752464222328 
3.2  1814.8660243411014 0.6657860642698527 
3.3  1822.3798551757095 0.66581737069359 
3.4  1829.5573514410867 0.6658465855242555 
3.5  1836.4215420192759 0.6658739045086721 
3.6  1842.995118761877 0.6658995068634938 
3.7  1849.2988269176194 0.6659235536081082 
3.8  1855.348887190406 0.6659461694679522 
3.9  1861.1634750782628 0.6659674853289497 
4.0  1866.757935821318 0.6659876115807637 
4.1  1872.1438841240615 0.666006634859226 
4.2  1877.3350139851345 0.666024646429104 
4.3  1882.3433017261855 0.6660417272305617 
4.4  1887.1788135867662 0.6660579438789527 
4.5  1891.8515229338693 0.6660733614173521 
4.6  1896.3701097628532 0.6660880353055387 
4.7  1900.7426509230236 0.6661020164856806 
4.8  1904.976570290226 0.6661153512509181 
4.9  1909.080172325103 0.6661280875835864 
5.0  1913.05936376203 0.6661402617715972 
