#mmax= 10
#m-states: all states (FBR)
#Nr. of sites: 48
 
0.0  -1.5118510012591373e-30 
0.1  0.025786746374713874 
0.2  0.0566029611884065 
0.3  0.09930545578884618 
0.4  0.16705415338345211 
0.41  0.17625634090279463 
0.42  0.18615066060786095 
0.43  0.1968070368856057 
0.44  0.20835936547637154 
0.45  0.22101555096706565 
0.46  0.23497742400669297 
0.47  0.25054446693037336 
0.48  0.2679019220278322 
0.49  0.28671648502114017 
0.5  0.3056566204021972 
0.51  0.32308132843488535 
0.52  0.3383428539629182 
0.53  0.3516480506295508 
0.54  0.3634607176486437 
0.55  0.37416008675620294 
0.56  0.38400464018589237 
0.57  0.3931208685410593 
0.58  0.40166696939304014 
0.59  0.4096935901879881 
0.6  0.417254052556446 
0.7  0.47606489412554437 
0.8  0.5168427045436575 
0.9  0.5479546008378182 
1.0  0.5730148753957955 
1.1  0.5939250559298825 
1.2  0.6118070087263195 
1.3  0.6273803960775187 
1.4  0.6411366756546174 
1.5  0.653416263771394 
1.6  0.6644793412313796 
1.7  0.6745202180111893 
1.8  0.683696370744907 
1.9  0.6921219413723263 
2.0  0.6998999716537434 
2.1  0.7071106594613598 
2.2  0.7138202091963644 
2.3  0.7200837679496025 
2.4  0.7259500881944995 
2.5  0.7314605231418073 
2.6  0.7366489594930343 
2.7  0.7415450430309372 
2.8  0.7461774670400739 
2.9  0.7505673626167894 
3.0  0.7547359088556805 
3.1  0.7587013096428257 
3.2  0.762477614325405 
3.3  0.7660824668880625 
3.4  0.7695281192556852 
3.5  0.7728246971846819 
3.6  0.7759834037848962 
3.7  0.7790134214859171 
3.8  0.7819228916462895 
3.9  0.7847202523484984 
4.0  0.7874127456409359 
4.1  0.7900055274355666 
4.2  0.7925054090075881 
4.3  0.7949181317393887 
4.4  0.7972482398644182 
4.5  0.7995005469502409 
4.6  0.8016791496911356 
4.7  0.8037879044023667 
4.8  0.8058302539766583 
4.9  0.8078102598410247 
5.0  0.8097306918512109 
