#mmax= 10
#m-states: all states (FBR)
#Nr. of sites: 48
 
0.0 1.5889821010540332e-27
0.1 -0.2945089732374758
0.2 -1.187763939812957
0.3 -2.714225079227953
0.4 -4.956433695647332
0.41 -5.2262628729605325
0.42 -5.505516368304601
0.43 -5.794618969540272
0.44 -6.09407947717186
0.45 -6.404511393055399
0.46 -6.7266607027814045
0.47 -7.06146325049184
0.48 -7.410021999083547
0.49 -7.773404167001473
0.5 -8.152069821421321
0.51 -8.545336437486663
0.52 -8.951666911932854
0.53 -9.369436617612614
0.54 -9.797327967404039
0.55 -10.234343784166702
0.56 -10.679714959640542
0.57 -11.132823114697663
0.58 -11.593151622793398
0.59 -12.06025307875221
0.6 -12.533738138749058
0.7 -17.55794780116559
0.8 -22.981457145368203
0.9 -28.69518799706853
1.0 -34.63574812649311
1.1 -40.761674369847285
1.2 -47.04371905962906
1.3 -53.460132267423134
1.4 -59.99409681153615
1.5 -66.63221901750623
1.6 -73.36359167379706
1.7 -80.17914591687025
1.8 -87.0712495644767
1.9 -94.03337956951644
2.0 -101.05991131478278
2.1 -108.14594873230642
2.2 -115.2871941102273
2.3 -122.47984970335585
2.4 -129.7205380848233
2.5 -137.00623727372817
2.6 -144.33423542422184
2.7 -151.7020867194258
2.8 -159.1075660365764
2.9 -166.5486526004242
3.0 -174.02350022467354
3.1 -181.53041768107505
3.2 -189.0678475694334
3.3 -196.63436248837328
3.4 -204.2286394019021
3.5 -211.8494504339086
3.6 -219.4956581550474
3.7 -227.16620334010594
3.8 -234.86009941651037
3.9 -242.57642428381274
4.0 -250.31431475005206
4.1 -258.0729624621143
4.2 -265.8516080914218
4.3 -273.6495369735598
4.4 -281.4660766569828
4.5 -289.3005927123735
4.6 -297.1524862906409
4.7 -305.02119060741217
4.8 -312.90616953722116
4.9 -320.8069145709451
5.0 -328.72294322016796
