0.0  -0.0  0.0
0.1  0.006319878914828165  0.000251793670027681
0.2  0.02648753300433312  0.0005180287961600212
0.3  0.067210038827232  0.0008434352572861053
0.4  0.14783276547279467  0.001269767752960431
0.41  0.16168292819671531  0.00133307694878293
0.42  0.178651215248604  0.00140625075980918
0.43  0.19964277488135088  0.001496541352860077
0.44  0.2205376411415767  0.0015828128811960303
0.45  0.24856548836384953  0.0016961154037712103
0.46  0.2834741162630426  0.0018279298524374729
0.47  0.340415229137195  0.002042029884303634
0.48  0.4097067564762409  0.0022915545008792173
0.49  0.5044565083529039  0.002643824842530238
0.5  0.5967524110120755  0.0029609384063758095
0.51  0.664302073123361  0.0031743831350495738
0.52  0.7054280488200482  0.0033182589614141585
0.53  0.7218320989882264  0.0033614976068975367
0.54  0.7148347629178192  0.003319941513957572
0.55  0.7179418382041832  0.003332701221411065
0.56  0.7155686649087086  0.0033188967718573168
0.57  0.7196117075318226  0.003318109342196713
0.58  0.718931328202583  0.003318593465891426
0.59  0.7169621140429601  0.003308427328659519
0.6  0.7178898461190284  0.0033102788482479847
0.7  0.710821253603686  0.0032650666936744773
0.8  0.6964265013137781  0.003216372715045455
0.9  0.7037638556826047  0.0032388014945940124
1.0  0.6986581409099833  0.0032202278623852066
1.1  0.7005228728456734  0.003220611547005404
1.2  0.7134322130488279  0.003260530011758822
1.3  0.7060279630446965  0.003240849594810819
1.4  0.7067865422063013  0.0032407581571677036
1.5  0.7032967623803891  0.0032300481223103998
1.6  0.7044318407829231  0.0032338066634870414
1.7  0.7094278777124643  0.0032507126048760366
1.8  0.7060959234451998  0.003236500343702335
1.9  0.7045330436173537  0.0032324186730032767
2.0  0.7055192346421492  0.00323007103638909
2.1  0.7000352294828746  0.003215110490721239
2.2  0.7027485527192305  0.00322887014512371
2.3  0.7082535582801943  0.0032423426118603667
2.4  0.7065498175821109  0.0032333122823707755
2.5  0.6982946754540266  0.0032108834758951066
2.6  0.7050966695073587  0.00323349540792032
2.7  0.7014557816536445  0.003224345616195613
2.8  0.7028177425307706  0.003222873235001925
2.9  0.7043008927048942  0.003230845228482746
3.0  0.7054544270098915  0.0032314460668793695
3.1  0.7036670253290132  0.003229883350775595
3.2  0.700702748940315  0.0032223851139319623
3.3  0.7014012275348381  0.003223845440541759
3.4  0.7074457349852069  0.0032381494313916213
3.5  0.706160042867161  0.003235767766226684
3.6  0.7030031566329314  0.003228133066867014
3.7  0.7003911020442213  0.0032213315103797177
3.8  0.7046696128448035  0.0032288193566479624
3.9  0.7044167058304583  0.003228029274493242
4.0  0.706090149566719  0.0032334127009161964
4.1  0.7001299254399247  0.0032164904323697544
4.2  0.6973501998171614  0.003208907119677138
4.3  0.6995303750986589  0.0032164238094967543
4.4  0.7003409155377767  0.003218471727534394
4.5  0.7033628895059231  0.003229140744397546
4.6  0.7007049281688246  0.0032227188129165733
4.7  0.7006841591649889  0.003218285093449087
4.8  0.7059004896760175  0.00323491636283667
4.9  0.7032206662948166  0.0032304148951941987
5.0  0.7033225698763633  0.003225029800394709
0.0  -0.0  0.0
0.1  0.006239424720390607  0.00025017979810408917
0.2  0.026564185940657622  0.0005187754928726052
0.3  0.06823620175883373  0.000840067500347215
0.4  0.14889491675383007  0.0012763176224700487
0.41  0.16383552719327646  0.0013483159823814482
0.42  0.1776031060834595  0.0014038961139123739
0.43  0.1980709356193368  0.0014938766386588934
0.44  0.2203350378322177  0.0015796211561237583
0.45  0.24961807858558976  0.0017007287399668574
0.46  0.287214285209979  0.0018513637716482932
0.47  0.33707234618498083  0.002038283580979239
0.48  0.41717701250581585  0.0023137002342247335
0.49  0.5077516783654654  0.0026383206902968687
0.5  0.6071385958491714  0.0029917467643700707
0.51  0.6663065142346749  0.0031850987629216416
0.52  0.7032610051641787  0.0033008283833073464
0.53  0.7161157785008775  0.0033426210746992755
0.54  0.7228580412260172  0.003350572476399301
0.55  0.718536602157864  0.003337918833588208
0.56  0.7171406525235623  0.003326566222907447
0.57  0.7155027629279593  0.0033111152575555154
0.58  0.7091415962559954  0.0032884436846146343
0.59  0.7170064411503191  0.003312428324272438
0.6  0.7116514499244444  0.003283579341546153
0.7  0.7063927452125803  0.0032540328802488218
0.8  0.7066327966737039  0.0032484760830053545
0.9  0.7043906150678191  0.0032379320020168374
1.0  0.7031590567237104  0.0032353375574234516
1.1  0.7086084540184894  0.003251593699749835
1.2  0.7027535994096109  0.0032331017553609864
1.3  0.7062435497974123  0.00324267991663119
1.4  0.7097246108585739  0.003244340686263101
1.5  0.705171961506224  0.0032399827012137513
1.6  0.7021155771504217  0.0032298403346992686
1.7  0.703613704797663  0.0032325002111046634
1.8  0.7000406217275458  0.0032175819745657655
1.9  0.6988401343623614  0.0032152864475697386
2.0  0.7040727837981011  0.003230119042055249
2.1  0.7110326808413954  0.0032538368522879134
2.2  0.7012118462041583  0.0032206025776168636
2.3  0.7030296879492451  0.0032276269759328752
2.4  0.7059975006757679  0.0032352919235623012
2.5  0.7052162538662543  0.0032321398503658227
2.6  0.7054805831519114  0.003229738115125312
2.7  0.6998890292999321  0.003214282844959324
2.8  0.7073425328659083  0.0032411621843333013
2.9  0.700322136739949  0.003216479777101058
3.0  0.6996557513054807  0.003215979758457313
3.1  0.7071595089693464  0.0032401823339448816
3.2  0.7066267921929006  0.003235865819606191
3.3  0.7006604956738973  0.003218334756697335
3.4  0.7061218452229545  0.0032346025134069025
3.5  0.703495572834126  0.0032296065246978046
3.6  0.7020483816638396  0.003222024132821045
3.7  0.704385673068328  0.003231826718616661
3.8  0.7020864944361971  0.003224067973285726
3.9  0.7056641655715246  0.0032303638897197744
4.0  0.7023309933760006  0.0032214535522406425
4.1  0.7026044668462021  0.003225170320046029
4.2  0.7050154562858544  0.00323349396314049
4.3  0.6998645512628885  0.003217768653133726
4.4  0.7034678594212963  0.0032317256119547186
4.5  0.7047913368181541  0.003229074209516213
4.6  0.7035319175180643  0.0032250510220417686
4.7  0.7016844302573112  0.0032242838812010332
4.8  0.6963332680736566  0.0032047569188724738
4.9  0.7067945443458316  0.00323603835670446
5.0  0.700170866489865  0.0032152721070455273
