#mmax= 10
#m-states: all states (FBR)
#Nr. of sites: 48
 
0.0  0.0 
0.1  0.02297495019722477 
0.2  0.07702422563585096 
0.3  0.16005220611500134 
0.4  0.29198309811215095 
0.41  0.31098196263159905 
0.42  0.33222046275669065 
0.43  0.35628311974013305 
0.44  0.3842861934407393 
0.45  0.418514143764793 
0.46  0.46154528768629904 
0.47  0.5178914826068005 
0.48  0.5896855809194916 
0.49  0.6692483757162171 
0.5  0.7353110089176677 
0.51  0.7724047828696183 
0.52  0.785409713873375 
0.53  0.7859820423973272 
0.54  0.7820772626321587 
0.55  0.7771803136745189 
0.56  0.7724854251394109 
0.57  0.7683341766249403 
0.58  0.7647278261494393 
0.59  0.7616217574096157 
0.6  0.7589335765751491 
0.7  0.7442780736729627 
0.8  0.7384346916931445 
0.9  0.735447514024789 
1.0  0.73361025345527 
1.1  0.7323915594094953 
1.2  0.731479082757879 
1.3  0.7307837046874353 
1.4  0.7301932697397804 
1.5  0.729734759376675 
1.6  0.7293114517692365 
1.7  0.7289740957189758 
1.8  0.7286848450556107 
1.9  0.7284073052918498 
2.0  0.7281665432130975 
2.1  0.7279512367850333 
2.2  0.7277763662679414 
2.3  0.7276180733925014 
2.4  0.7274653958747769 
2.5  0.7273335071830896 
2.6  0.7272050484556916 
2.7  0.7270851011815809 
2.8  0.7269696284237728 
2.9  0.7268662917931479 
3.0  0.7267664429459288 
3.1  0.7266741625000528 
3.2  0.726586912536931 
3.3  0.7265065527559244 
3.4  0.7264292590511008 
3.5  0.7263586709553784 
3.6  0.7262890495396708 
3.7  0.7262237332919927 
3.8  0.7261625514522821 
3.9  0.7261039080977253 
4.0  0.7260479535039885 
4.1  0.7259944540811795 
4.2  0.725943398200287 
4.3  0.7258945559540996 
4.4  0.7258478041378186 
4.5  0.7258029347146543 
4.6  0.7257597630482227 
4.7  0.7257182751755371 
4.8  0.7256784148936236 
4.9  0.7256400425526897 
5.0  0.7256030539211109 
