#mmax= 10
#m-states: all states (FBR)
#Nr. of sites: 48
 
0.0  -0.0 
0.1  0.006345436063626901 
0.2  0.026700752312551118 
0.3  0.06678958585784221 
0.4  0.14972189921220244 
0.41  0.16353509967896535 
0.42  0.1794819291299815 
0.43  0.19818735741005158 
0.44  0.22076308019338256 
0.45  0.24934131727053377 
0.46  0.28703377337541447 
0.47  0.33960341389174364 
0.48  0.41372756599418054 
0.49  0.5090787089481537 
0.5  0.6045303372635157 
0.51  0.6712611645844624 
0.52  0.7045595525977266 
0.53  0.7169806280768762 
0.54  0.7201879791892742 
0.55  0.7200492555964387 
0.56  0.7188890670647926 
0.57  0.717534788762934 
0.58  0.7162590474354389 
0.59  0.7151311215579766 
0.6  0.714153120945076 
0.7  0.7090607700589998 
0.8  0.7071122095950709 
0.9  0.7062377315625986 
1.0  0.705682758188195 
1.1  0.7053579824681885 
1.2  0.7050771031651746 
1.3  0.704872597920634 
1.4  0.7046430100806026 
1.5  0.7045125449469567 
1.6  0.7043269083467582 
1.7  0.7042208055570459 
1.8  0.7041370419980965 
1.9  0.7040172274319458 
2.0  0.7039237334897609 
2.1  0.703841199327338 
2.2  0.7038059917501308 
2.3  0.7037752571882416 
2.4  0.7037312949428965 
2.5  0.7037073357027928 
2.6  0.7036731153788074 
2.7  0.7036377292198633 
2.8  0.7035970594552275 
2.9  0.7035675915150923 
3.0  0.7035334745061106 
3.1  0.7035040242796973 
3.2  0.7034762412995629 
3.3  0.7034523192652915 
3.4  0.7034269142077844 
3.5  0.70340807737226 
3.6  0.7033848000830307 
3.7  0.7033641216746069 
3.8  0.7033461517170674 
3.9  0.7033282602701761 
4.0  0.7033112641698538 
4.1  0.703294645252305 
4.2  0.7032789932036309 
4.3  0.7032640289257269 
4.4  0.7032497623510386 
4.5  0.7032359961556193 
4.6  0.7032226877022968 
4.7  0.7032097887878777 
4.8  0.7031974681359302 
4.9  0.7031856006168116 
5.0  0.7031741268747655 
