#mmax= 10
#m-states: all states (FBR)
#Nr. of sites: 48

0.0  0.0 0.0 0.0 NaN NaN 0.0 
0.1  -0.00268 0.002306161607479753 0.5318381359813596 0.006899476241638241 7.406243146963849 0.0 
0.2  -0.00114 0.004597194616935796 2.113419834598346 -0.008505569610225042 1.8243783626388455 0.0 
0.3  -0.00234 0.006913061778129247 4.779042314823149 -0.011054650538343624 0.7222237677583339 0.0 
0.4  -0.01138 0.009351234111698525 8.74455794117941 -0.017168258984659755 0.30784213734412447 0.0 
0.41  -0.01696 0.009629353603877485 9.272445082850831 -0.0002797197227871008 0.3422793486382463 0.0 
0.42  0.00156 0.00985410303870763 9.710334669746695 0.01225170824960436 0.2851688514287858 0.0 
0.43  0.00368 0.010193807125556042 10.391370371303713 0.007919584374285388 0.26523962224468 0.0 
0.44  -0.00458 0.010465815093381675 10.953328556885568 -0.0029611455431046456 0.2509153912893134 0.0 
0.45  -0.00404 0.010751157735701143 11.558739265792653 -0.0025383480516688074 0.21580005754606635 0.0 
0.46  0.00244 0.011034507604219623 12.176035806758069 0.01070624371145868 0.22238971863520707 0.0 
0.47  0.00256 0.011393420582262625 12.981003256432562 0.01675620311319203 0.18119454763605214 0.0 
0.48  0.00536 0.011694899760613773 13.67706804108041 -0.007179156202633239 0.18677371202809745 0.0 
0.49  0.0295 0.012008810915964832 14.421153961539611 0.004223866898233158 0.1439778951217403 0.0 
0.5  -0.00658 0.012414987247479702 15.413190835508361 0.008329327948320715 0.13434286893036962 0.0 
0.51  -0.0044 0.012662125007047473 16.032940969409697 -0.01507189522343889 0.09207569822619144 0.0 
0.52  0.01748 0.012921370442570756 16.696181411414116 0.006188923587955356 0.0661292127283053 0.0 
0.53  -0.00074 0.013216858226424833 17.46853413774138 -0.00044953508602291875 0.09939340486418313 0.0 
0.54  -0.00298 0.013488740884801169 18.19461306573066 -0.0063578543665111075 0.08474711356664022 0.0 
0.55  -0.01648 0.013637035740344666 18.596874378343777 0.0007669291434765116 0.05210853727526965 0.0 
0.56  0.01826 0.013885322961528028 19.280219374593745 -0.010087869403516797 0.04593510722389604 0.0 
0.57  -0.01176 0.014079566732182977 19.823419936599365 0.01640259960698538 0.05644484774201164 0.0 
0.58  0.00046 0.0141835118924791 20.117200960409605 -0.005468784622164005 0.06402472334417819 0.0 
0.59  -0.01476 0.014324799245460098 20.519987342273417 0.00684717501974219 0.02503875957922652 0.0 
0.6  -0.0011 0.014543125624329497 21.15025029250292 -0.007277728971758202 0.08033223790699173 0.0 
0.7  -0.01521 0.015755528202053056 24.823666892568923 0.003129951735083225 0.02873427935386985 0.0 
0.8  0.02574 0.01665126262988701 27.72645471694717 0.01847094801969694 0.010511246016277731 0.0 
0.9  0.02148 0.017436175793397558 30.402022629826295 -0.006121979310067254 0.004459315194623059 0.0 
1.0  -0.02778 0.018125974959314114 32.855096822568235 0.01320194958060801 0.010981256540476103 0.0 
1.1  -0.00234 0.018778899640679615 35.26470717147169 0.002606693195689748 -0.008746389928240283 0.0 
1.2  0.00986 0.0192539641361292 37.07151349553495 0.025097485336005546 0.016208984515988067 0.0 
1.3  0.00224 0.019733723521485756 38.94198440224402 0.015704142200638347 0.01283740503514652 0.0 
1.4  0.02308 0.02028115347774539 41.132518638786394 -0.002911316643270887 6.631920500721478e-5 0.0 
1.5  0.00117 0.020641742831613595 42.60815471264713 -0.0016033466335229878 0.010420897029586929 0.0 
1.6  0.02285 0.021138002434631077 44.68151469264693 0.009540938524126841 0.02739049606300803 0.0 
1.7  -0.01421 0.021441554938058518 45.974027816178165 -0.009910594907763554 0.01667484244860873 2.72023773641485e-309 
1.8  0.00603 0.02187287179627326 47.84225206162063 0.017302465014968342 0.013679689800233152 4.485199528557981e-298 
1.9  -0.01398 0.022147973968819568 49.05327509235092 -0.0030059970766204425 -0.00604517393509818 2.0743626179547298e-297 
2.0  0.0236 0.022503637362367566 50.641369453694544 0.007852024555480534 -0.024824126255115875 4.564888677653872e-275 
2.1  -0.00742 0.02280639495300622 52.013165075250754 -0.003531560277820896 0.027424034351198223 2.854200490528278e-269 
2.2  -0.02375 0.02313603708799589 53.52762121371214 0.00021630442740716018 0.012400274902071295 2.4177411475827e-268 
2.3  -0.03509 0.023467004366172075 55.07002939219392 0.0025024398335353345 0.030064989085510252 3.7621496396678917e-261 
2.4  0.00058 0.0237764641996765 56.53202498384984 -0.0075533693563551866 0.008373524486320783 2.2029091545674284e-261 
2.5  -0.01797 0.02400500433645726 57.62402331933319 -0.000427516053792505 0.013371791620182094 2.3742720545706847e-249 
2.6  0.02056 0.024318056800305105 59.13678865428653 0.0010356517945091178 0.007657902416801754 4.875977353625866e-237 
2.7  -0.01569 0.024545371518712646 60.24752629916299 0.010270720682320784 0.007258941561790078 2.2578916532084717e-234 
2.8  -0.00975 0.02474681541984209 61.24048734237343 0.01109510279593552 -0.001802372058240298 1.8572167948389653e-234 
2.9  -0.0034 0.025197897407131763 63.493403374033754 0.004690191001328828 -0.0005026242716792417 2.302061658423158e-221 
3.0  -0.02775 0.025367759747509162 64.35232346073461 -0.009890109674224042 0.01348742896763655 7.163117357153773e-221 
3.1  0.01581 0.025457255962845086 64.80718811578117 -0.002813653591012022 -0.001816436615417416 5.2351974161190414e-220 
3.2  0.02172 0.025807338929138467 66.60187426034258 -0.010739811576680478 -0.003473758265877258 5.0264503731088624e-232 
3.3  0.00222 0.025878764418350388 66.97104478204781 0.005482255647641915 0.014575958409266843 1.7711891360545605e-214 
3.4  0.05566 0.026052980774223754 67.87578072220725 -0.006817577664285279 -0.0028649738433506045 1.0758527457087082e-201 
3.5  0.01855 0.026422695558239433 69.81588405634058 -0.0028576809654382524 0.00863390889412452 2.0118200466878376e-205 
3.6  -0.00096 0.026476978700146488 70.10304010880108 -0.013272045819047501 0.028622965621272645 5.458185043449036e-204 
3.7  0.00123 0.026846450271682507 72.07318921899218 0.0001779852901422138 0.018455957778377385 6.338702162072511e-193 
3.8  0.07213 0.027029797977986946 73.06099787307873 0.006084893309899468 -0.004278649893726616 3.316977698782585e-208 
3.9  -0.02754 0.027071677898524178 73.28757442414424 -0.007885946756357981 -0.017631497050519584 4.840952821359387e-198 
4.0  0.01603 0.02738365258754373 74.98644290352905 -0.00564005667281873 -0.009139734993056425 3.352609044718614e-188 
4.1  0.0242 0.027552621201427475 75.91469350693508 0.006879233425681856 -0.0024930273753547283 1.4826160334888788e-185 
4.2  -0.04899 0.0277792047517773 77.16842166411664 0.007125827697457943 0.013325131191369799 1.2669089493334507e-185 
4.3  -0.02298 0.027898897875741017 77.83485026810267 0.0076000033601856054 -0.009506669562751924 3.0990544905729335e-180 
4.4  0.04986 0.028082781668315238 78.86426262302624 -0.00025904608314173343 0.005342033183232342 1.955921174223586e-180 
4.5  0.00335 0.028344421353014397 80.34062218372185 0.0015694289376188193 -0.004368156543946622 6.520291066436363e-171 
4.6  -0.00843 0.02843682956807525 80.86532758837589 0.0019994096878633134 0.0003078279121297989 1.2170148637100484e-178 
4.7  0.02441 0.028594522517191637 81.76467179861795 0.014351234145116474 -0.007182791948234346 5.2112182235096345e-174 
4.8  0.00083 0.02880111088397254 82.95039881508815 -0.0005088102841365965 0.02230874400094285 1.1492561102414974e-168 
4.9  0.00187 0.028978686351759056 83.97642626736265 0.00020400179656697085 0.015231759024898928 9.635030285515826e-170 
5.0  0.01414 0.02910212483549439 84.69336699406993 -0.008186623054448021 -0.010578201586907365 3.279969325056783e-172 
