#mmax= 10
#m-states: all states (FBR)
#Nr. of sites: 48
 
0.0  -2.373074085990104e-59 
0.1  0.002481040984950048 
0.2  0.009691571705606214 
0.3  0.02090255435455313 
0.4  0.034669454578419356 
0.41  0.0360944440451757 
0.42  0.03751281867299812 
0.43  0.038919255993305105 
0.44  0.04030701835693659 
0.45  0.04166932299914392 
0.46  0.04299499560157837 
0.47  0.04427206594306913 
0.48  0.0454840670119437 
0.49  0.04661684917324172 
0.5  0.047671301501613715 
0.51  0.04866880693274729 
0.52  0.04963174309436029 
0.53  0.050571406574644005 
0.54  0.05149052032858218 
0.55  0.052388926043979746 
0.56  0.05326668855738327 
0.57  0.05412467515241622 
0.58  0.05496350919401292 
0.59  0.055784081215718415 
0.6  0.05658726979676038 
0.7  0.06385299629644735 
0.8  0.07011006837346673 
0.9  0.07569781236337787 
1.0  0.0808089064353902 
1.1  0.08556249931986865 
1.2  0.09003463347761365 
1.3  0.09427837480789143 
1.4  0.09832975495018702 
1.5  0.10221736727389681 
1.6  0.10596265016056208 
1.7  0.10958158750092609 
1.8  0.11308734305456734 
1.9  0.11649144789036073 
2.0  0.11980197923895991 
2.1  0.12302671035389116 
2.2  0.12617247470948867 
2.3  0.12924540760058828 
2.4  0.13225011286932703 
2.5  0.1351906469211688 
2.6  0.13807141348868593 
2.7  0.14089696628138734 
2.8  0.14366905700129415 
2.9  0.14639155270876533 
3.0  0.14906677025544698 
3.1  0.15169693806263873 
3.2  0.15428498354320003 
3.3  0.15683296968613605 
3.4  0.15933985153511185 
3.5  0.16181153108783036 
3.6  0.16424629008925562 
3.7  0.166648279009717 
3.8  0.16901767657965375 
3.9  0.17135496395967187 
4.0  0.17366115780734548 
4.1  0.17594081877434212 
4.2  0.17819243054456307 
4.3  0.18041582191895475 
4.4  0.18261371454973677 
4.5  0.18478630541535382 
4.6  0.1869347448688227 
4.7  0.18905995762548247 
4.8  0.19116345297582732 
4.9  0.1932440857027881 
5.0  0.1953034337058441 
