#mmax= 10
#m-states: all states (FBR)
#Nr. of sites: 48
 
0.0  -1.4416984019205794e-14 
0.1  4.63190500329274e-9 
0.2  4.18088482627504e-6 
0.3  1.1714245997536807e-6 
0.4  -2.1180569935768423e-7 
0.41  2.5466184214307484e-5 
0.42  6.934562451498585e-6 
0.43  1.2022405475218295e-5 
0.44  -7.732153191307884e-5 
0.45  -1.451418270181059e-5 
0.46  1.8942375040565353e-6 
0.47  0.0004169295200447428 
0.48  -0.0003500713985116325 
0.49  -0.001475630892202639 
0.5  0.0006864656485978841 
0.51  -0.0018704449919500566 
0.52  -0.0021274446056330936 
0.53  -0.007604137425683465 
0.54  -0.013160123584371278 
0.55  -0.012531987290638863 
0.56  -0.018401603042838006 
0.57  -0.01878959515986256 
0.58  -0.016450101537782827 
0.59  -0.014779915300168327 
0.6  -0.01369598709986619 
0.7  0.04851038317025332 
0.8  -0.35570145172686385 
0.9  -0.2564205211575435 
1.0  0.2626845812948018 
1.1  -0.03208059746062966 
1.2  0.11503121881790505 
1.3  0.07313939543182152 
1.4  0.316135505833444 
1.5  0.29433860200241496 
1.6  0.4434596266776409 
1.7  0.4544908608899454 
1.8  0.4483217672558821 
1.9  0.5222033723397135 
2.0  0.5616054364694297 
2.1  0.593394041458781 
2.2  0.5642969452608896 
2.3  0.5339508772725191 
2.4  0.5307283381253547 
2.5  0.4998388867323135 
2.6  0.49091864928794204 
2.7  0.48959675735842284 
2.8  0.5022239947271864 
2.9  0.4989545701879189 
3.0  0.5076359388912811 
3.1  0.5112849262910881 
3.2  0.514640734630847 
3.3  0.5142568135922895 
3.4  0.5188463706021625 
3.5  0.5139167636319197 
3.6  0.5188591332156963 
3.7  0.5210638748787746 
3.8  0.5202106425892352 
3.9  0.5207718843319505 
4.0  0.5211281137954061 
4.1  0.5222617658419958 
4.2  0.5228839775203541 
4.3  0.523476720117485 
4.4  0.5238842978692878 
4.5  0.5244715142944338 
4.6  0.5251142633417099 
4.7  0.525999818964606 
4.8  0.5266758279198411 
4.9  0.5273447944520646 
5.0  0.5280578804326274 
