#mmax= 10
#m-states: all states (FBR)
#Nr. of sites: 48

0.0  -0.0  0.0
0.1  -0.0  9.980331222254594e-20
0.2  -0.0  2.2782961623045955e-19
0.3  -0.0  3.1580685533634256e-19
0.4  -0.0  3.052179695163838e-19
0.41  -0.0  2.951830338996884e-19
0.42  -0.0  3.0461564615682556e-19
0.43  1.0000032141949845e-5  1.000008214234369e-5
0.44  -0.0  3.0477543843835e-19
0.45  1.0000050000287824e-5  1.000010000100001e-5
0.46  -0.0  3.003286295436462e-19
0.47  -0.0  3.0717237959973377e-19
0.48  3.0000366655259266e-5  1.732080636855918e-5
0.49  -0.0  3.048017253439763e-19
0.5  5.0001250036444414e-5  2.2361350617656156e-5
0.51  5.00012500415517e-5  2.2361350619916277e-5
0.52  6.0001797493415554e-5  2.4495753734180933e-5
0.53  0.0001500112402677207  3.8732929387992646e-5
0.54  0.0001600128013264601  4.000340039178193e-5
0.55  0.00026003374582724746  5.099706836528728e-5
0.56  0.00020001989694900542  4.472603234607214e-5
0.57  0.00043009244298076104  6.558881111474638e-5
0.58  0.00039007601603679987  6.246246499905774e-5
0.59  0.00035005720157858214  5.9170762765884035e-5
0.6  0.0004200791810838093  6.481994948916564e-5
0.7  0.0012405420152993756  0.00011140466847909072
0.8  0.001951635680994544  0.0001397603112665289
0.9  0.003022760880451251  0.00017394409431067335
1.0  0.004460735450874735  0.00021130008191398836
1.1  0.006116442931836325  0.0002474999048661073
1.2  0.007717912751571949  0.0002779981105722686
1.3  0.009223233639067822  0.0003115632907725748
1.4  0.010427445593960694  0.0003237804981758644
1.5  0.012299910715731218  0.00035211667504527307
1.6  0.014275418090420502  0.0003791079416182281
1.7  0.016359520322321335  0.000407563322371474
1.8  0.01825705727411613  0.0004316330563999412
1.9  0.020413735944979278  0.000453356322368673
2.0  0.02181057304586242  0.00047268467912802136
2.1  0.02401705401729788  0.0004971599998433523
2.2  0.02646659704273342  0.0005177426011560095
2.3  0.027867179695250315  0.0005323565832592105
2.4  0.029879049134072543  0.000552720504117481
2.5  0.031241855164599066  0.0005717992508657669
2.6  0.03405473457067724  0.0005940446386200521
2.7  0.035814241375586676  0.0006076209309891615
2.8  0.03714861736716333  0.0006244446331932757
2.9  0.03984937299970637  0.0006469439423849012
3.0  0.041769567868726654  0.0006569839440225768
3.1  0.042525361788057214  0.0006652046012754337
3.2  0.04567309103931564  0.0006905341384113394
3.3  0.04725070545094164  0.0007029052609636608
3.4  0.04817082628951198  0.0007039917412407288
3.5  0.0501918903612153  0.0007317314837191505
3.6  0.05109319077044037  0.0007308390171331839
3.7  0.05426874745958744  0.00075585075177929
3.8  0.05433603001905051  0.0007639844373096519
3.9  0.056162248284813684  0.0007714562849948558
4.0  0.05900297311120462  0.0007925283674475723
4.1  0.060429038198562414  0.0007960213100857983
4.2  0.06455695539658118  0.0008346626124038545
4.3  0.06511782064202731  0.0008362715450032943
4.4  0.06539759550962762  0.0008324280666019804
4.5  0.06915845576152241  0.0008508701631114226
4.6  0.07056909045873395  0.0008598354374071464
4.7  0.07081417392152206  0.0008569783635193911
4.8  0.07314934772455159  0.0008878045521524959
4.9  0.07614304550592843  0.0009136513857912827
5.0  0.07575106434855554  0.0008957454632526872
