#mmax= 10
#m-states: all states (FBR)
#Nr. of sites: 48

0.0  1.0  0.0
0.1  1.0  9.980331222254594e-20
0.2  1.0  2.2782961623045955e-19
0.3  1.0  3.1580685533634256e-19
0.4  1.0  3.052179695163838e-19
0.41  1.0  2.951830338996884e-19
0.42  1.0  3.0461564615682556e-19
0.43  0.9999900000178582  9.99998214170085e-6
0.44  1.0  3.0477543843835e-19
0.45  0.99999  1.0e-5
0.46  1.0  3.003286295436462e-19
0.47  1.0  3.0717237959973377e-19
0.48  0.9999700000833512  1.732028674581183e-5
0.49  1.0  3.048017253439763e-19
0.5  0.9999500000000052  2.236023255012539e-5
0.51  0.9999500000000001  2.2360232552385283e-5
0.52  0.9999400000025784  2.4494283989020044e-5
0.53  0.9998500000108558  3.8727119449004924e-5
0.54  0.999840000000039  3.9996999847720806e-5
0.55  0.999740000060017  5.0983809130573e-5
0.56  0.9998000001056969  4.471708714433033e-5
0.57  0.9995700000335157  6.55606079281653e-5
0.58  0.999610000053721  6.243810464106366e-5
0.59  0.9996500040612949  5.9150053239225895e-5
0.6  0.9995800090398217  6.479272569634098e-5
0.7  0.9987602271388576  0.00011126655199450577
0.8  0.9980502675216004  0.00013948781604846132
0.9  0.9969818030614924  0.00017341909677775341
1.0  0.9955491988525841  0.0002103596272669565
1.1  0.9939022244265644  0.00024599070599178713
1.2  0.9923117938635662  0.00027586080379264985
1.3  0.9908191699142149  0.0003087028811390237
1.4  0.9896267317429167  0.0003204218362118741
1.5  0.9877754239996556  0.00034781219799019355
1.6  0.9858259925570954  0.0003737344628320671
1.7  0.9837735698779728  0.00040095002460071205
1.8  0.9819085931676348  0.00042382420717431264
1.9  0.9797932137647645  0.0004441954480741767
2.0  0.9784255576713462  0.00046248677077853563
2.1  0.9762690603064978  0.0004853619258690481
2.2  0.9738805737834226  0.0005042194614859362
2.3  0.9725175282979053  0.0005177261085243654
2.4  0.9705629168747907  0.0005364500246927671
2.5  0.9692411287536528  0.0005542113513296289
2.6  0.9665186012090079  0.0005741551931747633
2.7  0.9648195003811922  0.0005862445230581177
2.8  0.9635329269809086  0.0006016729651582368
2.9  0.9609341708834361  0.0006216705408836965
3.0  0.9590907604390885  0.0006301072304688847
3.1  0.9583661593333098  0.0006375095788951832
3.2  0.9553542250039593  0.0006597047066407419
3.3  0.953848232660349  0.0006704649408978493
3.4  0.9529709806754525  0.0006708837000375967
3.5  0.9510469102547703  0.0006959109667272368
3.6  0.9501901174572157  0.0006944360115320961
3.7  0.9471775207412149  0.0007159248411206914
3.8  0.9471137943572147  0.000723580199250206
3.9  0.9453857362321261  0.0007293237679607626
4.0  0.9427039663892082  0.0007471196354687902
4.1  0.941360567289972  0.0007493430720372738
4.2  0.9374827180414687  0.0007824817745239584
4.3  0.9369570639910364  0.0007835505315055345
4.4  0.9366949636187692  0.0007797311775609844
4.5  0.9331788008048318  0.0007940139984529289
4.6  0.9318633544349929  0.0008012491349643028
4.7  0.9316349981215637  0.0007983910360876087
4.8  0.9294620066238247  0.0008251806005334249
4.9  0.9266836391480245  0.0008466657910977016
5.0  0.927046952874832  0.0008303981022598584
