#mmax= 10
#m-states: all states (FBR)
#Nr. of sites: 48
 
0.0  -7.105699705917945e-29 
0.1  2.372502738367008 
0.2  4.8912562184648 
0.3  7.769717739741548 
0.4  11.45854956978417 
0.41  11.910184789938052 
0.42  12.386290605981701 
0.43  12.889543328375654 
0.44  13.425027711124196 
0.45  14.000840807082177 
0.46  14.62461269963379 
0.47  15.307879723520175 
0.48  16.057426951369873 
0.49  16.859403160289308 
0.5  17.66075131320063 
0.51  18.397033063989205 
0.52  19.043633873874327 
0.53  19.609615600856923 
0.54  20.113875469599197 
0.55  20.571751968914185 
0.56  20.99372540606759 
0.57  21.385007190875047 
0.58  21.752044161642708 
0.59  22.09697679431411 
0.6  22.422046252142632 
0.7  24.951670047842708 
0.8  26.703115426433566 
0.9  28.036020974718078 
1.0  29.106958185910713 
1.1  29.99854688113872 
1.2  30.75951660002959 
1.3  31.421115476732563 
1.4  32.00461281680496 
1.5  32.52481841484094 
1.6  32.992958844306514 
1.7  33.41742498567407 
1.8  33.804964076301765 
1.9  34.160541557151326 
2.0  34.48854043805546 
2.1  34.792403466027515 
2.2  35.07497360347454 
2.3  35.3386217263376 
2.4  35.58541898707171 
2.5  35.81712349656093 
2.6  36.03519181255509 
2.7  36.24089965285273 
2.8  36.43544186567583 
2.9  36.61973926304611 
3.0  36.79468457046577 
3.1  36.96104885151934 
3.2  37.11944901143896 
3.3  37.27060922725646 
3.4  37.415031690022644 
3.5  37.553186859078345 
3.6  37.68552000527636 
3.7  37.8124400923641 
3.8  37.93428495308192 
3.9  38.05140299657665 
4.0  38.16409848278383 
4.1  38.27261848536546 
4.2  38.37722920826642 
4.3  38.47816428319482 
4.4  38.57562925494187 
4.5  38.66982203840138 
4.6  38.7609184216286 
4.7  38.84908217950012 
4.8  38.9344638972325 
4.9  39.01722040229207 
5.0  39.09747585912612 
