#mmax= 10
#m-states: all states (FBR)
#Nr. of sites: 48
 
0.0  0.0 
0.1  -1.1605256587554558 
0.2  -2.2309170426096947 
0.3  -3.1023613176657774 
0.4  -3.6070043607619207 
0.41  -3.6261367675067038 
0.42  -3.637209557412236 
0.43  -3.639612594752187 
0.44  -3.6321375337347335 
0.45  -3.6131099116300924 
0.46  -3.5806737713192205 
0.47  -3.532289777792627 
0.48  -3.4660366160617615 
0.49  -3.3837283642957194 
0.5  -3.294890154297362 
0.51  -3.212210627549593 
0.52  -3.141519737617174 
0.53  -3.0821572212680377 
0.54  -3.0312217401129455 
0.55  -2.9862278913726463 
0.56  -2.945507317330649 
0.57  -2.9083263694452577 
0.58  -2.873696600169821 
0.59  -2.8413780554786663 
0.6  -2.8111057819896703 
0.7  -2.576620023942124 
0.8  -2.4115083128816632 
0.9  -2.2821547353406175 
1.0  -2.1752590423083213 
1.1  -2.0840692524342397 
1.2  -2.0045871898925673 
1.3  -1.9342368610891836 
1.4  -1.8711890610379436 
1.5  -1.8142540175854214 
1.6  -1.762429806431674 
1.7  -1.7149747391481676 
1.8  -1.6712346512911396 
1.9  -1.6308103126519897 
2.0  -1.593241770329517 
2.1  -1.558202471343607 
2.2  -1.5254237712454113 
2.3  -1.4946846327062815 
2.4  -1.4657648419302385 
2.5  -1.4384789088959886 
2.6  -1.4126907163824753 
2.7  -1.3882826303986864 
2.8  -1.3651009147923494 
2.9  -1.3430732200570108 
3.0  -1.3220968542487823 
3.1  -1.3020872983065295 
3.2  -1.283001138144925 
3.3  -1.264733283517521 
3.4  -1.2472100850054417 
3.5  -1.2304260913982963 
3.6  -1.214300027386238 
3.7  -1.198809282525994 
3.8  -1.1839090457063162 
3.9  -1.1695511361972188 
4.0  -1.1556994376598377 
4.1  -1.142358695893836 
4.2  -1.1294749849097754 
4.3  -1.1170120914435488 
4.4  -1.1049619813142184 
4.5  -1.093296331740053 
4.6  -1.0819983861452278 
4.7  -1.0710506725888862 
4.8  -1.0604419603295534 
4.9  -1.050138189763906 
5.0  -1.0401333421192058 
