#mmax= 10
#m-states: all states (FBR)
#Nr. of sites: 17
 
0.0  8.499999999999995 0.029411764705880694 
0.1  10.409616236728652 0.042800063332381844 
0.2  13.334813137982135 0.06481313049597315 
0.3  18.526123488436067 0.10810664677834603 
0.4  30.54462003010792 0.2179757866933505 
0.41  32.62487325389497 0.23634833349414652 
0.42  34.96624281543608 0.2565441147571106 
0.43  37.604846279406516 0.2784688842200347 
0.44  40.5880433045814 0.302094881394374 
0.45  43.96109715984973 0.32736479635236315 
0.46  47.74585114371938 0.35384320270672365 
0.47  51.96969437535097 0.38114250109734893 
0.48  56.63516607512317 0.40873025431305454 
0.49  61.732182751723975 0.4360678534009301 
0.5  67.18753092075077 0.4623852608206287 
0.51  72.9070228426547 0.48709213065426515 
0.52  78.7699352527784 0.5097017912892943 
0.53  84.6412487452302 0.5299159360616483 
0.54  90.36915490939573 0.5475350001728782 
0.55  95.85705601435211 0.5626705291484755 
0.56  101.00090752443323 0.5754270128867596 
0.57  105.78754523977862 0.5861517744880704 
0.58  110.19232609640757 0.5951013050416623 
0.59  114.21334116334195 0.6025276873292459 
0.6  117.89187780051152 0.6087338897496407 
0.7  142.21365596675838 0.6373425264512657 
0.8  156.12643129108267 0.6465096940099102 
0.9  165.92469429290392 0.6511117944314049 
1.0  173.47366297271662 0.6539260851875726 
1.1  179.59255258531496 0.6558417546333231 
1.2  184.7240744006373 0.6572398201909876 
1.3  189.12795660239635 0.6583091891052822 
1.4  192.9753733911693 0.65915660283024 
1.5  196.3814964926213 0.659845943241378 
1.6  199.43061710751994 0.6604187938505119 
1.7  202.18470030483584 0.6609029901852297 
1.8  204.68987925574885 0.6613177659348276 
1.9  206.98370601715433 0.6616773623428502 
2.0  209.09357596953947 0.6619919264545644 
2.1  211.0476109024771 0.6622701529597834 
2.2  212.86095144462956 0.6625174047096607 
2.3  214.5498616741071 0.6627385637924059 
2.4  216.13185413776813 0.6629381596686641 
2.5  217.61471374955295 0.6631186837506378 
2.6  219.00849899479695 0.6632827244927251 
2.7  220.32336743829592 0.6634326608892569 
2.8  221.5664513611808 0.6635702065954532 
2.9  222.7436416553549 0.6636967632214863 
3.0  223.8611473337322 0.6638136636709151 
3.1  224.92308440291504 0.6639218454541522 
3.2  225.93435727282846 0.664022332665253 
3.3  226.89896935212624 0.6641158758796606 
3.4  227.82037952569408 0.6642031997037895 
3.5  228.70149329455435 0.6642848286229888 
3.6  229.5454854468672 0.6643613652544527 
3.7  230.35485084336432 0.6644332552577145 
3.8  231.1318589488729 0.664500894126016 
3.9  231.87859436261147 0.6645646464807753 
4.0  232.59702601924687 0.6646248391553302 
4.1  233.28891878725608 0.6646817608723676 
4.2  233.95583222186002 0.6647356732051319 
4.3  234.59911609175316 0.6647867727257342 
4.4  235.22037938162205 0.66483531157401 
4.5  235.82073969888668 0.6648814629923421 
4.6  236.40137060912346 0.6649253935906994 
4.7  236.96325869503423 0.6649672643524306 
4.8  237.50748532913704 0.6650072127399634 
4.9  238.03495835812163 0.6650453615244786 
5.0  238.5454916050885 0.6650817425225045 
