#mmax= 10
#m-states: all states (FBR)
#Nr. of sites: 17
 
0.0  8.499999999999988 0.029411764705881027 
0.1  7.730724044186109 0.024162715606658502 
0.2  7.033368015572734 0.01955151102673547 
0.3  6.407762989009605 0.015650557693319467 
0.4  5.853916472950387 0.012705123080897995 
0.41  5.8018624423799565 0.012476272905823649 
0.42  5.750394272111631 0.012267847170708834 
0.43  5.699435601532017 0.012075951723991896 
0.44  5.648867342531466 0.011883307261648546 
0.45  5.59884504538906 0.01173145993520075 
0.46  5.549246131854179 0.01159237690174586 
0.47  5.500105743612507 0.01147112257709948 
0.48  5.451485442887759 0.01137821251336324 
0.49  5.403458929132035 0.011311297096765593 
0.5  5.356114241787364 0.011260837746377539 
0.51  5.309618732025566 0.011237205221322655 
0.52  5.264143384578267 0.011231425001061779 
0.53  5.21984024756747 0.011240415459627728 
0.54  5.176889315642334 0.011259385884259454 
0.55  5.1353637212660175 0.011284430334329243 
0.56  5.095352767356055 0.011311486457191045 
0.57  5.0568007726934425 0.011337739128096214 
0.58  5.019673858903068 0.011361601112862774 
0.59  4.983925098417507 0.011381072615548438 
0.6  4.949441291137736 0.0113957972761759 
0.7  4.656969139387308 0.011355846199525677 
0.8  4.425482901077737 0.011176669616741797 
0.9  4.232021318863712 0.01098105763487689 
1.0  4.065651034908824 0.010790269411282583 
1.1  3.9198514688576003 0.010600639169589421 
1.2  3.7902825100753748 0.010417094949901728 
1.3  3.673907466526083 0.010240560047207192 
1.4  3.56847963125762 0.01007303498995804 
1.5  3.472297556257061 0.00991694745107019 
1.6  3.384003317428019 0.009764121362153433 
1.7  3.3025341499577636 0.009618836537104936 
1.8  3.227024102390878 0.009481740005749861 
1.9  3.1567452023235143 0.009350450331397475 
2.0  3.091136314508964 0.009227970515900519 
2.1  3.0296218686205996 0.009108323197648427 
2.2  2.9718369907490914 0.008993997500072015 
2.3  2.9174111264509137 0.008884569031092138 
2.4  2.8659811945618094 0.008779214720559314 
2.5  2.817315503141491 0.00867838545204147 
2.6  2.771168289496497 0.008581468878113396 
2.7  2.727309045087728 0.008487761310916109 
2.8  2.685550796470284 0.008397411884898842 
2.9  2.6457353357532893 0.008310115154530617 
3.0  2.6077089151594266 0.008225780483878231 
3.1  2.5713433755600046 0.008142173613350234 
3.2  2.5365238946373614 0.00806536654107104 
3.3  2.5031349240800207 0.00798512827191078 
3.4  2.4710806733983834 0.007915108290513784 
3.5  2.440276300656063 0.007839232144745578 
3.6  2.410636984755474 0.007769504161280527 
3.7  2.382093837395493 0.007701948922271051 
3.8  2.3545738342595093 0.0076361076137955175 
3.9  2.328024850824539 0.0075721258352229315 
4.0  2.302386094050032 0.007509870270749119 
4.1  2.277605775120565 0.007449435341335131 
4.2  2.253641829330873 0.007393731653784097 
4.3  2.2304413619474186 0.007335876451515455 
4.4  2.2079661154363506 0.007279752549317675 
4.5  2.1861812787814965 0.0072251412488792965 
4.6  2.1650481319693697 0.007170115996944615 
4.7  2.1445426688653306 0.007121253542556438 
4.8  2.1246266288710554 0.0070719498343732035 
4.9  2.1052683347353853 0.007018944977248864 
5.0  2.0864586880255165 0.0069737891013305076 
