#mmax= 10
#m-states: all states (FBR)
#Nr. of sites: 17
 
0.0  4.849953829682023e-24 
0.1  0.025752181813457245 
0.2  0.056287802486638734 
0.3  0.09794374841373527 
0.4  0.16184706625921277 
0.41  0.17022499088424567 
0.42  0.1790961178581187 
0.43  0.1884836858561672 
0.44  0.19843129401508336 
0.45  0.2089884639535623 
0.46  0.2201545746526537 
0.47  0.23194082499759888 
0.48  0.24432277513638462 
0.49  0.2572586584452679 
0.5  0.27061729060353135 
0.51  0.28424159641550734 
0.52  0.29793992890990023 
0.53  0.3115043962906553 
0.54  0.3247053831786155 
0.55  0.3373967192519615 
0.56  0.34942384424934136 
0.57  0.36076677294871395 
0.58  0.37139238179217693 
0.59  0.3812994103552182 
0.6  0.39055536072107594 
0.7  0.4581510399979909 
0.8  0.5022115113169452 
0.9  0.5352174251346147 
1.0  0.5615573633197727 
1.1  0.5833948237230502 
1.2  0.6019911889486491 
1.3  0.6181287722667208 
1.4  0.632343328142586 
1.5  0.6450071733024333 
1.6  0.6563995106768931 
1.7  0.6667295632013933 
1.8  0.6761560044570541 
1.9  0.684809306269888 
2.0  0.6927873194796392 
2.1  0.7001872596017659 
2.2  0.7070662553405731 
2.3  0.7134827751464676 
2.4  0.7194984843669445 
2.5  0.725143769176877 
2.6  0.7304553468457693 
2.7  0.7354698790092136 
2.8  0.7402136564907079 
2.9  0.7447089667073133 
3.0  0.7489786431997456 
3.1  0.7530383536128791 
3.2  0.7569062341943403 
3.3  0.7605976198135579 
3.4  0.7641243889161005 
3.5  0.7674989932526611 
3.6  0.7707320626743022 
3.7  0.7738335478562638 
3.8  0.7768117223326052 
3.9  0.7796748887794774 
4.0  0.782430236121618 
4.1  0.7850844191731019 
4.2  0.7876433155796839 
4.3  0.7901122630717963 
4.4  0.7924970603011194 
4.5  0.794802088066756 
4.6  0.7970317726933502 
4.7  0.7991898219731356 
4.8  0.8012803996289807 
4.9  0.8033070460152547 
5.0  0.8052689780387429 
