#mmax= 10
#m-states: all states (FBR)
#Nr. of sites: 17
 
0.0 2.842170943040401e-14
0.1 -0.10023771924326993
0.2 -0.4039870153041303
0.3 -0.921880188550112
0.4 -1.6784433589337815
0.41 -1.7689653872952598
0.42 -1.8624737994587264
0.43 -1.9590629429616913
0.44 -2.0588347687786355
0.45 -2.161896313779002
0.46 -2.2683622699845585
0.47 -2.3783482058419025
0.48 -2.491965037828939
0.49 -2.609311372889252
0.5 -2.730464616369211
0.51 -2.855467543434748
0.52 -2.984319031660803
0.53 -3.1169690419577245
0.54 -3.2533174420233593
0.55 -3.3932217493501895
0.56 -3.5365073695765235
0.57 -3.682982273260228
0.58 -3.8324476344069183
0.59 -3.9847093030387826
0.6 -4.139583443990229
0.7 -5.801844498862735
0.8 -7.61328738363045
0.9 -9.529752888667318
1.0 -11.527302925815288
1.1 -13.590613926124028
1.2 -15.709007904379035
1.3 -17.874617824941737
1.4 -20.081405992782095
1.5 -22.324593304365607
1.6 -24.600307254047806
1.7 -26.90534296348477
1.8 -29.237010361760724
1.9 -31.59301852089237
2.0 -33.97139571073497
2.1 -36.370429523166365
2.2 -38.788618712751784
2.3 -41.22463865295819
2.4 -43.677312829738625
2.5 -46.145589095857375
2.6 -48.628524512253264
2.7 -51.12526828502284
2.8 -53.63504758137583
2.9 -56.157161178389785
3.0 -58.69096805815674
3.1 -61.23588130665538
3.2 -63.791361217690245
3.3 -66.35691213136819
3.4 -68.93207540262405
3.5 -71.51642542147394
3.6 -74.1095682175987
3.7 -76.71113633505595
3.8 -79.32078843926742
3.9 -81.93820475135854
4.0 -84.56308637330686
4.1 -87.19515313867372
4.2 -89.8341420481159
4.3 -92.47980602479562
4.4 -95.1319114601248
4.5 -97.79023871894613
4.6 -100.45458101597889
4.7 -103.12474158207047
4.8 -105.80053501412833
4.9 -108.48178522756379
5.0 -111.16832487457752
