#mmax= 10
#m-states: all states (FBR)
#Nr. of sites: 17
 
0.0  -4.440892098500627e-16 
0.1  0.022975018869141106 
0.2  0.07702451935747076 
0.3  0.1600482527573067 
0.4  0.29088253467668496 
0.41  0.3090817320101326 
0.42  0.3287687137365562 
0.43  0.350103449286141 
0.44  0.3733044498339039 
0.45  0.39859421926031285 
0.46  0.42593483932803544 
0.47  0.4552948967865018 
0.48  0.4863874951854281 
0.49  0.5187914295496585 
0.5  0.5515791342694164 
0.51  0.5837308984501313 
0.52  0.6141536669789723 
0.53  0.6418532231371226 
0.54  0.6659683977551333 
0.55  0.6862277747295484 
0.56  0.7024930020307744 
0.57  0.7152265112745766 
0.58  0.72483518681367 
0.59  0.7318207198040355 
0.6  0.7367817567327795 
0.7  0.7431284524862891 
0.8  0.7384105687991337 
0.9  0.7354673992898823 
1.0  0.7336358621100985 
1.1  0.7323920983562794 
1.2  0.7314843516403523 
1.3  0.7307854157161241 
1.4  0.730224913910691 
1.5  0.7297620644315275 
1.6  0.7293718893175506 
1.7  0.7290369521511246 
1.8  0.7287454941483942 
1.9  0.7284885133631473 
2.0  0.7282602278677526 
2.1  0.7280545845736074 
2.2  0.7278690564200454 
2.3  0.7277005740037459 
2.4  0.7275462384831065 
2.5  0.7274045942280482 
2.6  0.7272734152805252 
2.7  0.7271525226123421 
2.8  0.7270402874065077 
2.9  0.7269357068821228 
3.0  0.7268379318498901 
3.1  0.7267462774512601 
3.2  0.726659810838346 
3.3  0.7265787256879394 
3.4  0.7265022943337415 
3.5  0.7264300339637285 
3.6  0.7263615914346918 
3.7  0.7262966558105914 
3.8  0.7262349533028791 
3.9  0.7261762191446044 
4.0  0.726120235423059 
4.1  0.7260668010196828 
4.2  0.7260157343424699 
4.3  0.725966871562511 
4.4  0.7259200666240887 
4.5  0.7258751757103344 
4.6  0.725832081536003 
4.7  0.7257906744338593 
4.8  0.7257508417372979 
4.9  0.725712498127783 
5.0  0.7256756321206819 
