#mmax= 10
#m-states: all states (FBR)
#Nr. of sites: 17
 
0.0  -8.881784197001248e-16 
0.1  0.006345459689077917 
0.2  0.026700953540390107 
0.3  0.06678812325050579 
0.4  0.14902486335403564 
0.41  0.16229744806071286 
0.42  0.17717888138696355 
0.43  0.19393264057690165 
0.44  0.21290718044133816 
0.45  0.23452368442206317 
0.46  0.2590614836977408 
0.47  0.28684878604674774 
0.48  0.3180401592570145 
0.49  0.3526494169544018 
0.5  0.39010756447649436 
0.51  0.4295232349538604 
0.52  0.4696048639374439 
0.53  0.5088264802488319 
0.54  0.54548736623653 
0.55  0.5784650011871213 
0.56  0.606783337457391 
0.57  0.630437542987337 
0.58  0.649526813197441 
0.59  0.664459186955224 
0.6  0.6759720497519054 
0.7  0.7069182651109774 
0.8  0.7070634527915528 
0.9  0.7062740498591914 
1.0  0.7057306732265747 
1.1  0.7053585762240572 
1.2  0.7050862508492541 
1.3  0.7048760181918095 
1.4  0.7047062191467279 
1.5  0.7045665930122219 
1.6  0.7044480296507382 
1.7  0.7043467626608815 
1.8  0.7042582998242951 
1.9  0.7041802116060434 
2.0  0.7041110105072972 
2.1  0.70404828557133 
2.2  0.7039916589080433 
2.3  0.7039402372235624 
2.4  0.7038930765536482 
2.5  0.7038499020091844 
2.6  0.7038097724590968 
2.7  0.703772755287038 
2.8  0.7037383746533863 
2.9  0.7037063133950018 
3.0  0.7036763678093305 
3.1  0.70364821993208 
3.2  0.7036217530853599 
3.3  0.7035968698861125 
3.4  0.7035734228255187 
3.5  0.7035512498283896 
3.6  0.7035302436322427 
3.7  0.7035103064715613 
3.8  0.7034913555717581 
3.9  0.7034733108242407 
4.0  0.7034561065816494 
4.1  0.7034396811918943 
4.2  0.7034239794849418 
4.3  0.7034089491366273 
4.4  0.7033945519796303 
4.5  0.7033807331211802 
4.6  0.7033674649072258 
4.7  0.703354716321948 
4.8  0.7033424482188272 
4.9  0.7033306346276967 
5.0  0.7033192775629792 
