0.0  -0.0  0.0
0.1  0.006148872059965372  0.00024835197523202297
0.2  0.02703632628922706  0.0005234797315688246
0.3  0.06685111191893896  0.0008349158233603812
0.4  0.14758845136954696  0.0012644168117337973
0.41  0.1633457812603182  0.0013362515799715353
0.42  0.17875165898101916  0.001405572773422955
0.43  0.19431931997945284  0.0014686370624414416
0.44  0.21307896398053916  0.0015514407125621452
0.45  0.23469277068821226  0.00164349089594016
0.46  0.2622754022899246  0.0017432956181785302
0.47  0.28616507888877746  0.0018354257463515722
0.48  0.32050274928404554  0.0019591343406557635
0.49  0.3479145697040953  0.002064888056318309
0.5  0.38515177729310196  0.0021996859335315735
0.51  0.4262830096606585  0.002344698043515328
0.52  0.47020068032242957  0.002487667868037527
0.53  0.5071936028335189  0.0026123142417945893
0.54  0.545779660284153  0.0027448059510310225
0.55  0.5810258715614512  0.0028520366725508567
0.56  0.6088506541581978  0.0029475872734843916
0.57  0.6340792491240774  0.0030303555713539695
0.58  0.6519312931905163  0.0030869295015866823
0.59  0.6661226843596739  0.003131461740719356
0.6  0.6780411458281316  0.0031710290012300427
0.7  0.7074318486068255  0.0032511381486873404
0.8  0.7088921806718383  0.0032582117620497063
0.9  0.7020043366563051  0.003227509319450339
1.0  0.7045774862248267  0.003239495166680343
1.1  0.707136351884092  0.003250157245689858
1.2  0.7091307199194765  0.003253106274452647
1.3  0.7004072550511237  0.003224771345598397
1.4  0.7064267173283153  0.0032431298339524925
1.5  0.7021745906385478  0.0032301028976804516
1.6  0.7042252732276307  0.0032339054833372093
1.7  0.706120301574404  0.0032336229050605016
1.8  0.7013017180288091  0.0032269062752382756
1.9  0.7048699945517413  0.003233537516559451
2.0  0.7030809318213526  0.003228401200188907
2.1  0.7020905984473257  0.0032261027798684053
2.2  0.7095318376128584  0.0032416982456647497
2.3  0.7084217150158739  0.003240852844889002
2.4  0.7071780954983862  0.003247411326548175
2.5  0.7074437208246354  0.0032452963370219806
2.6  0.6999059245007274  0.0032171926460195666
2.7  0.699717731595671  0.0032188703937550576
2.8  0.6976198996708198  0.003212764101593479
2.9  0.7048044794438004  0.003230987209685881
3.0  0.7023625359927427  0.003227615089469677
3.1  0.6991025661401711  0.003218426956830343
3.2  0.7066451468574775  0.003240631814386619
3.3  0.7080564303290132  0.0032394721802886045
3.4  0.7050356731586825  0.003234103830590162
3.5  0.7035170947446268  0.0032268884115156577
3.6  0.7035312243240779  0.003227637710126289
3.7  0.7033589033065161  0.0032233965400697835
3.8  0.703946524691313  0.0032251141611319605
3.9  0.7028370010980268  0.00322258502880172
4.0  0.7068459207610873  0.0032356416054676288
4.1  0.7067974882641332  0.0032375736468762475
4.2  0.7041126519184437  0.00322687433444349
4.3  0.7063593936509308  0.0032386628189064516
4.4  0.706403416802214  0.0032355205476245676
4.5  0.6998023551791319  0.0032161260587418457
4.6  0.7009390448941211  0.003214235162557324
4.7  0.705189827721478  0.003233645760844671
4.8  0.7093605363810442  0.0032445739074086102
4.9  0.6982833989341577  0.0032138234113720096
5.0  0.6956141325385191  0.0032060238484899225
0.0  -0.0  0.0
0.1  0.006298657471947935  0.0002513476873757182
0.2  0.02664919802464316  0.0005197586090300217
0.3  0.0648764305255968  0.0008239210067561054
0.4  0.14918178167637247  0.0012752154234448524
0.41  0.16262776790543904  0.0013320873054548
0.42  0.17890668020024952  0.0014074811971508262
0.43  0.19217379499075526  0.001465655078059233
0.44  0.2107232151646319  0.0015460377788073494
0.45  0.2318053872309981  0.001634673624448625
0.46  0.25510556480680513  0.0017195838767950283
0.47  0.287898327192967  0.0018443496815842594
0.48  0.31812153974247964  0.0019548093832678897
0.49  0.3538503487023451  0.0020837303802652683
0.5  0.38987284547026907  0.002208656028183882
0.51  0.42994348832589785  0.002350100841229045
0.52  0.4689738382752597  0.0024849962389171987
0.53  0.507863630424533  0.002612800994462173
0.54  0.545684644150072  0.0027414923725144823
0.55  0.5800755274442764  0.0028473778660894843
0.56  0.6060033021136483  0.0029406629505029144
0.57  0.6288001682936106  0.0030111103677696476
0.58  0.653144960010478  0.0030946908353777385
0.59  0.6661655164289348  0.003136122505697748
0.6  0.6739026890703793  0.0031594841016540356
0.7  0.7076595285454855  0.0032569714504057734
0.8  0.7070516424858387  0.0032496274242104647
0.9  0.7078464925935762  0.0032435915269870127
1.0  0.7017974675431045  0.003228412273976433
1.1  0.704740919192801  0.0032382523334059652
1.2  0.7014957497610377  0.003227231980658059
1.3  0.7031239158873559  0.003233349552254345
1.4  0.7082009331950161  0.0032434074666293023
1.5  0.7063196935242174  0.0032385632012140327
1.6  0.7051856401319543  0.003241007798107694
1.7  0.7009331548062476  0.0032257529206399824
1.8  0.7026204010172903  0.003230134495208408
1.9  0.7043061539502358  0.0032340142841058754
2.0  0.7014872065225883  0.00322395337649277
2.1  0.6989340094438529  0.003216541449993564
2.2  0.7081641138023955  0.003244820693044596
2.3  0.7025832026328721  0.0032296270602667192
2.4  0.7001785381997138  0.003219477638018999
2.5  0.7084659575807922  0.0032464816648743676
2.6  0.7056485264774983  0.0032368191851095437
2.7  0.7114751485344879  0.0032514809492860198
2.8  0.7008935289510548  0.0032234733349458125
2.9  0.7020994286285376  0.0032266853498779773
3.0  0.7058903490122859  0.0032380714055055704
3.1  0.7034085569595694  0.003234342846750409
3.2  0.7034729827999232  0.0032328235143222806
3.3  0.7006692670594942  0.0032205332565596674
3.4  0.7029903239693384  0.003219664835690147
3.5  0.7050896175004653  0.003234072398810069
3.6  0.7028798517604224  0.0032267167301227332
3.7  0.7011519801365521  0.00322479383264127
3.8  0.702822428020356  0.003225619303790002
3.9  0.7047051906305579  0.0032347094944754637
4.0  0.7049591101504417  0.003229815751802397
4.1  0.7012361307170496  0.0032212191580643355
4.2  0.7030575487178805  0.0032263186381499133
4.3  0.7065339092989984  0.0032368826614479324
4.4  0.7061365071470437  0.0032380598196477582
4.5  0.6982275567071389  0.0032084172177967224
4.6  0.6985032218857716  0.003211396058175017
4.7  0.708046834425036  0.003238527477657931
4.8  0.7065876507177508  0.0032409649839773734
4.9  0.7030154649708498  0.003227476971232912
5.0  0.707252827405869  0.003239446470718772
