#mmax= 10
#m-states: all states (FBR)
#Nr. of sites: 17

0.0  0.0 0.0 0.0 NaN NaN 0.0 
0.1  0.00026 0.0013337230267829684 0.17788171121711227 0.03760552863287832 22.521004207470682 0.0 
0.2  0.00312 0.002681636546541249 0.7191174567745678 0.029893167528357294 5.235252954037442 0.0 
0.3  0.0064 0.004028169889854029 1.6226152661526614 0.013104650026219342 2.1513998110529453 0.0 
0.4  0.0051 0.005397743163240778 2.913563125631256 0.0183029057990197 0.9877775117453105 0.0 
0.41  -0.0007 0.005546088954481969 3.07591026910269 -0.00519426698449003 0.9402447453788727 0.0 
0.42  0.00038 0.005703886736186037 3.2534323899239 0.0023262814119831264 0.8653378852333571 0.0 
0.43  0.0035 0.0058882785445529134 3.467182421824218 -0.007857137237376013 0.8387637915378674 0.0 
0.44  0.0013 0.006009654254567611 3.6115944259442583 0.010524591588813774 0.7849704859484232 0.0 
0.45  0.0076 0.006168030710528965 3.8044602846028455 0.00023431498674171615 0.6711339097954956 0.0 
0.46  -0.0105 0.006356705245409431 4.040770157701578 -0.010124451532928394 0.6759849633238013 0.0 
0.47  -0.0117 0.006490997799300527 4.213305243052428 0.002974839806388789 0.5882666127650342 0.0 
0.48  0.00232 0.006641836140396204 4.411398731587315 -0.003296509360792179 0.5338769697094925 0.0 
0.49  0.00852 0.00681719435232621 4.647413883738838 -0.012287779180510433 0.4706550896933295 0.0 
0.5  -0.00284 0.007029680896607974 4.941641350813509 -0.0056347361899289 0.46722104037696877 0.0 
0.51  0.0029 0.007125392874237612 5.077122361223615 0.008062128220951389 0.41164944700780737 0.0 
0.52  0.01322 0.007320108479789188 5.358398815588157 0.005240895744478798 0.38174020788800034 0.0 
0.53  0.0044 0.0074300712284327795 5.520595845958459 0.0334476770980727 0.33267139321811134 0.0 
0.54  -0.0056 0.007609905748868055 5.791066550665508 -0.004649246300461806 0.29019380289900987 0.0 
0.55  0.00898 0.007755784622973433 6.015219511795116 0.0006257091789190865 0.31517679712389324 0.0 
0.56  -0.01498 0.007879211687457581 6.208197681576815 0.008701487670254094 0.25375358121277847 0.0 
0.57  -0.01522 0.008012161098184097 6.4194725463254585 0.0037722314545640344 0.23616512215582608 0.0 
0.58  0.00658 0.008107121825299216 6.572542429024289 -0.0004404203589621863 0.22721104760154276 0.0 
0.59  -0.01288 0.008231732422168904 6.776141867018673 -0.0053025574775234655 0.20488595927950515 0.0 
0.6  0.0207 0.00833604282595165 6.948960999609994 0.016940078990056104 0.1865434659336489 0.0 
0.7  0.02052 0.009148542302151888 8.369582625426256 -0.0006424223974969429 0.08080849258396494 0.0 
0.8  -0.005 0.009694405077925006 9.398148981489815 0.006231353017601086 0.05350004120829022 0.0 
0.9  0.00364 0.010220964347121159 10.446811218512185 -0.011832250040717501 0.048701561374493885 0.0 
1.0  0.00628 0.01054138116297709 11.112071682316826 -0.0033149386350917135 0.04639239934806971 0.0 
1.1  0.00438 0.010963457945835395 12.019741013010128 0.004808645590387306 0.03426100995059045 0.0 
1.2  0.00578 0.011335984781284312 12.850455096150954 -0.00231379168200287 0.0007267438137219528 0.0 
1.3  -0.0106 0.011549900882782673 13.340021040210399 0.01189535352296157 0.043339258204929454 0.0 
1.4  0.01762 0.011862929766589132 14.07291026470265 -0.00037225359088666367 0.036065343865490096 0.0 
1.5  -0.01311 0.012145182433111629 14.750545633356332 -0.004225444782293425 0.022027199416327026 0.0 
1.6  -0.0073 0.012369243997996432 15.299819708197075 -0.017499686934630974 0.02074576208154788 0.0 
1.7  0.00728 0.012623765825245497 15.935946361063612 0.01013787507292385 0.03743577983429036 0.0 
1.8  0.02694 0.012853030551894898 16.520039436794367 -0.010709385714889262 0.0008146958327954756 0.0 
1.9  -0.0133 0.012976637277474865 16.839311503115027 -0.007384566778708727 0.0004134594034272965 0.0 
2.0  -0.00104 0.01318174976128995 17.37585267692677 -0.009885923809693225 0.03578292871677302 0.0 
2.1  -0.00014 0.013390108018755023 17.929499275392754 -0.00024960672489564767 0.020526447553944394 0.0 
2.2  -0.00576 0.01359699661716403 18.487831700717006 0.015848004093674935 -0.012276871717321836 0.0 
2.3  0.01244 0.013777356445251248 18.98155506195061 -0.006646730669778022 0.03259378374832167 0.0 
2.4  0.00144 0.01386692114995329 19.229150217902188 -0.002704311106031749 0.006418680955464939 0.0 
2.5  0.00098 0.014077868171698532 19.818637225972257 -0.008569956909621488 0.005660485419786809 0.0 
2.6  -0.01164 0.014262225605241003 20.34110792147921 0.01745365481192004 0.03731977518044349 0.0 
2.7  0.02238 0.014421784606445638 20.798787123471236 -0.016293315381259697 0.04123465572810758 0.0 
2.8  0.01662 0.014575972089216674 21.24589623456235 0.013693000300812613 0.020663444286293853 0.0 
2.9  0.01812 0.0146960292728602 21.59732763887639 -0.0075795873359279725 0.0005111435232940664 0.0 
3.0  -0.00518 0.014881852921308683 22.146954637146376 0.0070226225363922605 0.009624227630743665 0.0 
3.1  0.01116 0.014970778062143527 22.41241957859579 0.012652249114758306 -0.009076270595819835 0.0 
3.2  -0.01924 0.015120958456984352 22.864338465784655 -0.012314835412738371 0.041302657352564776 0.0 
3.3  0.01092 0.015286711365478309 23.368354437144372 5.22843887777851e-7 0.012018544440169254 0.0 
3.4  -0.0172 0.015387274264212386 23.67682092820928 0.0007870779839611387 0.004877048822280905 0.0 
3.5  -0.01324 0.01555336189042938 24.190706609466098 -0.0011601517209628273 0.012958743300213627 0.0 
3.6  0.02156 0.015560725337391255 24.213617302573017 -0.008061733673818383 -3.538536794245317e-5 0.0 
3.7  0.0203 0.015752319208789688 24.813556045560457 0.0062676858695919786 0.020225611244735653 0.0 
3.8  -0.00592 0.01587150177461748 25.19045685816858 -0.011041604572921667 0.008290345937635557 0.0 
3.9  -0.01372 0.015957138337391173 25.463026391863913 0.004733640065914796 0.04086390153803343 0.0 
4.0  0.00834 0.016048422974323667 25.75518799627996 -0.01573250185482499 0.013064358011753985 0.0 
4.1  -0.00938 0.016204682843963987 26.259174607346072 0.012857090818587576 0.022182730490066138 0.0 
4.2  -0.0039 0.016325676499830927 26.65277131771318 0.00025170983730759373 0.00527283951185975 0.0 
4.3  -0.00454 0.016376412175832578 26.818687575275753 0.0036709040688806855 0.016910649765145447 0.0 
4.4  0.01076 0.01649302769122832 27.201996242362416 -0.0018495132012698598 0.008949496907149967 0.0 
4.5  0.00094 0.016609754664157445 27.58839500035001 0.015852887983130722 -0.009628499763720377 0.0 
4.6  -0.00114 0.016813804270424358 28.270401404414038 -0.020236652025359975 0.03095341215801284 0.0 
4.7  0.00654 0.016814838675170116 28.273879967199672 0.01017481786086452 -0.007253289458845291 0.0 
4.8  -0.01554 0.016871989560342825 28.466403172431725 -0.015513763093403469 0.009487937579356398 0.0 
4.9  0.00762 0.01696550316492194 28.782829763897638 0.0027563805330188674 0.018815675059343118 0.0 
5.0  -0.0086 0.017088375596463385 29.201258052580528 -0.006926758889618633 0.024340701613521976 0.0 
