#mmax= 10
#m-states: all states (FBR)
#Nr. of sites: 17
 
0.0  -1.1763558399348469e-46 
0.1  0.0024809779603582275 
0.2  0.009690926424652453 
0.3  0.020901236310494835 
0.4  0.03468556805361087 
0.41  0.036116379928663206 
0.42  0.037542325417989575 
0.43  0.03895899541527487 
0.44  0.04036129345762166 
0.45  0.041742922353956456 
0.46  0.04309791649135296 
0.47  0.04441939687415603 
0.48  0.04570056706972221 
0.49  0.046934715565885625 
0.5  0.04811646621038105 
0.51  0.049242480237860924 
0.52  0.05031169448862461 
0.53  0.05132584886127149 
0.54  0.052289764335624635 
0.55  0.05320920937548829 
0.56  0.05409168932316465 
0.57  0.05494304803337409 
0.58  0.05576933499286304 
0.59  0.05657605119680557 
0.6  0.05736596058335581 
0.7  0.0646482925029944 
0.8  0.07105322677580439 
0.9  0.07678831347179133 
1.0  0.08202833119410352 
1.1  0.08689333120060559 
1.2  0.09146214029519692 
1.3  0.0957916495871514 
1.4  0.09992075624893765 
1.5  0.10387973276889034 
1.6  0.10769003820347077 
1.7  0.11136891669087284 
1.8  0.11493195242625838 
1.9  0.11838974938146964 
2.0  0.12175298975925465 
2.1  0.12502623278268515 
2.2  0.12821986985378642 
2.3  0.13134060333027325 
2.4  0.13438811733258668 
2.5  0.13737218956798106 
2.6  0.14029723349155857 
2.7  0.1431642212780616 
2.8  0.145976932563036 
2.9  0.14873910293982062 
3.0  0.15145210145129684 
3.1  0.15412045310132705 
3.2  0.15674563649551107 
3.3  0.15932737180110676 
3.4  0.16187298881853185 
3.5  0.16437824173341647 
3.6  0.1668491716854712 
3.7  0.16928513520800142 
3.8  0.17168894473064095 
3.9  0.17406024294282324 
4.0  0.17640099879239843 
4.1  0.17871238100032735 
4.2  0.1809961202986245 
4.3  0.1832522989371967 
4.4  0.18548204159408171 
4.5  0.18768620897947905 
4.6  0.18986555362813914 
4.7  0.19202228005488636 
4.8  0.19415543794283852 
4.9  0.19626512856109843 
5.0  0.19836087974771122 
