#mmax= 10
#m-states: all states (FBR)
#Nr. of sites: 17
 
0.0  1.2116467450626087e-7 
0.1  2.1889846408453965e-8 
0.2  -1.2086368240028284e-6 
0.3  1.580098125376372e-7 
0.4  3.339721975057249e-6 
0.41  1.857347520960749e-5 
0.42  1.4413502564239394e-6 
0.43  -5.6630580612308515e-6 
0.44  0.00015864405195919318 
0.45  3.334099054554599e-5 
0.46  -2.1073489100394466e-5 
0.47  -4.505569160411607e-5 
0.48  -8.939324719339583e-5 
0.49  0.00024975817159475765 
0.5  0.00015827992940037827 
0.51  0.00013787391971806858 
0.52  0.00011225052818988212 
0.53  -0.00028562079304109063 
0.54  -0.00015591647073940284 
0.55  -0.00020379103300048547 
0.56  -0.0003027115005270475 
0.57  -0.00026631095276191083 
0.58  -0.000877540615373428 
0.59  -0.0007696985005974724 
0.6  -0.0006612338969457322 
0.7  0.007988927935016018 
0.8  0.007715579109530829 
0.9  -0.0017373189544683289 
1.0  0.007934569770063656 
1.1  0.002778997049244249 
1.2  -0.00032979028164122255 
1.3  -0.0038774524449440967 
1.4  -0.014157375447167107 
1.5  -0.012681650119797702 
1.6  -0.015811497559408475 
1.7  -0.013420518735856169 
1.8  -0.01246529491198961 
1.9  -0.01145840507245891 
2.0  -0.007486461390295787 
2.1  -0.00782169109546635 
2.2  -0.008353526421105813 
2.3  -0.008476408361468688 
2.4  -0.008737078490697795 
2.5  -0.007010933991421742 
2.6  -0.008438958293946508 
2.7  -0.00900737413616396 
2.8  -0.00957740931777051 
2.9  -0.010301141172590943 
3.0  -0.01038523797303794 
3.1  -0.011270535247840477 
3.2  -0.011380224045455052 
3.3  -0.011697428685554205 
3.4  -0.0118153332234786 
3.5  -0.011891430293465018 
3.6  -0.011943429018253612 
3.7  -0.012002801909439776 
3.8  -0.012069787369019322 
3.9  -0.01212441020315504 
4.0  -0.012167647717482924 
4.1  -0.01220543887845393 
4.2  -0.012237144643917463 
4.3  -0.01229026747629059 
4.4  -0.012278759884215514 
4.5  -0.012365603875248534 
4.6  -0.012413846915167621 
4.7  -0.012424140355541052 
4.8  -0.012445523265734323 
4.9  -0.012477575513970588 
5.0  -0.012508296851018046 
