#mmax= 10
#m-states: all states (FBR)
#Nr. of sites: 17

0.0  -0.0  0.0
0.1  -0.0  6.738300920979205e-19
0.2  -0.0  2.993481784654859e-19
0.3  6.000180007195222e-5  2.4495754786904505e-5
0.4  0.0005601568585632689  7.485448409468793e-5
0.41  0.0007803043582765984  8.835251445710251e-5
0.42  0.0009904903736733858  9.954852993240837e-5
0.43  0.0015411870188291753  0.00012419302242090658
0.44  0.0016513627492304912  0.00012855907307477425
0.45  0.0017415155583027488  0.00013202463056980753
0.46  0.002442981651140002  0.00015639669504955252
0.47  0.0028540689829055755  0.0001690613585959131
0.48  0.0033054570087264813  0.0001819604123312618
0.49  0.004118469263747285  0.0002031502666274585
0.5  0.004992441523044097  0.00022371800494988496
0.51  0.005806827033787028  0.00024132504164974138
0.52  0.006843362482007972  0.000262047714392465
0.53  0.007649180531614895  0.00027710263502823604
0.54  0.008627106700516092  0.0002943554666856549
0.55  0.010424143084455991  0.00032370926045910224
0.56  0.011738628905387636  0.000343626469731733
0.57  0.0120118543332419  0.00034762633996051815
0.58  0.013024451122515098  0.0003620741612200319
0.59  0.015255779891358455  0.0003920828619419771
0.6  0.01544871932425986  0.00039457348318935713
0.7  0.028111450128989853  0.0005339530945052156
0.8  0.038740828239042395  0.000628501665506884
0.9  0.04882266469052715  0.0007073515847199016
1.0  0.0555021389446332  0.0007554591224948759
1.1  0.06732640363298707  0.0008345373178001748
1.2  0.07633044000579313  0.0008906175310860945
1.3  0.08279482447407582  0.0009290842947810943
1.4  0.09238944646792482  0.0009838335503058583
1.5  0.1014569962156754  0.0010333602891264165
1.6  0.10634988891672645  0.0010593020125993378
1.7  0.11548939374870379  0.0011064529218877152
1.8  0.12054183377219842  0.0011318533902520936
1.9  0.12814023277970996  0.001169246588455448
2.0  0.13264034411439463  0.001190968741174558
2.1  0.14155194068529228  0.001233133179887216
2.2  0.14935883425142  0.001269216887701832
2.3  0.15392066004271907  0.0012899610507378309
2.4  0.15744936180381738  0.0013058448903117078
2.5  0.16519304671933158  0.0013402334264933304
2.6  0.17057466437340657  0.001363773714589603
2.7  0.17428029194433317  0.0013798161983967184
2.8  0.18089764788266346  0.0014081670106763317
2.9  0.1870041838226669  0.0014339944220871734
3.0  0.19141387717708724  0.0014524516103032695
3.1  0.19517169350406896  0.001468051091138983
3.2  0.20146162608583484  0.001493941787189587
3.3  0.20441778073950714  0.0015060221797989434
3.4  0.20815221154101965  0.001521178311896906
3.5  0.21657125993863402  0.0015550156778142356
3.6  0.21688170736595266  0.0015562548483882665
3.7  0.22201196595202022  0.0015766435821582467
3.8  0.22610497502433477  0.0015928060987377998
3.9  0.23052274415706275  0.0016102282177159128
4.0  0.23415857957302927  0.0016243083760959622
4.1  0.23813156472914843  0.0016396748932851566
4.2  0.24464506114811596  0.0016647890208382758
4.3  0.24568213022836102  0.0016687710142121908
4.4  0.24853356101775081  0.0016796608707299974
4.5  0.2545077253533906  0.0017038238168769644
4.6  0.25860879887408944  0.0017178417023163603
4.7  0.2611127748009134  0.0017272567887779311
4.8  0.26093400272708683  0.0017265987771072297
4.9  0.26974515153434475  0.0017596271974821662
5.0  0.27081196226071297  0.0017634466702997483
