#mmax= 10
#m-states: all states (FBR)
#Nr. of sites: 17

0.0  1.0  0.0
0.1  1.0  6.738300920979205e-19
0.2  1.0  2.993481784654859e-19
0.3  0.99994  2.4494285041617293e-5
0.4  0.99944  7.48125655835949e-5
0.41  0.99922  8.828359949582597e-5
0.42  0.99901  9.944997688777528e-5
0.43  0.99846  0.00012400176516637839
0.44  0.99835  0.00012834695060420087
0.45  0.99826  0.00013179490771261608
0.46  0.99756  0.00015601508711363162
0.47  0.9971500000000009  0.0001685795337239149
0.48  0.9967  0.00018135994297056865
0.49  0.9958900000000008  0.0002023153190316198
0.5  0.99502  0.00022260388928523455
0.51  0.99421  0.00023992776965858938
0.52  0.99318  0.0002602605489803084
0.53  0.9923800000000007  0.0002749911129493211
0.54  0.9914100000000026  0.0002918269532268259
0.55  0.9896300000000011  0.0003203523954281417
0.56  0.9883300000000024  0.0003396163488299645
0.57  0.9880600000000036  0.00034347568146139083
0.58  0.9870600000002349  0.00035738892157392973
0.59  0.9848600000000908  0.0003861467274122111
0.6  0.984670000000039  0.0003885246716920797
0.7  0.9722800000311961  0.0005191519147421883
0.8  0.9620000000744474  0.0006046186022644127
0.9  0.9523500000067058  0.0006736462817127416
1.0  0.9460100002052577  0.0007146718846264414
1.1  0.9348900000376242  0.0007802005930696043
1.2  0.9265100000009523  0.0008251660487274255
1.3  0.920540000124125  0.0008552592568331111
1.4  0.9117500025760791  0.0008970102420257993
1.5  0.9035200332874258  0.0009336617228294038
1.6  0.8991100044085076  0.0009524290372181317
1.7  0.8909300216146634  0.0009857721256130295
1.8  0.8864400034405324  0.001003320123149244
1.9  0.8797300035104054  0.0010286213053664409
2.0  0.875780014910315  0.0010430266219035736
2.1  0.8680100893751148  0.0010703720416853219
2.2  0.8612600098526226  0.001093125749207195
2.3  0.8573400396352443  0.0011059352583674934
2.4  0.8543200737406595  0.0011156095029849617
2.5  0.8477300367882257  0.0011361561319460007
2.6  0.843180131762081  0.001149906900361324
2.7  0.8400614022124496  0.0011591303304205988
2.8  0.8345207692924357  0.0011751446170418418
2.9  0.8294402661471582  0.0011894127151095253
3.0  0.8257907414738587  0.001199421092227237
3.1  0.8226933948176446  0.0012077559359348774
3.2  0.8175349489741318  0.0012213496227603624
3.3  0.8151217578706137  0.001227591446589848
3.4  0.8120834188355265  0.0012353236841836943
3.5  0.8052751490203353  0.0012522154816808162
3.6  0.8050251922232681  0.0012528243584721572
3.7  0.8009057806771762  0.0012627429590181102
3.8  0.7976343655837151  0.0012704768820645973
3.9  0.7941183732438255  0.001278711812803865
4.0  0.7912363320265596  0.0012852118015821866
4.1  0.7880989982415132  0.001292226140839792
4.2  0.7829823998010504  0.0013035005026983942
4.3  0.7821708138719164  0.0013052639823522127
4.4  0.7799436846920396  0.0013100408885501937
4.5  0.77529806361611  0.0013209713059677201
4.6  0.7721250201462737  0.0013263885590091289
4.7  0.7701940562358144  0.001330322912309722
4.8  0.7703317577327209  0.0013300538708681787
4.9  0.7635740652216902  0.0013436056924561075
5.0  0.7627599105702075  0.0013450864245331663
