#mmax= 10
#m-states: all states (FBR)
#Nr. of sites: 17
 
0.0  7.759926127491236e-23 
0.1  0.8071979105813663 
0.2  1.6609102878601139 
0.3  2.626953895392719 
0.4  3.8317149205445915 
0.41  3.974484948287824 
0.42  4.1229190866206755 
0.43  4.2772959174754765 
0.44  4.4381522057217975 
0.45  4.60607911339899 
0.46  4.781017891035586 
0.47  4.963048575679966 
0.48  5.151775510534618 
0.49  5.346574892627929 
0.5  5.54563791524089 
0.51  5.746839328769704 
0.52  5.947621593031611 
0.53  6.145249996242099 
0.54  6.336737913364531 
0.55  6.520244408263523 
0.56  6.693834387477172 
0.57  6.857365865974874 
0.58  7.0105184255265955 
0.59  7.153386569707178 
0.6  7.286955368608441 
0.7  8.267114670514712 
0.8  8.908410299437254 
0.9  9.38809257414892 
1.0  9.769999729524807 
1.1  10.085919273775444 
1.2  10.354389359840322 
1.3  10.586957091680839 
1.4  10.79149035288862 
1.5  10.973472585334182 
1.6  11.136984085050754 
1.7  11.285086295379863 
1.8  11.42011269083115 
1.9  11.543957948555759 
2.0  11.658063681443306 
2.1  11.763802771175852 
2.2  11.862046991728265 
2.3  11.95364732265976 
2.4  12.039451033480235 
2.5  12.119943005051928 
2.6  12.195653763972224 
2.7  12.267092175907505 
2.8  12.3346425740119 
2.9  12.398632268234174 
3.0  12.459382693792286 
3.1  12.517132271230421 
3.2  12.572136191761494 
3.3  12.624607604056685 
3.4  12.674734247867628 
3.5  12.722678630206161 
3.6  12.768604621507572 
3.7  12.81264906544934 
3.8  12.854935204930653 
3.9  12.895577307612415 
4.0  12.934680487678092 
4.1  12.972340141508242 
4.2  13.008642055026776 
4.3  13.04366166739623 
4.4  13.077480675667177 
4.5  13.11016251079262 
4.6  13.141770267899245 
4.7  13.172360033058519 
4.8  13.201987520950661 
4.9  13.230702193871155 
5.0  13.258516644693746 
