#mmax= 10
#m-states: all states (FBR)
#Nr. of sites: 17
 
0.0  1.811470616210398e-55 
0.1  -0.39516300156605033 
0.2  -0.7603054480738941 
0.3  -1.0598539207729547 
0.4  -1.2421618603971871 
0.41  -1.2508850941398935 
0.42  -1.2573812008907765 
0.43  -1.2615569437768013 
0.44  -1.2632515014804635 
0.45  -1.2622636901419935 
0.46  -1.258544696593127 
0.47  -1.2519953757183835 
0.48  -1.242611108352464 
0.49  -1.2304363575036426 
0.5  -1.2157612655843892 
0.51  -1.198973786121587 
0.52  -1.1805827304732073 
0.53  -1.1611796555916147 
0.54  -1.1414517825066821 
0.55  -1.1218969002321388 
0.56  -1.10305287948771 
0.57  -1.0850974987954505 
0.58  -1.0682403168517642 
0.59  -1.0525960040236861 
0.6  -1.0380695970712266 
0.7  -0.9366980305468571 
0.8  -0.8730261183661301 
0.9  -0.8246137719950858 
1.0  -0.7850819164084448 
1.1  -0.751602094206641 
1.2  -0.7225303366619361 
1.3  -0.6968967354133059 
1.4  -0.6739971026072435 
1.5  -0.6533578124952497 
1.6  -0.6345919142204657 
1.7  -0.61741328415757 
1.8  -0.601616619518284 
1.9  -0.5870090482375511 
2.0  -0.573466569769078 
2.1  -0.5608066175475979 
2.2  -0.548986906279095 
2.3  -0.5379229203162776 
2.4  -0.5274752836091229 
2.5  -0.5176426982218976 
2.6  -0.5083682144399146 
2.7  -0.49957411176008754 
2.8  -0.49122407016057346 
2.9  -0.48328880091716026 
3.0  -0.4757244025963559 
3.1  -0.4685186134243555 
3.2  -0.4616364446520491 
3.3  -0.45504568703975873 
3.4  -0.44874402521001966 
3.5  -0.4426947381635834 
3.6  -0.436891618718737 
3.7  -0.4313122997491205 
3.8  -0.42594764760897 
3.9  -0.420779087140776 
4.0  -0.41579670973220484 
4.1  -0.4109894347386112 
4.2  -0.4063490057518334 
4.3  -0.40186545824748865 
4.4  -0.3975277108492656 
4.5  -0.3933291017245238 
4.6  -0.3892619048056408 
4.7  -0.3853228814883494 
4.8  -0.38150112688696974 
4.9  -0.3777894576270796 
5.0  -0.37421299607385994 
