#mmax= 10
#m-states: all states (FBR)
#Nr. of sites: 38
 
0.0  18.99999999999996 0.013157894736841924 
0.1  17.225489535645675 0.010727917583967628 
0.2  15.623669142853526 0.008588497220767932 
0.3  14.191280242097697 0.006772756285909454 
0.4  12.922895938196348 0.005404155548985212 
0.41  12.803326495693684 0.005301243361435226 
0.42  12.684566796843482 0.005206350214550071 
0.43  12.566603113753594 0.005119708611454277 
0.44  12.448982812421434 0.005038166015459922 
0.45  12.331722033270394 0.004974913708533868 
0.46  12.214513443899092 0.004924519641332004 
0.47  12.096994840103623 0.004888231076807692 
0.48  11.97907020694127 0.004870055369066373 
0.49  11.861312009598644 0.004869737930338736 
0.5  11.745557274058985 0.004887905984947483 
0.51  11.634251109109007 0.0049136828049060055 
0.52  11.528909863301138 0.00493802218013073 
0.53  11.429685841861811 0.004956684256362309 
0.54  11.336095135199141 0.004969041297118282 
0.55  11.247093870520054 0.0049759014512570365 
0.56  11.162085645333299 0.0049784209433392235 
0.57  11.08038345143855 0.0049781963431987375 
0.58  11.001692649584104 0.004975811364731575 
0.59  10.925664003643108 0.004971865935966324 
0.6  10.852060050555355 0.004966889097016258 
0.7  10.216664687973658 0.004887410195141162 
0.8  9.706998617541586 0.004786930954762347 
0.9  9.279766976316855 0.004686789684659742 
1.0  8.911915754818308 0.0045938664473729185 
1.1  8.589326089933918 0.0045043796342639775 
1.2  8.30255207241931 0.004416199925945552 
1.3  8.044995858102565 0.0043332560405904275 
1.4  7.811667362206496 0.004254551936427209 
1.5  7.598863982644312 0.004180615139676491 
1.6  7.403565801262338 0.004110240461801529 
1.7  7.223440516127637 0.0040439148928005375 
1.8  7.05653473170027 0.0039810999072481534 
1.9  6.90127422825595 0.003921541772946235 
2.0  6.756341690010506 0.0038653508885079235 
2.1  6.620581697233283 0.003811414283849457 
2.2  6.493092184346008 0.0037600636433909873 
2.3  6.372997569760461 0.003710929410168373 
2.4  6.259620119010694 0.003663939958138518 
2.5  6.152343683486954 0.003618977676034918 
2.6  6.050631150533628 0.003575939539406492 
2.7  5.954009300227874 0.003534392440930012 
2.8  5.862047288342677 0.0034943966319508357 
2.9  5.77439488574402 0.0034559021300711867 
3.0  5.690710351326854 0.0034187594463856996 
3.1  5.610703004821493 0.003382925391593239 
3.2  5.534129798223892 0.0033486015850169304 
3.3  5.460700034063661 0.003314874692802783 
3.4  5.390204680771744 0.0032818694630966094 
3.5  5.3224882925274475 0.003250945413609818 
3.6  5.257352712228076 0.00322068489452898 
3.7  5.1946339964310315 0.003191085808185723 
3.8  5.134197733035946 0.003162493070747119 
3.9  5.0758982822187555 0.00313516031283112 
4.0  5.019597121487584 0.003108196160907961 
4.1  4.965190038072738 0.003081957747166131 
4.2  4.912577490881922 0.003056435317616568 
4.3  4.861654479071364 0.0030315686063907554 
4.4  4.812336203218667 0.0030073772030577706 
4.5  4.764539334020844 0.0029838273132364312 
4.6  4.718185565774055 0.002960859783630476 
4.7  4.673199683168763 0.0029384539847023827 
4.8  4.629518448788538 0.0029166052374460794 
4.9  4.5870758667033495 0.002895645878703168 
5.0  4.54581405598724 0.0028741219935101148 
