#mmax= 10
#m-states: all states (FBR)
#Nr. of sites: 38
 
0.0  18.999999999999968 0.013157894736839815 
0.1  23.446166462286392 0.019368951301942938 
0.2  30.403954775242433 0.029751961183262177 
0.3  43.321799862518 0.05118520860916176 
0.4  78.56178780359998 0.12190845129113959 
0.41  85.97587640750376 0.13829852264803866 
0.42  94.95085971284551 0.15843926590103918 
0.43  106.07053839536168 0.18344450876899077 
0.44  120.15805791560429 0.21467682400835797 
0.45  138.58996553007822 0.25417976449944013 
0.46  162.70854215250355 0.30210827652581707 
0.47  194.4128797033386 0.35786930362134217 
0.48  235.42346227806473 0.4184489851203651 
0.49  285.3134034684718 0.47741374553871785 
0.5  340.2646555485586 0.5278574990428002 
0.51  393.89100417496127 0.5658021631493633 
0.52  441.195691715173 0.591841093480041 
0.53  480.6359887814377 0.6089785069515737 
0.54  513.0000373392058 0.6202391128724121 
0.55  540.1465730599871 0.6279623120788103 
0.56  563.2100499774965 0.6334026030389557 
0.57  583.4593785848689 0.6374763576050697 
0.58  601.4187461952308 0.6406022389325176 
0.59  617.6425537540175 0.6430954583209826 
0.6  632.443318587143 0.6451305970810008 
0.7  735.6111479545445 0.6548433106333071 
0.8  799.3043553231844 0.6583461335424902 
0.9  845.2201026732837 0.6601748658019788 
1.0  881.0442555970176 0.6613142479868926 
1.1  910.3349377239454 0.6620997553172223 
1.2  935.0401384573606 0.6626780242741012 
1.3  956.3373623327884 0.6631235506179126 
1.4  975.0141291782627 0.6634787893042893 
1.5  991.5880400017111 0.6637689503762148 
1.6  1006.4535955499844 0.6640108754005687 
1.7  1019.8939819175282 0.6642157787090756 
1.8  1032.1412966362009 0.6643918061964884 
1.9  1043.3602282599475 0.6645445713928327 
2.0  1053.6896821645519 0.6646784083643045 
2.1  1063.2526312374623 0.6647967833625574 
2.2  1072.12896623635 0.6649020293289177 
2.3  1080.4098091076849 0.6649963942783952 
2.4  1088.1552907636287 0.6650814068701119 
2.5  1095.4214433236498 0.6651583891738182 
2.6  1102.256611643012 0.6652284277597975 
2.7  1108.7008202657903 0.6652923877051994 
2.8  1114.7929284315076 0.6653510617931848 
2.9  1120.5611507147337 0.6654050362154692 
3.0  1126.0356438417848 0.6654548788942953 
3.1  1131.239435731026 0.6655010264300063 
3.2  1136.1905675312223 0.6655438330435703 
3.3  1140.9162417917614 0.6655837255869654 
3.4  1145.433789552284 0.6656209926355949 
3.5  1149.750967849952 0.6656558072540353 
3.6  1153.8854893413554 0.6656884352820495 
3.7  1157.850033698789 0.6657190764529726 
3.8  1161.6518944411473 0.6657478603505542 
3.9  1165.308749947058 0.6657750238983671 
4.0  1168.8267718604397 0.6658006667422777 
4.1  1172.2148927874393 0.6658249156363385 
4.2  1175.4803341380125 0.6658478747101366 
4.3  1178.6309387798128 0.665869648398884 
4.4  1181.672441140372 0.665890316992966 
4.5  1184.6112959412387 0.6659099647254754 
4.6  1187.453333872162 0.665928666018802 
4.7  1190.2038310240334 0.6659464874296627 
4.8  1192.8673372110984 0.665963486618961 
4.9  1195.448516590219 0.6659797208046319 
5.0  1197.9519126534092 0.665995241009262 
