#mmax= 10
#m-states: all states (FBR)
#Nr. of sites: 38
 
0.0  -8.58708396909818e-31 
0.1  0.025781713467446475 
0.2  0.05655994221637481 
0.3  0.09911528597332296 
0.4  0.16632770737626976 
0.41  0.17542508479043858 
0.42  0.18516400440415312 
0.43  0.19563517964324115 
0.44  0.20695225184170454 
0.45  0.21928150544464334 
0.46  0.23277060247687106 
0.47  0.24759672070954653 
0.48  0.2638583563695499 
0.49  0.2813111904056561 
0.5  0.2992046337262403 
0.51  0.31643652961647933 
0.52  0.33217733922784964 
0.53  0.3461867010860243 
0.54  0.3586181318503081 
0.55  0.369814071525204 
0.56  0.3799855242618809 
0.57  0.3893841890621578 
0.58  0.3981147662174629 
0.59  0.4062976310582479 
0.6  0.4140038542294373 
0.7  0.4735971185929973 
0.8  0.5148075937225767 
0.9  0.5461765867780525 
1.0  0.5714152610050177 
1.1  0.5924559722492143 
1.2  0.6104388166233051 
1.3  0.6260897004665723 
1.4  0.6399100905527653 
1.5  0.652243293094013 
1.6  0.6633526791186842 
1.7  0.6734329387468644 
1.8  0.6826442988122461 
1.9  0.691103219668992 
2.0  0.6989081428936433 
2.1  0.7061462160779117 
2.2  0.7128762253197626 
2.3  0.7191625756705363 
2.4  0.7250497826290312 
2.5  0.7305787030491099 
2.6  0.7357848309063302 
2.7  0.7406977428711565 
2.8  0.7453456588680828 
2.9  0.7497500147358904 
3.0  0.7539328497915705 
3.1  0.7579114342779312 
3.2  0.7616997111671542 
3.3  0.7653167383816802 
3.4  0.7687758154883856 
3.5  0.7720833673595017 
3.6  0.775252457883878 
3.7  0.7782924998308687 
3.8  0.7812092420616688 
3.9  0.7840157656680635 
4.0  0.7867163988593983 
4.1  0.789318172787534 
4.2  0.7918266079884326 
4.3  0.7942474721518289 
4.4  0.7965852007029753 
4.5  0.7988446798309163 
4.6  0.8010303291369951 
4.7  0.8031460325283777 
4.8  0.8051953574819004 
4.9  0.807181686891556 
5.0  0.8091086659344032 
