#mmax= 10
#m-states: all states (FBR)
#Nr. of sites: 38
 
0.0 1.2029249985797281e-27
0.1 -0.23184083530933672
0.2 -0.9349326669853781
0.3 -2.1360491735728404
0.4 -3.8990170982444545
0.41 -4.111005365650932
0.42 -4.330339425034339
0.43 -4.557337985739402
0.44 -4.792375852747902
0.45 -5.035894910097497
0.46 -5.288417820529668
0.47 -5.550565644078915
0.48 -5.82303004407855
0.49 -6.106458386372165
0.5 -6.401214842334504
0.51 -6.70711955885173
0.52 -7.0234292080712954
0.53 -7.349112187768983
0.54 -7.683150406734861
0.55 -8.0246870547344
0.56 -8.373036247351962
0.57 -8.727649394753357
0.58 -9.088076617970941
0.59 -9.453940845614733
0.6 -9.824917177632813
0.7 -13.765568351805534
0.8 -18.023974851021073
0.9 -22.51278876559806
1.0 -27.181411060750392
1.1 -31.99681609098024
1.2 -36.93574781985831
1.3 -41.98093389073407
1.4 -47.11903510387248
1.5 -52.339436584246286
1.6 -57.63349995262868
1.7 -62.99404816915254
1.8 -68.4150432922174
1.9 -73.89132749960439
2.0 -79.41845468511094
2.1 -84.99255546192474
2.2 -90.61023423364259
2.3 -96.26849127236632
2.4 -101.96465884414641
2.5 -107.69635117304614
2.6 -113.46142538126198
2.7 -119.25795156018638
2.8 -125.08417297685645
2.9 -130.93849406245806
3.0 -136.8194575834227
3.1 -142.72572855645603
3.2 -148.65607744840858
3.3 -154.6093784803683
3.4 -160.5845865117073
3.5 -166.58073275980178
3.6 -172.59691957003307
3.7 -178.63231081520266
3.8 -184.6861282759753
3.9 -190.75764373708657
4.0 -196.84617658177933
4.1 -202.9510884914377
4.2 -209.0717801125079
4.3 -215.20768824430334
4.4 -221.35828140279295
4.5 -227.52305915754846
4.6 -233.70154906228078
4.7 -239.89330390343684
4.8 -246.09790032284238
4.9 -252.31493730231443
5.0 -258.5440342530131
