#mmax= 10
#m-states: all states (FBR)
#Nr. of sites: 38
 
0.0  -0.0 
0.1  0.006345341408388392 
0.2  0.026701852709677246 
0.3  0.06678924097543575 
0.4  0.14971951036143383 
0.41  0.1635558317601816 
0.42  0.17944447163209404 
0.43  0.19804929376207508 
0.44  0.2203799321873003 
0.45  0.24818570122774541 
0.46  0.28375374781512464 
0.47  0.33045687640909654 
0.48  0.39185545203526256 
0.49  0.46761973099558024 
0.5  0.5487851017428591 
0.51  0.6191842078217475 
0.52  0.6678199396135902 
0.53  0.6953735145548035 
0.54  0.7086006276030543 
0.55  0.7141953439306641 
0.56  0.715959926750454 
0.57  0.7161000462815494 
0.58  0.7155552947226147 
0.59  0.7147860741005656 
0.6  0.7139807693266366 
0.7  0.7090602590642259 
0.8  0.707208077200437 
0.9  0.706286008592348 
1.0  0.7057299529276471 
1.1  0.7053093221718787 
1.2  0.7050829580513633 
1.3  0.7048623568988626 
1.4  0.7047066857599487 
1.5  0.7045587066462581 
1.6  0.7044442333758061 
1.7  0.7043431559109551 
1.8  0.7042547975770888 
1.9  0.7041783345024637 
2.0  0.7041079561035861 
2.1  0.7040454150707488 
2.2  0.7039887250580626 
2.3  0.7039363728935523 
2.4  0.7038897559669697 
2.5  0.7038470109612828 
2.6  0.7038061239101603 
2.7  0.70376952907043 
2.8  0.7037352070700189 
2.9  0.7037020698377885 
3.0  0.7036724047105086 
3.1  0.703644384351625 
3.2  0.7036178605770997 
3.3  0.7035931588110793 
3.4  0.7035697740441538 
3.5  0.7035476577808067 
3.6  0.7035266605477016 
3.7  0.7035066884881702 
3.8  0.7034878960731092 
3.9  0.7034697861000021 
4.0  0.7034526333134559 
4.1  0.7034362516876668 
4.2  0.7034205108533463 
4.3  0.7034055226695621 
4.4  0.7033911099764841 
4.5  0.7033773263190018 
4.6  0.703364033148131 
4.7  0.7033512833896317 
4.8  0.7033389998234819 
4.9  0.7033271953948425 
5.0  0.7033158228870144 
