0.0  -0.0  0.0
0.1  0.006762797059854608  0.00026049575294395287
0.2  0.02660608735011239  0.0005249081324160695
0.3  0.06565325940251682  0.0008258582181055018
0.4  0.1509418997281674  0.0012789024976911842
0.41  0.16409999542994633  0.0013422653693678397
0.42  0.17850232482894093  0.001404875547232428
0.43  0.19918359281902354  0.0014922319478801365
0.44  0.2205851146960738  0.0015811826113994254
0.45  0.24722185091860147  0.001688792828021847
0.46  0.2834514613594085  0.0018284583629709283
0.47  0.3285729397998762  0.0020044693784535893
0.48  0.3890258440471355  0.0022193738779981375
0.49  0.46845041945921  0.0024914976606329967
0.5  0.5450406229796775  0.0027644357104943
0.51  0.620826365748892  0.0030188098054310967
0.52  0.6708832933472926  0.0031984853245593512
0.53  0.6915751289038898  0.0032554070893175955
0.54  0.7089678631438958  0.0033064669095814246
0.55  0.7135104101782344  0.003311057549212457
0.56  0.7159055059730309  0.003320694744396571
0.57  0.7191783970279342  0.0033219497448116987
0.58  0.7175832125696835  0.0033045622564272107
0.59  0.7164732101527072  0.003303051855309124
0.6  0.7144404880171524  0.0032988268332242196
0.7  0.7112204808060125  0.003263564645673772
0.8  0.7080162964900606  0.003250537860213813
0.9  0.7018234346185872  0.003231411397510068
1.0  0.7070627594575848  0.003245608067581138
1.1  0.6994000076244866  0.0032192690992361335
1.2  0.7044970472729373  0.003235014926853284
1.3  0.7082745964399867  0.0032436298992141624
1.4  0.7051103640405825  0.003234510582749401
1.5  0.7008800817247329  0.003223119601167054
1.6  0.7111430041091494  0.003257032576602504
1.7  0.702492727210094  0.003227489814779218
1.8  0.701282587244806  0.0032234981308209717
1.9  0.6994213276466776  0.0032212592094761666
2.0  0.7020437339344398  0.003224649251159304
2.1  0.7042448380156457  0.0032341618025063905
2.2  0.7049026641184238  0.0032335358665062683
2.3  0.7016681846063514  0.003226674739676195
2.4  0.7064246235635026  0.0032348260524894834
2.5  0.7075834000794027  0.0032422404378040174
2.6  0.704802493053502  0.0032338703158914725
2.7  0.7028001459340258  0.0032281489382308412
2.8  0.7033555571833551  0.0032305717239464937
2.9  0.7063884603616617  0.0032395930724642623
3.0  0.7086188078282394  0.003245499319906963
3.1  0.7021659259294875  0.003220784768311574
3.2  0.7063186559321692  0.003242104319844673
3.3  0.7027505817655839  0.0032242302976660444
3.4  0.6989126996308307  0.0032139391082846485
3.5  0.7018947092520926  0.0032249926810259187
3.6  0.7098555445512242  0.00324875067116664
3.7  0.705153215450006  0.0032346972038616497
3.8  0.6993942511200155  0.0032158707274357393
3.9  0.6997435619750983  0.003219333837704211
4.0  0.7072376513808062  0.003236244235967089
4.1  0.6986515329699134  0.003213911788437356
4.2  0.6988359789808791  0.003212650462605743
4.3  0.6984776659004706  0.0032111649967259816
4.4  0.7096855345717247  0.0032452368855840057
4.5  0.6980739119129303  0.003209498422828662
4.6  0.7046927076418333  0.0032368134072507234
4.7  0.701891375653626  0.0032247206749773743
4.8  0.7011388317371858  0.003218966361494023
4.9  0.7037854136037818  0.003225865240804915
5.0  0.7037516123398837  0.0032263889821795267
0.0  -0.0  0.0
0.1  0.006279663205374169  0.0002509879969839023
0.2  0.026637592205319627  0.0005195602053002804
0.3  0.06697804090182957  0.0008354704961445428
0.4  0.15046336080400938  0.0012809326447984532
0.41  0.16352067268929335  0.001339568411010954
0.42  0.1811730010712459  0.0014189960673214332
0.43  0.1975039498756324  0.001483028308045602
0.44  0.22006816138395394  0.0015823317534555755
0.45  0.24909048484023738  0.0016982694993593148
0.46  0.28434025779044697  0.0018339173707289682
0.47  0.32965555878278474  0.001999419330622132
0.48  0.39094474292593595  0.0022299598083055042
0.49  0.46248169571493664  0.0024873779792840217
0.5  0.5468460986193886  0.0027731304831489674
0.51  0.6147635134690479  0.0030049264710354873
0.52  0.6656530612205426  0.0031699066811677994
0.53  0.6885281353278045  0.0032431169186805803
0.54  0.7136960377069962  0.003330061642270831
0.55  0.715478104587355  0.0033162045267999315
0.56  0.7172794397759054  0.0033207174798303455
0.57  0.7149154886991338  0.003303939802884969
0.58  0.7133076333636965  0.0033037174024693025
0.59  0.7102003889383374  0.0032885758015347953
0.6  0.712806311119  0.00329537251175975
0.7  0.7068553929560409  0.0032563578466790685
0.8  0.706874081976819  0.0032499352786872784
0.9  0.7014824414039373  0.00322874350730864
1.0  0.7029902480510544  0.0032368786576977976
1.1  0.7075527902158248  0.0032524035341723453
1.2  0.7058349149004333  0.0032392136206318926
1.3  0.7024865041598477  0.003231819825108522
1.4  0.7060631160101256  0.0032409274487155875
1.5  0.6998312253787259  0.003216535620112056
1.6  0.7024444517474245  0.003228593866557102
1.7  0.7112675405129542  0.0032515145959708873
1.8  0.7043604150518886  0.0032307921981621092
1.9  0.7040393869542679  0.003228556373018948
2.0  0.7076939910525295  0.003247674262344494
2.1  0.6985770076368225  0.003210629444311314
2.2  0.7017052312407178  0.003227080977937938
2.3  0.7000480828540805  0.0032213667683611558
2.4  0.7042392603816722  0.003229754401583308
2.5  0.7024240171417676  0.003226891956623025
2.6  0.708918641967268  0.0032466361948290012
2.7  0.704529005437664  0.003228374616734366
2.8  0.7035972696117089  0.00322227333091588
2.9  0.7081945708937172  0.003240056608553273
3.0  0.703611685481289  0.00323125201793228
3.1  0.7027814562668293  0.003224391187830848
3.2  0.7094928262790154  0.0032490572060724712
3.3  0.7031884892266332  0.0032263342283645746
3.4  0.7014353013381652  0.0032174801340220456
3.5  0.7039165979509238  0.0032322658079108357
3.6  0.7070905668588789  0.003241395593535984
3.7  0.7038562737566839  0.0032324293801744386
3.8  0.7044197007127062  0.0032279931324115927
3.9  0.699523203860902  0.0032129044854022795
4.0  0.7010021512478333  0.0032236498149406404
4.1  0.703391380780087  0.003230137769863693
4.2  0.7040809347424032  0.0032268633898910764
4.3  0.6971442012673513  0.0032084317507447215
4.4  0.7037353604760296  0.0032291712807304544
4.5  0.7064344716962471  0.0032322767775669384
4.6  0.7065416056226117  0.003236497832318628
4.7  0.7096090585233682  0.0032505692466205174
4.8  0.7082505191420005  0.0032419455276560677
4.9  0.7036108129897062  0.0032277415637145205
5.0  0.7031250079916375  0.0032266459867114823
