#mmax= 10
#m-states: all states (FBR)
#Nr. of sites: 38
 
0.0  0.0 
0.1  0.02297466505384767 
0.2  0.07702668253380428 
0.3  0.16005125511073484 
0.4  0.29198523898978873 
0.41  0.311020337575704 
0.42  0.33215923276108394 
0.43  0.3560594951772172 
0.44  0.38370060890949004 
0.45  0.4168067224653667 
0.46  0.45706342577534065 
0.47  0.5065302267988604 
0.48  0.5659404883450913 
0.49  0.6308813002595666 
0.5  0.6909984401033855 
0.51  0.7354163686305347 
0.52  0.7610425616915755 
0.53  0.7721780355327676 
0.54  0.7748262641013665 
0.55  0.7735504876638244 
0.56  0.7706953611390847 
0.57  0.7674555245021841 
0.58  0.7643066051950254 
0.59  0.7614173835414213 
0.6  0.7588260994868055 
0.7  0.7442784074225964 
0.8  0.7384824639553461 
0.9  0.7354730923365312 
1.0  0.733634105782656 
1.1  0.7323671457633083 
1.2  0.7314828317089306 
1.3  0.7307780975219529 
1.4  0.7302250526387335 
1.5  0.7297577570830516 
1.6  0.7293700919056608 
1.7  0.7290350429404661 
1.8  0.7287437395235533 
1.9  0.72848755929132 
2.0  0.7282586034674828 
2.1  0.7280531421939247 
2.2  0.7278677092767171 
2.3  0.7276986368209013 
2.4  0.727543920494329 
2.5  0.7274032297802873 
2.6  0.7272717093009191 
2.7  0.7271509702068211 
2.8  0.7270387079686772 
2.9  0.7269335435517302 
3.0  0.7268359503273629 
3.1  0.7267443488311649 
3.2  0.7266578914842131 
3.3  0.7265765296387118 
3.4  0.7265004508242133 
3.5  0.7264282282538191 
3.6  0.7263598022163021 
3.7  0.7262948363367243 
3.8  0.7262334539859673 
3.9  0.7261745112211206 
4.0  0.7261186966580085 
4.1  0.7260652769749781 
4.2  0.726014180176443 
4.3  0.7259653282626141 
4.4  0.7259185054302717 
4.5  0.7258736240649852 
4.6  0.7258305000496144 
4.7  0.7257890560513306 
4.8  0.725749202862899 
4.9  0.7257108601877355 
5.0  0.7256739265556801 
