#mmax= 10
#m-states: all states (FBR)
#Nr. of sites: 38

0.0  0.0 0.0 0.0 NaN NaN 0.0 
0.1  0.00198 0.0020420583968204626 0.4170002496024958 -0.015437549215930248 9.37515642843605 0.0 
0.2  -0.00306 0.004067391277061748 1.6543671800717996 -0.003803381944356143 2.259707728457811 0.0 
0.3  -0.0006 0.0061277379098423354 3.7549171891718913 -0.0050083980148712005 0.8644270094588142 0.0 
0.4  -0.00234 0.008319918115845525 6.922103745437456 0.006924814842019665 0.4292404290066796 0.0 
0.41  -0.00946 0.008506387521756031 7.235862867028672 0.00525243092022716 0.3938323928132994 0.0 
0.42  -0.01438 0.008765654597518959 7.683670052300525 0.00659736528705222 0.3800122853365493 0.0 
0.43  -0.00584 0.009014325905175343 8.125807152471527 0.017446978533181313 0.37031513718706055 0.0 
0.44  -0.00884 0.009251555245294954 8.55912744567446 0.006732634213888582 0.28872242508284174 0.0 
0.45  0.0008 0.009477261829501064 8.981849178491784 -0.00958008092732428 0.28087448896521305 0.0 
0.46  0.01448 0.009795001925299819 9.594206271662717 0.0074041036494242995 0.27596097860418656 0.0 
0.47  -0.01608 0.010064115818107023 10.128642720027202 0.00047542281651828406 0.23602926819353787 0.0 
0.48  -0.01166 0.010339405663629548 10.690330947709478 -0.014064005491141847 0.19880631132149107 0.0 
0.49  0.01284 0.010634673587225094 11.309628230682305 0.006630879154019065 0.19991052492304417 0.0 
0.5  0.00838 0.010978529183685325 12.052810303703037 0.005868436960155143 0.1656062517536263 0.0 
0.51  0.00694 0.01123987463060942 12.633478171181721 -0.009846650429961195 0.17317853342159983 0.0 
0.52  -0.00286 0.011405087415894263 13.007601896418967 -0.005681969624259322 0.13507251498255402 0.0 
0.53  -0.0054 0.011649595080115677 13.571306553065538 0.003965464491866843 0.16167016517856503 0.0 
0.54  -0.00416 0.011864688561118934 14.077083465234649 0.017661442467776244 0.11447535901395556 0.0 
0.55  0.01516 0.012053711240259021 14.529195466354665 -0.005627710662558701 0.10505727848864321 0.0 
0.56  0.0025 0.012254870024540987 15.01818393183932 0.003836537186078248 0.08877871804220927 0.0 
0.57  0.01762 0.012429852789490457 15.450124036840371 -0.0002814313515939465 0.0917084439879976 0.0 
0.58  0.01132 0.012546054862422931 15.740349261092609 -0.0005172083406411395 0.08352346072305439 0.0 
0.59  0.02234 0.01269268373064589 16.110422028620288 -0.017141888103530317 0.11130935886115711 0.0 
0.6  0.00648 0.012847366681320593 16.50548306443065 -0.01827828578022269 0.05196107501835101 0.0 
0.7  -0.00104 0.013997898006325305 19.594114859548593 0.019672587031303947 0.0774093215351499 0.0 
0.8  -0.01504 0.014852580381046244 22.059914397543977 -0.0017776687040987633 0.02851527000177745 0.0 
0.9  0.0272 0.015528831670352105 24.114461304613055 0.021379059780571346 0.01880191909502882 0.0 
1.0  0.0006 0.016126406822661084 26.006099700997 -0.003592319989148659 0.038788374583176743 0.0 
1.1  0.02124 0.016582702990899426 27.498603848438474 -0.012891594716712963 -0.004725186834304562 0.0 
1.2  0.01924 0.01717756818972025 29.506884891248905 -0.006168762904538789 0.032936122307137605 0.0 
1.3  0.02106 0.017603291269607378 30.987586352263534 -0.009779013349188032 0.008501426869821138 0.0 
1.4  -0.00928 0.017957548929395557 32.247356355163554 0.0033263422433762848 -0.019461135680647335 0.0 
1.5  0.00913 0.01837291054975832 33.756384206942066 -0.0013486923273902229 0.0424105093574032 0.0 
1.6  -0.00626 0.018726737970910748 35.06907150311503 -0.01357928161344832 0.022162356275174933 0.0 
1.7  0.00354 0.019045794866768388 36.27423021070211 -0.006628790699789018 -0.00679903395014847 0.0 
1.8  -0.01442 0.019362697895094517 37.49140697766976 -0.0034465250294561664 -0.005416410818937845 0.0 
1.9  0.01236 0.019680852259581053 38.73359456634567 -0.019844639533501823 0.01288203421182832 0.0 
2.0  -0.00981 0.019954786883707772 39.81935195741957 -9.176407224718675e-5 0.022552134791436806 0.0 
2.1  -0.00448 0.020282897062676535 41.13959132551325 0.001474500912020147 -0.006120964981733756 0.0 
2.2  0.01328 0.02058102213692804 42.357847220072195 0.007072718673390384 0.014471820241194866 0.0 
2.3  -0.0007 0.020704547372082754 42.867828188281884 0.00225185888549879 0.005921233583947583 0.0 
2.4  0.0131 0.020989194585855214 44.054628936289376 -0.01670264426115578 0.017497789258481333 0.0 
2.5  -0.0153 0.021286037443683608 45.309539005390064 -0.0067735524451613795 0.00032682080428969584 1.06733e-318 
2.6  0.00766 0.021593468364826437 46.62778760227602 0.002843183004045659 0.011086052942954616 3.2255090413736394e-307 
2.7  -0.00064 0.02173711850561636 47.25023209272093 -0.006333248648404223 0.0023906378076565815 1.6733343757949685e-306 
2.8  -0.02808 0.021923323686366875 48.06321214572148 -0.0019057686850591656 -0.008310861649900136 2.216766070007855e-284 
2.9  -0.02916 0.022228406104900546 49.41020379643798 -0.008456784774644762 -0.007192677981628037 1.357144481625226e-283 
3.0  -0.01184 0.0223810903951544 50.09132072760727 -0.00497028869261412 0.009544004352111113 2.3809667343558236e-277 
3.1  0.00348 0.022708276807242675 51.56658355543555 0.002764213688116932 0.003310438399461102 2.1331985012284722e-281 
3.2  0.0635 0.02286836476709848 52.29621071210712 -0.004127832320323081 -0.010035542767550698 3.529467075001477e-278 
3.3  -0.00268 0.022968752770057804 52.75636038120381 0.004027732758019534 0.005949322352536424 4.486076876322235e-272 
3.4  0.00949 0.02321891880731973 53.911819058090586 -0.0027481950535216504 -0.015372522681858403 3.985900675616004e-263 
3.5  -0.03019 0.023474677766562896 55.106049624396235 -0.002408852612021959 0.03628204199332119 3.350291021732161e-259 
3.6  -0.01302 0.023621843380880483 55.79914847108471 -0.0051429693968669315 0.014092818781188399 4.725174332983273e-248 
3.7  0.00808 0.023853491086764846 56.89890370263701 -0.004635749565367575 0.012517044606421557 2.7503665777460563e-251 
3.8  0.01776 0.024012118016578973 57.65818116421165 -0.007380755594244737 -0.031779352698574126 1.10795819039413e-239 
3.9  0.03572 0.024128461671698558 58.218266264262645 0.009345409176311974 -0.002195050022375522 6.124384044687295e-245 
4.0  -0.01934 0.024213007296517784 58.62697223412235 -0.005520486663680717 -0.015292061843944715 6.896223350040092e-248 
4.1  0.00116 0.02447356892853515 59.89555760997611 -0.0022259109531273004 -0.016098760919713406 1.683350275188985e-245 
4.2  -0.01432 0.02459938211972014 60.51296006720069 0.0006847619780423121 0.006758195729452243 4.909125035238863e-235 
4.3  0.00612 0.024881499479455893 61.908901634616385 -0.011277053990797625 0.020818211622279037 1.92145104096487e-247 
4.4  -0.04792 0.024972274083085198 62.361447288072874 -0.0008334097582519277 0.004792343808887711 4.808742611343224e-231 
4.5  -0.0245 0.0251561667554351 63.28327258272582 -0.0122570462191926 0.016127996789812027 1.440115631773008e-227 
4.6  0.00206 0.025308361517404225 64.0513162695627 -0.0022758768157049533 0.029541126314887478 1.1932070639551498e-214 
4.7  0.06632 0.025433145401716442 64.68448850248502 0.011297760546400989 0.02143342964462036 6.419041467642565e-233 
4.8  0.00136 0.025489262024012884 64.97024785287853 0.0037901911746927378 0.019001806417386913 1.072242915876384e-224 
4.9  -0.0193 0.025687726129276937 65.98592736927371 -0.014239824528915443 0.013261066840985603 2.1004958905977635e-220 
5.0  -0.02958 0.02584485886599689 66.79567298032981 -0.0008693574257281379 0.004251714576618326 3.561274358460789e-210 
