#mmax= 10
#m-states: all states (FBR)
#Nr. of sites: 38
 
0.0  2.2225230040793165e-58 
0.1  0.0024810244756457186 
0.2  0.009691551556882234 
0.3  0.020902322170229203 
0.4  0.03467175413572321 
0.41  0.036097474248131874 
0.42  0.03751687327833621 
0.43  0.03892463257907395 
0.44  0.04031440686798658 
0.45  0.0416792662527376 
0.46  0.04300904814172302 
0.47  0.04429260059236776 
0.48  0.0455167654250362 
0.49  0.04666902637038426 
0.5  0.04774580709083894 
0.51  0.04875740464624115 
0.52  0.04972264621187507 
0.53  0.05065745152740543 
0.54  0.05157052471079984 
0.55  0.05246416547424808 
0.56  0.053339981239266775 
0.57  0.05419747280869755 
0.58  0.055037267823393986 
0.59  0.05585964987250799 
0.6  0.05666529591305444 
0.7  0.06395903641169824 
0.8  0.07024093564101577 
0.9  0.07584989356054618 
1.0  0.08097920643006462 
1.1  0.0857481714666549 
1.2  0.0902338415245675 
1.3  0.09448943787628772 
1.4  0.09855167746942502 
1.5  0.1024490755808418 
1.6  0.10620350358297886 
1.7  0.10983166299554131 
1.8  0.11334467108567828 
1.9  0.11675567874566102 
2.0  0.12007426138326686 
2.1  0.12330495731842314 
2.2  0.1264587090880645 
2.3  0.1295377426247276 
2.4  0.1325483960264174 
2.5  0.13549528792304966 
2.6  0.13838201485342508 
2.7  0.14121318775602112 
2.8  0.14399100627956243 
2.9  0.14671923641682136 
3.0  0.14939949306276812 
3.1  0.1520348767542193 
3.2  0.15462877416152315 
3.3  0.157180986443579 
3.4  0.1596917462359431 
3.5  0.162167963182186 
3.6  0.16460830543413507 
3.7  0.16701443556542223 
3.8  0.1693914612931538 
3.9  0.17173310275145887 
4.0  0.1740457302767951 
4.1  0.1763288200102368 
4.2  0.17858386297397197 
4.3  0.18081175928896476 
4.4  0.18301413455780055 
4.5  0.18519144177439814 
4.6  0.1873442629394362 
4.7  0.1894737899161032 
4.8  0.19158064678207498 
4.9  0.19366617291112007 
5.0  0.1957289890870104 
