#mmax= 10
#m-states: all states (FBR)
#Nr. of sites: 38
 
0.0  -7.422091863370591e-14 
0.1  -7.1871298971221635e-9 
0.2  3.645110698900424e-7 
0.3  -3.8834604442174845e-7 
0.4  -2.992194826135091e-7 
0.41  -3.436756030539777e-7 
0.42  1.157327404038297e-5 
0.43  6.742447048737092e-5 
0.44  -0.00022211785865763358 
0.45  -4.9422396189918474e-5 
0.46  0.0003033899919098604 
0.47  -0.00013878095839701387 
0.48  3.128119863190465e-5 
0.49  0.000769303288193771 
0.5  0.0015119694706056826 
0.51  0.0031936645069016206 
0.52  0.0042672938121769925 
0.53  0.006736564481809644 
0.54  0.008681824521717752 
0.55  0.007641990952999817 
0.56  0.007880953806965752 
0.57  0.011635092757874747 
0.58  0.00922349006238119 
0.59  0.008408085960231933 
0.6  0.008607418611985353 
0.7  -0.04383786405583791 
0.8  -0.051607265540437486 
0.9  -0.028591417298776237 
1.0  0.04191788611140997 
1.1  -0.2115371258929402 
1.2  -0.056039403615446896 
1.3  -0.11359823866459162 
1.4  0.02287800134932236 
1.5  0.0920252814832569 
1.6  0.07158688620479549 
1.7  0.06734159252611231 
1.8  0.06626834716497776 
1.9  0.05110378472575517 
2.0  0.058759787454296955 
2.1  0.057908138488432036 
2.2  0.059589329498336 
2.3  0.06730889942344373 
2.4  0.0617577380709368 
2.5  0.05870355433400174 
2.6  0.06657317390942367 
2.7  0.06335566681148265 
2.8  0.06319965032733946 
2.9  0.0725527785538976 
3.0  0.07071803894237305 
3.1  0.07049203988670182 
3.2  0.0710824092238714 
3.3  0.06885965613093493 
3.4  0.06978356177026235 
3.5  0.06953214812824345 
3.6  0.06963799173970732 
3.7  0.07003736400299349 
3.8  0.06974402269538303 
3.9  0.06977479083371034 
4.0  0.07001414154751902 
4.1  0.06974099856067845 
4.2  0.07013759058101156 
4.3  0.06986670596504832 
4.4  0.07003737178508603 
4.5  0.06984594367450618 
4.6  0.07012086640127892 
4.7  0.07006741173259957 
4.8  0.07023978195331006 
4.9  0.07024188084333384 
5.0  0.07023580464313146 
