#mmax= 10
#m-states: all states (FBR)
#Nr. of sites: 38

0.0  -0.0  0.0
0.1  -0.0  1.6320360063994127e-19
0.2  -0.0  2.5012688458946635e-19
0.3  -0.0  2.4563917007291586e-19
0.4  -0.0  3.1939290618271673e-19
0.41  -0.0  3.040263197550664e-19
0.42  -0.0  2.9765101812933146e-19
0.43  1.0000050000287824e-5  1.0000100001000008e-5
0.44  -0.0  3.093755068577261e-19
0.45  3.0000450008974692e-5  1.7320854493636683e-5
0.46  5.000125004166272e-5  2.2361350619988285e-5
0.47  3.0000450008974692e-5  1.7320854493644093e-5
0.48  6.0001800003780435e-5  2.4495754759045822e-5
0.49  0.00010000500033079355  3.162451598127422e-5
0.5  0.00011000605041144674  3.316823802956553e-5
0.51  0.00021002205305310564  4.583079855909483e-5
0.52  0.00022002417876517468  4.690954717068797e-5
0.53  0.00031004805985471336  5.568655408955739e-5
0.54  0.0004901200844883205  7.001750571594485e-5
0.55  0.0003700684664456365  6.083918566114397e-5
0.56  0.0005801682610324367  7.618020678484065e-5
0.57  0.0007202592935813957  8.488379803755122e-5
0.58  0.000880387405829064  9.385008507808518e-5
0.59  0.0009304326676223967  9.648185904059856e-5
0.6  0.001010510344439596  0.00010055004440802814
0.7  0.002442913966685294  0.00015639237066194107
0.8  0.004188736819854135  0.00020487898681185516
0.9  0.006007927958307136  0.0002454788685077822
1.0  0.008293753753380316  0.0002885788802219942
1.1  0.00989813873517635  0.0003153837160036901
1.2  0.013314787771352159  0.0003660680330532092
1.3  0.015138821083740112  0.0003904988371040275
1.4  0.01757996846297768  0.0004209374695255068
1.5  0.021112846922599064  0.0004617306022389275
1.6  0.022716933232060227  0.00047975312061442743
1.7  0.02498679839033432  0.0005026986507097792
1.8  0.02804622874438549  0.0005330262547474093
1.9  0.031198834131340007  0.0005642701078500848
2.0  0.033165223791328476  0.0005799994980876679
2.1  0.03547292994396684  0.0005999343123433788
2.2  0.03996616418802558  0.0006376245990545391
2.3  0.040329257578224524  0.0006408716166538782
2.4  0.043970513258419525  0.0006701028655918264
2.5  0.04569890371840993  0.0006819756962944569
2.6  0.04865026407792161  0.0007198097406002596
2.7  0.05052038251003871  0.0007181482164818321
2.8  0.05295608089316372  0.0007408703883573356
2.9  0.05717721093000192  0.000767309187513477
3.0  0.058825422268899606  0.0007858987709509714
3.1  0.062334916826196254  0.0008007071296138525
3.2  0.06237346035169008  0.0008017287137304758
3.3  0.06487395033610857  0.0008317408966732364
3.4  0.0667915158292726  0.0008352672037832202
3.5  0.0695121991655492  0.0008543180771960029
3.6  0.07247509516980778  0.0008671962502506221
3.7  0.07493309638293677  0.0008867254753016964
3.8  0.07516337139747456  0.000892038969164421
3.9  0.07748862111977112  0.0009073511176058194
4.0  0.0802031806658048  0.0009093702554991832
4.1  0.08215133180287205  0.0009325901997417329
4.2  0.08399611250545752  0.0009494109059057475
4.3  0.08764616875673571  0.0009697357045546728
4.4  0.08690231010114886  0.0009653180377818604
4.5  0.08948060013407581  0.000982703596821739
4.6  0.09327472357568584  0.0010060037098387532
4.7  0.09340039610622121  0.000997650194351329
4.8  0.09308158933810236  0.0009955995018619478
4.9  0.09805381683085027  0.0010283395067775892
5.0  0.0969571181642362  0.0010154108534900501
