#mmax= 10
#m-states: all states (FBR)
#Nr. of sites: 38

0.0  1.0  0.0
0.1  1.0  1.6320360063994127e-19
0.2  1.0  2.5012688458946635e-19
0.3  1.0  2.4563917007291586e-19
0.4  1.0  3.1939290618271673e-19
0.41  1.0  3.040263197550664e-19
0.42  1.0  2.9765101812933146e-19
0.43  0.99999  9.999999999999999e-6
0.44  1.0  3.093755068577261e-19
0.45  0.99997  1.7320334868001875e-5
0.46  0.99995  2.2360232552457288e-5
0.47  0.99997  1.7320334868009285e-5
0.48  0.9999400000000682  2.449428501376195e-5
0.49  0.9999000000000026  3.162135352967618e-5
0.5  0.9998900000000323  3.3164589523383346e-5
0.51  0.9997900000000344  4.5821174091399e-5
0.52  0.9997800000247793  4.68992270714728e-5
0.53  0.9996900000000779  5.5669291257793964e-5
0.54  0.9995100000047401  6.998319713847592e-5
0.55  0.9996300000004432  6.081667516247631e-5
0.56  0.9994200000040309  7.613602226521252e-5
0.57  0.9992800000308796  8.482268170558537e-5
0.58  0.9991200000214594  9.376749700523043e-5
0.59  0.9990700000506366  9.639213091657632e-5
0.6  0.9989900000492047  0.00010044848886812357
0.7  0.9975600675193069  0.0001560107838370304
0.8  0.9958200237021101  0.0002040225975030459
0.9  0.9940100835521979  0.00024400847059571963
1.0  0.9917405445362591  0.0002861953758130244
1.1  0.9901506866138852  0.00031227740294789236
1.2  0.9867734619059015  0.00036122622026899925
1.3  0.984975194787753  0.0003846316681409305
1.4  0.9825736576180701  0.0004136020690601722
1.5  0.9791084689574194  0.0004520843430289435
1.6  0.9775391534621375  0.0004689774593962461
1.7  0.9753227877740844  0.0004902934494205326
1.8  0.9723434155470226  0.0005182845691173334
1.9  0.969282827405442  0.0005469373255573039
2.0  0.9673787124056027  0.000561079167655944
2.1  0.9651488605101133  0.0005790259179391305
2.2  0.9608219487931253  0.0006126437098620174
2.3  0.9604731440225459  0.0006155399765623622
2.4  0.9569821753431196  0.0006412764980177242
2.5  0.9553295650701987  0.0006515115453294294
2.6  0.9525141998837948  0.0006856289991364181
2.7  0.9507345501183239  0.0006827683215151313
2.8  0.9484216654000606  0.0007026575275714538
2.9  0.9444266918040214  0.0007246672775541845
3.0  0.9428713591324064  0.0007410014423070301
3.1  0.9395681569047579  0.0007523189219917865
3.2  0.9395319433334529  0.0007532497364374235
3.3  0.9371855878608251  0.0007794955811965968
3.4  0.9353901950586414  0.0007813007526728723
3.5  0.9328487533387683  0.0007969495532670649
3.6  0.9300889100782059  0.0008065696152195082
3.7  0.927805557799875  0.0008227088242276497
3.8  0.9275919319588551  0.0008274481507898108
3.9  0.9254375547798199  0.0008396967996038663
4.0  0.9229288060456925  0.0008392840041613275
4.1  0.921132551498541  0.0008590391901906364
4.2  0.9194348303860624  0.0008729214552381288
4.3  0.9160849588646818  0.0008883602930165807
4.4  0.916766650100116  0.0008849713837784934
4.5  0.914406004306119  0.0008985900693870178
4.6  0.910943208341722  0.0009164122470441886
4.7  0.9108287349967839  0.0009086884644903166
4.8  0.9111191596543113  0.0009071097814887089
4.9  0.906600112096145  0.0009322927121174567
5.0  0.9075949246353165  0.0009215817370471844
