#mmax= 10
#m-states: all states (FBR)
#Nr. of sites: 38
 
0.0  -3.1772210685663263e-29 
0.1  1.8675572112204895 
0.2  3.849243684374447 
0.3  6.110750375453206 
0.4  8.998278239170642 
0.41  9.350577548415027 
0.42  9.72060126733708 
0.43  10.111049841626144 
0.44  10.52532624067209 
0.45  10.968480241295538 
0.46  11.444856482835283 
0.47  11.959713752644042 
0.48  12.515779564801797 
0.49  13.105030774045108 
0.5  13.703842769381934 
0.51  14.278057343212652 
0.52  14.802421258841893 
0.53  15.270123510035482 
0.54  15.686475151365553 
0.55  16.0624790978242 
0.56  16.404951818542187 
0.57  16.721890204562815 
0.58  17.016693003474636 
0.59  17.293223282344186 
0.6  17.553793925105353 
0.7  19.570415408023965 
0.8  20.963053922631023 
0.9  22.020522983207837 
1.0  22.869194267366424 
1.1  23.57511359372351 
1.2  24.17724888244233 
1.3  24.700414959984762 
1.4  25.16167092622372 
1.5  25.572769931432116 
1.6  25.942655316643098 
1.7  26.27795526249723 
1.8  26.584037635281746 
1.9  26.86490277334668 
2.0  27.123881918930103 
2.1  27.363854645869296 
2.2  27.586885621957087 
2.3  27.795070878770254 
2.4  27.989936101979914 
2.5  28.17285515136672 
2.6  28.345014682640837 
2.7  28.50741737194978 
2.8  28.660993727479187 
2.9  28.806476633536633 
3.0  28.94458842737223 
3.1  29.07591564531163 
3.2  29.200943862947245 
3.3  29.320268843274242 
3.4  29.43432419457466 
3.5  29.543381219456343 
3.6  29.647844412524048 
3.7  29.748028845719467 
3.8  29.844159239258865 
3.9  29.936605201476734 
4.0  30.025550976913067 
4.1  30.11121991449785 
4.2  30.193799518215656 
4.3  30.273479616045794 
4.4  30.35041361574158 
4.5  30.42476040293255 
4.6  30.496664846229056 
4.7  30.56625806906887 
4.8  30.633658193403853 
4.9  30.698980194072444 
5.0  30.76233411257218 
