#mmax= 10
#m-states: all states (FBR)
#Nr. of sites: 38
 
0.0  0.0 
0.1  -0.9136338129249698 
0.2  -1.7565258223685787 
0.3  -2.443484794440256 
0.4  -2.8441530662486607 
0.41  -2.8598494111687995 
0.42  -2.8695331043834154 
0.43  -2.872548194826222 
0.44  -2.868092922529022 
0.45  -2.855064539843734 
0.46  -2.832344191191053 
0.47  -2.798635086390821 
0.48  -2.7530203791284507 
0.49  -2.696516729035831 
0.5  -2.633271321511044 
0.51  -2.5699057474029177 
0.52  -2.511859707411455 
0.53  -2.4612155698525844 
0.54  -2.417604272904154 
0.55  -2.3793584513916484 
0.56  -2.3454874208525927 
0.57  -2.3146752092629743 
0.58  -2.2864466534285097 
0.59  -2.2602109331890143 
0.6  -2.235651318616172 
0.7  -2.0473220200830657 
0.8  -1.9151729548956862 
0.9  -1.811989272419897 
1.0  -1.7268296101807683 
1.1  -1.6542426205025829 
1.2  -1.5910126673800413 
1.3  -1.5350960427215883 
1.4  -1.4849975757714065 
1.5  -1.4397680869536362 
1.6  -1.398606189251783 
1.7  -1.360936528863249 
1.8  -1.3261985792286433 
1.9  -1.294083645593974 
2.0  -1.2642806318652997 
2.1  -1.2364446509865616 
2.2  -1.2104652851258721 
2.3  -1.1860555789604101 
2.4  -1.1630941447057601 
2.5  -1.1414431385496537 
2.6  -1.1209759391066223 
2.7  -1.10160088571699 
2.8  -1.0832043493601218 
2.9  -1.0657260883086865 
3.0  -1.0490729850841245 
3.1  -1.0331925770281754 
3.2  -1.0180545497625384 
3.3  -1.0035495231520757 
3.4  -0.9896190215043912 
3.5  -0.9762966271547793 
3.6  -0.963503470820562 
3.7  -0.9512063519773282 
3.8  -0.9394172829771199 
3.9  -0.928021871758385 
4.0  -0.9170442191153326 
4.1  -0.9064475213590913 
4.2  -0.8962150226436487 
4.3  -0.886323146428125 
4.4  -0.8767611897314945 
4.5  -0.8675072491886455 
4.6  -0.8585426681602351 
4.7  -0.8498548655188957 
4.8  -0.8414299665735403 
4.9  -0.8332577790848703 
5.0  -0.8253134729992601 
