#mmax= 5
#m-states: all states (FBR)
#Nr. of sites: 15
 
0.0  7.49999999999999 0.03333333333333477 
0.1  6.82646517007591 0.027433782790797334 
0.2  6.213499512682305 0.022240830090599406 
0.3  5.666465732037691 0.017873122194490887 
0.4  5.180590993988932 0.01455429583157708 
0.41  5.135037386747211 0.014302620424518464 
0.42  5.08994752247171 0.014058855309508234 
0.43  5.045327379286106 0.013838660657149116 
0.44  5.001146991911966 0.013625286162048056 
0.45  4.957435744357149 0.013443759125739141 
0.46  4.914141072869946 0.013273721108295833 
0.47  4.871333160844368 0.013138933623288551 
0.48  4.829025322537081 0.01302777028731561 
0.49  4.787248164928866 0.012940601812068797 
0.5  4.746099125370336 0.012876407938734125 
0.51  4.705661538796736 0.012834336378112043 
0.52  4.666045692629793 0.012812581254061262 
0.53  4.627362249593738 0.012807942006603845 
0.54  4.589713825744044 0.012816504272251228 
0.55  4.553182307122864 0.012835088010164197 
0.56  4.517825594099398 0.012859505532432425 
0.57  4.4836467694921645 0.012886874587009212 
0.58  4.450670081323944 0.012913733272876149 
0.59  4.418830876802921 0.012938460032067667 
0.6  4.388101210871676 0.01295947538082265 
0.7  4.127649792727395 0.012964656430576649 
0.8  3.922494151327103 0.012785843688100873 
0.9  3.751252835618102 0.012567288384390252 
1.0  3.6040688126575326 0.012348029778631808 
1.1  3.4751123166114977 0.012141784817812251 
1.2  3.3605182926437087 0.011934448972611533 
1.3  3.2575873537424074 0.011736267809251855 
1.4  3.164356975279442 0.01155644845661008 
1.5  3.0792795237958983 0.011380452293426435 
1.6  3.001176283081316 0.011211454021850309 
1.7  2.9291039791634206 0.011048043080433723 
1.8  2.862289643391424 0.010890644637522318 
1.9  2.800111808649676 0.010743344463119642 
2.0  2.7420409439114586 0.010604366791013065 
2.1  2.687623856740517 0.01046949531674568 
2.2  2.6364977297254124 0.010346771999246163 
2.3  2.5883172073345277 0.010223312127247364 
2.4  2.542811819087353 0.010104879831107971 
2.5  2.499738062912837 0.009991152708707873 
2.6  2.45888292936228 0.0098818523741101 
2.7  2.420060596388628 0.009777138992708045 
2.8  2.383107916187674 0.009676104533433372 
2.9  2.347862443842289 0.00957844625319515 
3.0  2.31421526785978 0.009484557766101687 
