#mmax= 5
#m-states: all states (FBR)
#Nr. of sites: 15
 
0.0  7.499999999999982 0.03333333333333366 
0.1  9.168479819256493 0.048374003794245946 
0.2  11.709663982209783 0.07296729417868653 
0.3  16.165408679703344 0.12052528092402803 
0.4  26.07126118014754 0.2332380276385212 
0.41  27.712371838514294 0.25098824417675103 
0.42  29.532531909676464 0.27006546059954306 
0.43  31.56871895273629 0.29062094237013825 
0.44  33.82693190816912 0.3123550906890795 
0.45  36.33575013050527 0.33522938595367013 
0.46  39.11136646250318 0.3589795021217538 
0.47  42.1620691339224 0.3832751912041966 
0.48  45.48663277796106 0.4077299957451682 
0.49  49.07296655027901 0.431926190824398 
0.5  52.88302113780853 0.45535768349851935 
0.51  56.86967427717158 0.4776244120443377 
0.52  60.96763417218782 0.4983643132884974 
0.53  65.10406065022893 0.5173125691978384 
0.54  69.20241906220116 0.5343114562118985 
0.55  73.19301403979134 0.5493308793139573 
0.56  77.0176005937444 0.5624229865891788 
0.57  80.63525700769215 0.5737190058067934 
0.58  84.02291280932519 0.5833966292187153 
0.59  87.16886862115697 0.5916442456970421 
0.6  90.08310497556297 0.5986797516929746 
0.7  109.75296611298916 0.6325738183376661 
0.8  120.86259507759732 0.6434347771595819 
0.9  128.60441914041297 0.6487874105105222 
1.0  134.54575789593295 0.6520385422814037 
1.1  139.35476350210158 0.6542475657987847 
1.2  143.3802298501112 0.6558556148578663 
1.3  146.8331344472552 0.6570848944288523 
1.4  149.8472032874498 0.6580580676063871 
1.5  152.51472648600947 0.6588492838983739 
1.6  154.90168106401165 0.65950633660404 
1.7  157.05664052587773 0.6600613645592279 
1.8  159.01676517453103 0.6605367843367822 
1.9  160.81095641107026 0.6609488141260895 
2.0  162.46225878268547 0.6613094892037616 
2.1  163.98924961992265 0.6616278914779701 
2.2  165.407180810345 0.661911155886856 
2.3  166.72876801573585 0.662164728546564 
2.4  167.9646892621791 0.6623931070701068 
2.5  169.12396689870675 0.6625998717428094 
2.6  170.21432475483098 0.6627879531686847 
2.7  171.24243888415913 0.6629597907260827 
2.8  172.21355943136012 0.663117260993457 
2.9  173.13420044784525 0.663262399103875 
3.0  174.00698542097052 0.6633962538147301 
