#mmax= 5
#m-states: all states (FBR)
#Nr. of sites: 15
 
0.0  6.743683798236512e-32 
0.1  0.025745087408452806 
0.2  0.05622044144344449 
0.3  0.09764743982322807 
0.4  0.16072488619188313 
0.41  0.16892960361669587 
0.42  0.17757559393425845 
0.43  0.1867227187525732 
0.44  0.1963651275741612 
0.45  0.2065429520520762 
0.46  0.21726759280616664 
0.47  0.22853559626288986 
0.48  0.24032538229697684 
0.49  0.2525909692597148 
0.5  0.2652380684788985 
0.51  0.27815548981560423 
0.52  0.29119778984892014 
0.53  0.30420546638498136 
0.54  0.3170137863985158 
0.55  0.3294751098509722 
0.56  0.3414658511538486 
0.57  0.35289942554548487 
0.58  0.3637272368018038 
0.59  0.37392629390752485 
0.6  0.38351983474925017 
0.7  0.4539095039456661 
0.8  0.49898554437308057 
0.9  0.5324519057105016 
1.0  0.559073756780416 
1.1  0.581119291867461 
1.2  0.599865253871475 
1.3  0.616125687116006 
1.4  0.6304390460859473 
1.5  0.6431876268065123 
1.6  0.654652022839772 
1.7  0.6650431264727079 
1.8  0.6745248151503809 
1.9  0.6832265498779658 
2.0  0.6912526740383386 
2.1  0.6986880581470282 
2.2  0.7056031042273586 
2.3  0.7120568051432945 
2.4  0.7180990494665404 
2.5  0.7237722183736792 
2.6  0.7291127661642273 
2.7  0.7341523576305775 
2.8  0.7389161356707629 
2.9  0.7434343524512779 
3.0  0.7477206401284623 
