#mmax= 5
#m-states: all states (FBR)
#Nr. of sites: 15
 
0.0 3.552713678800501e-15
0.1 -0.08770412614927636
0.2 -0.35342115687483044
0.3 -0.8062455264197226
0.4 -1.4669617350439665
0.41 -1.545916453453934
0.42 -1.6274446823526958
0.43 -1.7116198758211247
0.44 -1.7985209065367584
0.45 -1.8882304128858678
0.46 -1.9808342876729128
0.47 -2.076417297906467
0.48 -2.175060005617812
0.49 -2.276834937266411
0.5 -2.3817984481644103
0.51 -2.4899848284588195
0.52 -2.6014007045997545
0.53 -2.7160205391774817
0.54 -2.8337854554310447
0.55 -2.9546048738415287
0.56 -3.0783622671675595
0.57 -3.204922289439793
0.58 -3.334137855727807
0.59 -3.465858468464539
0.6 -3.599935065688946
0.7 -5.043752433965697
0.8 -6.621849630864048
0.9 -8.293283114497424
1.0 -10.03643784629093
1.1 -11.837643027315504
1.2 -13.687414120078355
1.3 -15.578778543671085
1.4 -17.506393519807514
1.5 -19.466037095963024
1.6 -21.454288554551333
1.7 -23.46832205620248
1.8 -25.50576647805174
1.9 -27.56460349989291
2.0 -29.64309760762488
2.1 -31.7397408505976
2.2 -33.85321211836175
2.3 -35.98234669678161
2.4 -38.12610929768989
2.5 -40.2835754116074
2.6 -42.45391488286441
2.7 -44.636377651604235
2.8 -46.83028735265109
2.9 -49.03502540356441
3.0 -51.250028364515586
