#mmax= 5
#m-states: all states (FBR)
#Nr. of sites: 15
 
0.0  0.0 
0.1  0.02297146048963978 
0.2  0.07677173924073087 
0.3  0.15694262019128183 
0.4  0.26743485143739193 
0.41  0.2806134195882331 
0.42  0.29425387465827524 
0.43  0.3084225477532879 
0.44  0.32310865736761446 
0.45  0.33836222532681465 
0.46  0.35419974526602915 
0.47  0.3706262039993227 
0.48  0.3876165332477105 
0.49  0.4051260358647816 
0.5  0.4230362881098484 
0.51  0.44120502150322405 
0.52  0.4594361246179492 
0.53  0.477509686878686 
0.54  0.4951889383354742 
0.55  0.5122583324808657 
0.56  0.5285310484954787 
0.57  0.5438743809525161 
0.58  0.5582113611764918 
0.59  0.5714999613940908 
0.6  0.5837765258512875 
0.7  0.6627573875788783 
0.8  0.6978853071392224 
0.9  0.7149675553839961 
1.0  0.7236829414699001 
1.1  0.7282361479894838 
1.2  0.7306146178036506 
1.3  0.7318201332449591 
1.4  0.732377427808835 
1.5  0.7325716813406093 
1.6  0.732561459186931 
1.7  0.7324390503323561 
1.8  0.7322561834457536 
1.9  0.7320437639495029 
2.0  0.7318197283791237 
2.1  0.7315948219282985 
2.2  0.7313743771736523 
2.3  0.7311630043779498 
2.4  0.7309616779488898 
2.5  0.7307710539793009 
2.6  0.730591169127127 
2.7  0.730421724615159 
2.8  0.7302631097515038 
2.9  0.730112142138563 
3.0  0.7299716196712017 
