#mmax= 5
#m-states: all states (FBR)
#Nr. of sites: 15
 
0.0  -0.0 
0.1  0.006344242051084059 
0.2  0.02658756555265037 
0.3  0.06504988138780637 
0.4  0.13251971357412254 
0.41  0.1417304526645835 
0.42  0.15154140605643107 
0.43  0.16203765985909868 
0.44  0.17325427802906668 
0.45  0.18527742792392551 
0.46  0.19817467064059777 
0.47  0.2120123397324862 
0.48  0.22683681282786167 
0.49  0.24267958694633746 
0.5  0.259503400935934 
0.51  0.2772378668812105 
0.52  0.2957411604113608 
0.53  0.3148190146645414 
0.54  0.3342240842371687 
0.55  0.35369357305443344 
0.56  0.37296052375034827 
0.57  0.391790245566755 
0.58  0.40999736000161086 
0.59  0.42742652278966115 
0.6  0.4440249473837477 
0.7  0.5639734096391658 
0.8  0.6266011207829859 
0.9  0.6602628639185089 
1.0  0.678895181819204 
1.1  0.6895039757621777 
1.2  0.6956926099744734 
1.3  0.6993822060638977 
1.4  0.7016199689513742 
1.5  0.7029935859298828 
1.6  0.7038418253229759 
1.7  0.704365092843088 
1.8  0.704683995380409 
1.9  0.7048728127816607 
2.0  0.7049780667037171 
2.1  0.7050293962888863 
2.2  0.7050457240874446 
2.3  0.7050397665846738 
2.4  0.7050195371454865 
2.5  0.7049904369115401 
2.6  0.7049560501617153 
2.7  0.7049187607272079 
2.8  0.7048804599821711 
2.9  0.7048412819868168 
3.0  0.7048031169876366 
