#mmax= 5
#m-states: all states (FBR)
#Nr. of sites: 15

0.0  -0.0  0.0
0.1  0.00601807193875015  0.0012285893064311
0.2  0.027626716580995546  0.0026467136959419653
0.3  0.0649350348319334  0.004103786528711937
0.4  0.1341819880502971  0.005984082749493588
0.41  0.1457493347311368  0.006430073650535211
0.42  0.15605958771816456  0.006492799320757071
0.43  0.16698118578027965  0.006740545884919496
0.44  0.17311892905832832  0.006882662449841259
0.45  0.18218027901435313  0.007078814259706687
0.46  0.179377530529206  0.006994423563612581
0.47  0.2026881777125027  0.007496585228783972
0.48  0.22533698600381885  0.007934001883565784
0.49  0.26165321294414334  0.008632119425125614
0.5  0.2773185381759033  0.008957286193959968
0.51  0.27504551827397944  0.008888687769386585
0.52  0.3165476259056064  0.00967929275270093
0.53  0.3407194632583337  0.01020028908087965
0.54  0.3457115771829795  0.01021560937774663
0.55  0.35333728505534767  0.01035049970543631
0.56  0.37673164849618446  0.010875986478464982
0.57  0.397398296739509  0.011346391110492031
0.58  0.40945530863474233  0.01126977291662807
0.59  0.4424657120652715  0.011810516497876676
0.6  0.42102949250325844  0.01157477130658029
0.7  0.5679309426988098  0.013909407944015604
0.8  0.6180271666865892  0.014858035164186864
0.9  0.6591712764535615  0.01544688123631442
1.0  0.6783991683154911  0.015693857189614042
1.1  0.7052309669902973  0.01629396241518134
1.2  0.6986044861913802  0.016254489852058122
1.3  0.6746078644695063  0.01587835769497725
1.4  0.7030140461222888  0.016172836223179533
1.5  0.7308793114872515  0.01652665848836054
1.6  0.7048529310328874  0.016116695943465053
1.7  0.7146967170720402  0.016351206134617068
1.8  0.6694035740665526  0.015611194224519462
1.9  0.6855594814892643  0.015973560728255527
2.0  0.6975755045334238  0.01605714011079026
2.1  0.7055598577729668  0.01621517920604687
2.2  0.7266409604483356  0.016605445912161673
2.3  0.712695021151194  0.01631235723188574
2.4  0.6894521171324945  0.015954770305036534
2.5  0.7213368228383579  0.016438152370241887
2.6  0.7137652447500287  0.01625547717601105
2.7  0.743986064523122  0.016781027761386492
2.8  0.7241558600496372  0.01644452672913417
2.9  0.6947299143343072  0.01600559514381653
3.0  0.7291439874266428  0.016520795528735203
