#mmax= 5
#m-states: all states (FBR)
#Nr. of sites: 15

0.0  0.0 0.0 0.0 NaN NaN 0.0 
0.1  0.0045 0.00626536121766311 0.1570190047511879 0.2553310943088983 22.471906647050126 0.0 
0.2  -0.012 0.012550034894133198 0.6300135033758435 0.04536437802297662 6.2573033785783 0.0 
0.3  -0.008 0.018922830612241783 1.4322940735183791 0.029394120166795247 2.275481428456734 0.0 
0.4  0.0055 0.025127679709274646 2.525601150287571 -0.0019097097188677005 1.0611439147591941 4.076262767026047e-281 
0.41  0.008 0.02575169484610404 2.652599149787446 -0.06845873705119104 1.1031435303098247 2.0989469679777982e-270 
0.42  0.012 0.02646958933927665 2.8025566391597923 -0.03430065507815564 0.8435381922528373 1.209257062945291e-262 
0.43  -0.029 0.02732171973160315 2.985905476369092 -0.020991525954476002 0.9496901559632382 1.5348195573198886e-244 
0.44  0.0045 0.028088114444427586 3.1557686921730466 0.025590428184444756 0.7847522922539669 4.240916787442126e-232 
0.45  -0.011 0.02879543443431727 3.31670817704426 -0.026924946456438392 0.9689155857984297 1.0612281976225197e-219 
0.46  -0.0705 0.02941468584628875 3.460894973743439 0.02519349100480927 0.9915880613767132 7.680858186223e-218 
0.47  0.008 0.029995148394895595 3.5988357089272314 -0.03961391733580882 0.44092514362775415 2.382962304867741e-183 
0.48  -0.035 0.03027247686784034 3.6656914228557143 0.06739801997183949 0.5929405644603367 5.072320140886514e-186 
0.49  0.069 0.03176573650183285 4.036248062015504 0.0360694349507319 0.7425188900958726 1.313036870679415e-164 
0.5  0.0175 0.03296126588531135 4.345780195048759 0.009043482496721536 0.6205216453751761 3.124584554070418e-167 
0.51  -0.0305 0.03416590793197518 4.669237059264818 -0.01852556221879719 0.667734715901199 4.266894398241463e-152 
0.52  0.0765 0.033787162215590784 4.566289322330582 0.03586746898425769 0.5385116136988923 2.0125892784789454e-153 
0.53  0.0115 0.03411023034887939 4.65403125781445 0.04717539763594634 0.5701367985239121 7.91898164020493e-153 
0.54  0.0075 0.035164542848847645 4.946180295073769 0.004614177029479245 0.3940462199505417 1.1360420904271991e-135 
0.55  -0.042 0.03626138058500368 5.259550887721928 -0.07243478857255631 0.6458984920684121 4.086282085530973e-133 
0.56  -0.0735 0.03692885555487941 5.454961490372592 0.03838919780032078 0.1652142208407268 1.4398212852631449e-114 
0.57  0.0235 0.03737594383817549 5.587844711177793 -0.0063509475821219375 0.3304295230397085 4.775931197585673e-110 
0.58  0.0205 0.03767624997864189 5.677999249812452 -0.01087768537371539 0.1982114178423946 9.058028969242373e-107 
0.59  0.005 0.03811636084729312 5.811427856964239 0.014913294837403059 0.26352569018042926 1.6330979478398798e-107 
0.6  0.009 0.038966130675690144 6.073437359339842 -0.011759311862941843 0.26274084047031243 2.758598410203641e-101 
0.7  0.0615 0.042787406184904536 7.323048512128028 0.0060073355404171415 0.050445286814215784 5.0033439433727685e-82 
0.8  -0.0575 0.045513089302138744 8.285765191297823 0.01355306666972485 0.09162448882435781 6.55012877735042e-75 
0.9  0.0485 0.04779365016138584 9.136931982995748 -0.01634317818735425 0.019813068608651285 1.160767049164374e-63 
1.0  -0.016 0.04840993576188794 9.374087521880469 -0.05180034606131828 0.13081849711683757 5.221829930161276e-62 
1.1  -0.0175 0.051052179373212735 10.42530007501875 0.03736227346334295 0.0041904289569898445 3.64837038226974e-60 
1.2  0.0765 0.05401403814360805 11.67006526631658 0.005519006614174241 0.11325091576274238 1.0958175423828203e-45 
1.3  -0.1105 0.05361358075628205 11.497664166041508 -0.0610216114018177 0.01610546838137905 8.893875343840533e-49 
1.4  -0.066 0.055961539681113774 12.526775693923485 -0.020127223665886453 0.1397599968141625 1.3698573867385817e-46 
1.5  0.048 0.05682192519437983 12.914924731182788 -0.020420015417719525 -0.113802783767889 3.981048547973409e-43 
1.6  -0.004 0.05882908477363748 13.8434448612153 0.0066439160916251065 0.05860066340083847 7.912920663106703e-40 
1.7  -0.016 0.05959718077215563 14.207295823955988 -0.0003402932548531735 0.27576205495080597 1.0020856504257678e-43 
1.8  0.102 0.05890472342359653 13.879065766441608 0.056204310732988795 0.07458486698469047 6.214349563234418e-43 
1.9  -0.095 0.0608043422956823 14.788672168042 0.01573569708386473 0.05533871596071638 8.095369775130645e-41 
2.0  0.028 0.061516258521756906 15.137000250062515 0.05960192282751378 -0.01988894351888204 2.0038775895667817e-40 
2.1  -0.106 0.06330634188792471 16.03077169292324 -0.03787832556229993 0.12276657423330128 6.616154005175993e-37 
2.2  -0.059 0.06283802116733192 15.794467616904218 0.014010612805077887 -0.07818950589831308 1.5630558116391007e-39 
2.3  0.032 0.06366519704146514 16.213029257314325 -0.015815614830727746 0.03650811564294454 4.247999436432959e-37 
2.4  0.074 0.0652203528325775 17.014777694423604 -0.008391665233653626 0.2249586185615371 4.410264240138321e-34 
2.5  0.027 0.06585515906513227 17.347607901975493 0.00015472669180025147 -0.03935054788993764 3.750367256329326e-33 
2.6  -0.0585 0.06772769889638545 18.348164791197807 0.005008602533843213 0.05000752702448752 1.5906100304742802e-30 
2.7  -0.032 0.06863979789789497 18.845687421855462 0.05386017907119347 0.14550840719063496 2.996135508643716e-31 
2.8  0.0415 0.06665906011243909 17.77372118029507 0.025548101224480837 0.01919578653599885 4.28045188900599e-31 
2.9  0.0345 0.06968978837786091 19.42666641660415 -0.023275447394946462 0.08576766989140383 1.0454585614534385e-29 
3.0  -0.016 0.07017953613285681 19.700669167291817 0.007612443548254465 0.0827107260802773 6.205477880318307e-34 
