#mmax= 5
#m-states: all states (FBR)
#Nr. of sites: 15
 
0.0  7.010351153771401e-62 
0.1  0.0024809775810343783 
0.2  0.00969104372133499 
0.3  0.02090080628642626 
0.4  0.03468941565504331 
0.41  0.03612134795816069 
0.42  0.03754909885549903 
0.43  0.03896830406639493 
0.44  0.040373704224310115 
0.45  0.04175986499271024 
0.46  0.04312125473691674 
0.47  0.044451542204927086 
0.48  0.04574444978096413 
0.49  0.046994208661733164 
0.5  0.048195685806038606 
0.51  0.04934515455362598 
0.52  0.05044078535399245 
0.53  0.051482830724337916 
0.54  0.052473801836084785 
0.55  0.05341774807039237 
0.56  0.054319973921770404 
0.57  0.055186436090926605 
0.58  0.056022965307647984 
0.59  0.056834826223096734 
0.6  0.05762574035650382 
0.7  0.06486226556972656 
0.8  0.07126740208758939 
0.9  0.07702652037722603 
1.0  0.08229287155850494 
1.1  0.08718069453185143 
1.2  0.09177104280299034 
1.3  0.09611910415265508 
1.4  0.10026520896401747 
1.5  0.10423917641715962 
1.6  0.1080634242711805 
1.7  0.11175592722128132 
1.8  0.11533107564165268 
1.9  0.11880028429181248 
2.0  0.12217320591918433 
2.1  0.1254580019526206 
2.2  0.12866176543920368 
2.3  0.13179027073438535 
2.4  0.13484887074124519 
2.5  0.13784223192688833 
2.6  0.1407744518770547 
2.7  0.1436487826761476 
2.8  0.14647064578633326 
2.9  0.1492387527182141 
3.0  0.15196052896952206 
