#mmax= 5
#m-states: all states (FBR)
#Nr. of sites: 15
 
0.0  1.2719480186193195e-11 
0.1  4.600633105298621e-10 
0.2  3.637928367920184e-7 
0.3  8.344331718559597e-5 
0.4  0.00014803600742260665 
0.41  2.2739819845903535e-5 
0.42  3.576370666190925e-5 
0.43  1.0506238725278251e-6 
0.44  7.287525862285627e-7 
0.45  -7.7347673623399e-6 
0.46  -3.761638915555843e-6 
0.47  1.466373990678212e-6 
0.48  6.779398080827911e-6 
0.49  2.462133271632385e-6 
0.5  6.134286450295829e-7 
0.51  2.8743106074935374e-5 
0.52  1.887679853941017e-5 
0.53  -5.476154967717685e-6 
0.54  -7.527124248488949e-7 
0.55  5.398425868466012e-6 
0.56  -1.0219238416970782e-5 
0.57  -3.4114014024628795e-5 
0.58  -4.702039719216205e-5 
0.59  -4.585277092267252e-5 
0.6  -0.00014527900058956502 
0.7  -0.00021200291110467308 
0.8  -0.004509211670506071 
0.9  -0.0053154000653226376 
1.0  -0.005681325884382638 
1.1  -0.005673391859731849 
1.2  -0.006231759977123056 
1.3  -0.006203871007935406 
1.4  -0.006216094595376994 
1.5  -0.006220434865166597 
1.6  -0.006117736383971315 
1.7  -0.0059793270123542665 
1.8  -0.0058806757091939 
1.9  -0.005924882336372777 
2.0  -0.005887127034014956 
2.1  -0.005962065380651682 
2.2  -0.005966889151395639 
2.3  -0.005968576649609569 
2.4  -0.00595020044113538 
2.5  -0.005943439940907826 
2.6  -0.005911451384324028 
2.7  -0.0058919202098097955 
2.8  -0.005941601388077446 
2.9  -0.005942266248912667 
3.0  -0.005945875929518206 
