#mmax= 5
#m-states: all states (FBR)
#Nr. of sites: 15

0.0  -0.0  0.0
0.1  -0.0  6.450619305238806e-19
0.2  -0.0  1.0184203341706954e-18
0.3  0.0005001250416822429  0.00035368602561708915
0.4  0.003757048877712288  0.0009701877005311306
0.41  0.006269613013595374  0.0012540814264158193
0.42  0.00526382967509901  0.0011488067422065352
0.43  0.009293046911592641  0.0015279640061550432
0.44  0.00904074465214907  0.0015069842917430185
0.45  0.01005033585350145  0.00158930299070114
0.46  0.010808198716603419  0.001648448943750576
0.47  0.008032171697264267  0.0014200821069768122
0.48  0.010555513939516587  0.0016289623558727365
0.49  0.01562138090295678  0.001984185569458103
0.5  0.020202707317519466  0.002259052156433733
0.51  0.02071304159754157  0.0022876996634770843
0.52  0.019692633345736045  0.002230066452879075
0.53  0.026087334763318492  0.002570855739376682
0.54  0.030459207484708574  0.002780987636784023
0.55  0.03381534849473059  0.0029326688914105502
0.56  0.03822121282019774  0.003121329110189002
0.57  0.03978087001184413  0.0031856268827884686
0.58  0.03718279112771572  0.003077831716517293
0.59  0.038740828316430366  0.0031428855065984596
0.6  0.04525890640558434  0.003402583425059943
0.7  0.06293979977381815  0.004030476741255987
0.8  0.08937781095478904  0.004835211765124215
0.9  0.10064940798553704  0.005145758851722304
1.0  0.12019218502160163  0.0056512276639174375
1.1  0.1372525931185474  0.006065365906483211
1.2  0.1516953623780609  0.006400128984515712
1.3  0.152568597839958  0.006419960642587823
1.4  0.1678271095694296  0.006759767064901543
1.5  0.17435338547184207  0.006901518264979321
1.6  0.18572734849286351  0.00714396514734218
1.7  0.1845239785712407  0.007118575887283112
1.8  0.19540679460509944  0.0073460777248408144
1.9  0.2212703045671111  0.007869602293710715
2.0  0.22972767631215724  0.008036197590389557
2.1  0.2417531379207793  0.008269645757509688
2.2  0.24079848370789542  0.008251253040913347
2.3  0.26298945489205344  0.008673064874310488
2.4  0.26396554162009916  0.008691358669303992
2.5  0.2672260600899029  0.008752318570652591
2.6  0.28501894966688096  0.009081157514252097
2.7  0.29101349138790716  0.009190447631199207
2.8  0.27509432389545635  0.008898500047748089
2.9  0.29435403897379275  0.009250985397486481
3.0  0.28734339221493455  0.009123568262537511
