#mmax= 5
#m-states: all states (FBR)
#Nr. of sites: 15

0.0  1.0  0.0
0.1  1.0  6.450619305238806e-19
0.2  1.0  1.0184203341706954e-18
0.3  0.9995  0.0003535091826042806
0.4  0.99625  0.0009665494966541387
0.41  0.99375  0.0012462434175007204
0.42  0.99475  0.001142775506809951
0.43  0.99075  0.001513830339098109
0.44  0.991  0.0014934214331173313
0.45  0.99  0.0015734099607941285
0.46  0.98925  0.0016307281176052573
0.47  0.992  0.0014087214501209977
0.48  0.9895  0.001611858251136073
0.49  0.9845  0.001953430693131502
0.5  0.98  0.002213871113305058
0.51  0.9795  0.0022408018203758043
0.52  0.9805  0.0021865801570479333
0.53  0.97425  0.0025046562040877325
0.54  0.97  0.002697558007680502
0.55  0.96675  0.0028351576507711493
0.56  0.9625  0.0030042792685569144
0.57  0.9610000000000004  0.0030613874343597197
0.58  0.9635000000000002  0.0029654908588644126
0.59  0.9620000000000002  0.003023455857347719
0.6  0.9557500000000292  0.0032520191085011396
0.7  0.9390000000000526  0.0037846176600395834
0.8  0.9145000001796331  0.004421801160074658
0.9  0.9042500001486521  0.004653052442434821
1.0  0.8867500002720586  0.005011226132516253
1.1  0.87175000026835  0.00528748273060438
1.2  0.8592500007510987  0.005499310834752254
1.3  0.858500000690791  0.0055115362160964975
1.4  0.8455000009081283  0.00571538305951299
1.5  0.840000001405266  0.0057972753522810986
1.6  0.8305000011925349  0.005933063063387108
1.7  0.8315000014783355  0.005919095860799551
1.8  0.8225000014291025  0.006042148939179868
1.9  0.8015000018958828  0.006307486253328981
2.0  0.7947500022881391  0.006386768053350038
2.1  0.7852500020751031  0.00649373934824485
2.2  0.7860000022361976  0.006485484908609324
2.3  0.7687500038201924  0.006667418655258964
2.4  0.7680000032366329  0.006674963486156203
2.5  0.7655000029046864  0.006699899891257299
2.6  0.7520000040347931  0.0068290304873581675
2.7  0.7475055930621424  0.006869911007066125
2.8  0.7595004808022752  0.006758415064683742
2.9  0.7450126812213719  0.006892101434921162
3.0  0.7502540531966048  0.006844994068584673
