#mmax= 5
#m-states: all states (FBR)
#Nr. of sites: 15
 
0.0  9.441157317531116e-31 
0.1  0.7062163788783564 
0.2  1.452524662813917 
0.3  2.295140228372307 
0.4  3.3397348079926945 
0.41  3.462635969076716 
0.42  3.589896410566879 
0.43  3.722178356736583 
0.44  3.8593680847569907 
0.45  4.001888170553852 
0.46  4.149829781750774 
0.47  4.303094730382836 
0.48  4.46137993107109 
0.49  4.624102650061142 
0.5  4.790119150284522 
0.51  4.958108032622305 
0.52  5.126369242339746 
0.53  5.293064325646239 
0.54  5.456320491872624 
0.55  5.614486836416235 
0.56  5.766210497712368 
0.57  5.910579727063473 
0.58  6.047125219859482 
0.59  6.175673503793614 
0.6  6.296574390735488 
0.7  7.18679861523381 
0.8  7.759772630167849 
0.9  8.184935319706906 
1.0  8.522436095825311 
1.1  8.801286855015617 
1.2  9.037930415049264 
1.3  9.242825927648992 
1.4  9.422905169118755 
1.5  9.583079938190018 
1.6  9.726945448780437 
1.7  9.857203637097497 
1.8  9.975949265471275 
1.9  10.084833445979735 
2.0  10.185185266377554 
2.1  10.278085919262093 
2.2  10.364429970872427 
2.3  10.444965887787792 
2.4  10.520326018979407 
2.5  10.591047377720868 
2.6  10.657591149267855 
2.7  10.720356531544496 
2.8  10.77967068138732 
2.9  10.835892290688609 
3.0  10.889220039751631 
