#mmax= 5
#m-states: all states (FBR)
#Nr. of sites: 15
 
0.0  2.845579940294907e-63 
0.1  -0.3457851551600171 
0.2  -0.6654384826056942 
0.3  -0.9280760708471139 
0.4  -1.0895864013063308 
0.41  -1.0976215184429734 
0.42  -1.1038380954872606 
0.43  -1.1080602942005584 
0.44  -1.1102562987187339 
0.45  -1.1102868418247853 
0.46  -1.108083482464441 
0.47  -1.103596382702378 
0.48  -1.0968245789134146 
0.49  -1.087829080425135 
0.5  -1.0767861915799428 
0.51  -1.0639311752038458 
0.52  -1.0496001844548635 
0.53  -1.0341877962564998 
0.54  -1.0181274822934037 
0.55  -1.0018352985026244 
0.56  -0.985688581558488 
0.57  -0.9699877694266851 
0.58  -0.9549439046342287 
0.59  -0.940705389088266 
0.6  -0.9272967042459863 
0.7  -0.8320655599944842 
0.8  -0.7739750089447219 
0.9  -0.7306086397598831 
1.0  -0.6954035008994864 
1.1  -0.6656167688711617 
1.2  -0.639816860848613 
1.3  -0.6170663080249075 
1.4  -0.5967585239154929 
1.5  -0.5784531628988464 
1.6  -0.5618171290236298 
1.7  -0.5465998664795849 
1.8  -0.5326018533659436 
1.9  -0.5196617476882128 
2.0  -0.5076478298408139 
2.1  -0.49645310520369834 
2.2  -0.4859865116894066 
2.3  -0.47617061578166936 
2.4  -0.466939326447843 
2.5  -0.4582363204893595 
2.6  -0.4500124229686722 
2.7  -0.4422235247164109 
2.8  -0.4348447819966393 
2.9  -0.42781135637071876 
3.0  -0.4211310779531598 
