#mmax= 10
#m-states: all states (FBR)
#Nr. of sites: 7
 
0.0  3.5 0.0714285714285714 
0.1  3.2094022939203684 0.059796217894685255 
0.2  2.9426131278666987 0.04958602600610751 
0.3  2.7013422875492332 0.0409899348071342 
0.4  2.4874966067534694 0.03441072705544246 
0.41  2.467692646328711 0.03389311254287508 
0.42  2.4479283915057497 0.03338338383044992 
0.43  2.4285340800521755 0.03290898244472695 
0.44  2.4094087464068124 0.032461804246338044 
0.45  2.390566398037235 0.03204277580472836 
0.46  2.3719740907484868 0.031636216661725336 
0.47  2.3536499225340486 0.03126003699544211 
0.48  2.335605713986251 0.030907467845597725 
0.49  2.317852063193588 0.030616162418527493 
0.5  2.3003677456524048 0.030318792784638116 
0.51  2.283184629183389 0.03008335038939569 
0.52  2.2662714476452512 0.0298212198217489 
0.53  2.249662966915934 0.029627055994585594 
0.54  2.2333496203020466 0.029412155717908117 
0.55  2.217356651238102 0.029282761555167403 
0.56  2.201654777216295 0.0291360669678441 
0.57  2.1862735382732006 0.029030875812604662 
0.58  2.1712082762995584 0.028945363771544108 
0.59  2.1564560763322955 0.028878419903997643 
0.6  2.1420212180177356 0.02882804809492634 
0.7  2.0144385993355076 0.028863551733796844 
0.8  1.9127611621635443 0.02906009169209267 
0.9  1.8292364219376824 0.029033762412100317 
1.0  1.7582681481566353 0.02882333029557671 
1.1  1.6964511756851222 0.028515374825340944 
1.2  1.641667389727506 0.02816682890255151 
1.3  1.5925047623490343 0.027808004706723066 
1.4  1.5479616994149792 0.027449300491022455 
1.5  1.5073143606537982 0.027109886482208467 
1.6  1.4699705568212114 0.026758025126817242 
1.7  1.4354784239682825 0.026418441703948137 
1.8  1.4034823259736071 0.026090595457045396 
1.9  1.3736787400244845 0.025783264740152134 
2.0  1.3458090552507254 0.025494905390989753 
2.1  1.3196781650641762 0.025205579487304286 
2.2  1.2950967976211825 0.02492633369700914 
2.3  1.271915548535449 0.024656780719535365 
2.4  1.2500046361898534 0.024396462929955676 
2.5  1.2292472242686256 0.02414481787649292 
2.6  1.2095425194874063 0.02390142343423518 
2.7  1.1908028700703626 0.02366572322158922 
2.8  1.1729619371086917 0.023438372900982163 
2.9  1.1559251014786647 0.023217174539556518 
3.0  1.1396367875758375 0.023001404156963945 
3.1  1.124066432204972 0.022793132315675924 
3.2  1.1091352758598283 0.022581664782036492 
3.3  1.0948171966001887 0.022384411322183495 
3.4  1.0810540143384526 0.022191884079365343 
3.5  1.067823554945627 0.02199787324586122 
3.6  1.0550850950003514 0.021827412540768365 
3.7  1.042816187199032 0.02164958285265628 
3.8  1.030978019732739 0.021477605101445585 
3.9  1.0195538557231736 0.021310228841557755 
4.0  1.0085142654764305 0.021146702498715864 
4.1  0.9978424845035402 0.02099576783434487 
4.2  0.9875147206910273 0.02084036327608285 
4.3  0.9775115266865337 0.02068750209845638 
4.4  0.96781978264656 0.020539165641422885 
4.5  0.9584212676645926 0.02039482591111208 
4.6  0.9493010118850272 0.02025294686955914 
4.7  0.940447677446778 0.020114467131475577 
4.8  0.9318468067735528 0.019995251923459745 
4.9  0.9234828684583996 0.019846362121934913 
5.0  0.9153519265002242 0.01973266505404303 
