#mmax= 10
#m-states: all states (FBR)
#Nr. of sites: 7
 
0.0  3.499999999999999 0.07142857142857206 
0.1  4.2018467750191135 0.10060839509225661 
0.2  5.207295093516167 0.14467264668512536 
0.3  6.746448515892633 0.21292542391408664 
0.4  9.212238359944644 0.31165398869889305 
0.41  9.52788460277159 0.3229203015247254 
0.42  9.856559558574437 0.33431698163187074 
0.43  10.199482080467128 0.3458437138574225 
0.44  10.55612434028567 0.35744322852151367 
0.45  10.926710257495136 0.36908615738003503 
0.46  11.311271574948218 0.3807411386134444 
0.47  11.708455489216664 0.3923366857410473 
0.48  12.118031406122897 0.4038394012494234 
0.49  12.539991778375793 0.4152279138220001 
0.5  12.97191272165053 0.42641647855540044 
0.51  13.413565700691752 0.43739033474507183 
0.52  13.863491285487155 0.44810599572788046 
0.53  14.321084194980626 0.4585484988918249 
0.54  14.782935317570361 0.46864067446182456 
0.55  15.249426804519445 0.4784035539606243 
0.56  15.717840552332055 0.48779049525336426 
0.57  16.186954173723848 0.4967942722182497 
0.58  16.65423776551709 0.5053850754126634 
0.59  17.11894686507222 0.5135732528474792 
0.6  17.579095898033103 0.5213471952266249 
0.7  21.685846734160545 0.5780286297803794 
0.8  24.646786485011063 0.6071118107508997 
0.9  26.71233463025167 0.6224705790967329 
1.0  28.222001851755326 0.6313914388755808 
1.1  29.39497528209204 0.637139242731122 
1.2  30.35030341176602 0.6411589327333646 
1.3  31.155479577529317 0.6441487439785079 
1.4  31.850969679129108 0.6464754647523205 
1.5  32.46178197619489 0.6483445890292968 
1.6  33.00568438875975 0.6498854534473826 
1.7  33.49531480496903 0.6511813473142314 
1.8  33.93977292316861 0.6522881817443344 
1.9  34.34599718105119 0.6532456729662492 
2.0  34.71975131024966 0.6540836065741924 
2.1  35.06499342153217 0.654822320010813 
2.2  35.385501566786424 0.6554793605029712 
2.3  35.68421710928108 0.6560677445758434 
2.4  35.96351582843707 0.6565976701161513 
2.5  36.22553587710888 0.657077655952661 
2.6  36.47202292234125 0.6575144573109326 
2.7  36.70448928262343 0.6579136868630271 
2.8  36.92387176376715 0.6582792620189621 
2.9  37.13211521634314 0.6586167338454672 
3.0  37.329964034278625 0.6589288674963549 
3.1  37.517550593893866 0.65921704699456 
3.2  37.69661063567763 0.6594855189207842 
3.3  37.86728839040664 0.6597353943613651 
3.4  38.03049425970825 0.6599689687913417 
3.5  38.186593734666985 0.6601874918459405 
3.6  38.33616132345708 0.6603925326454473 
3.7  38.47960339600672 0.6605851621923741 
3.8  38.61735620860796 0.6607665335910877 
3.9  38.74975879448113 0.6609375563329625 
4.0  38.87721483446025 0.6610991849521155 
4.1  38.99996139447484 0.6612520860425688 
4.2  39.11829768351776 0.6613969257365957 
4.3  39.23252816206502 0.6615344018236902 
4.4  39.342821602149634 0.6616649758708384 
4.5  39.449448503722756 0.6617892204725271 
4.6  39.55259395101265 0.6619075494763564 
4.7  39.65243493294186 0.6620203696363304 
4.8  39.74916608334473 0.6621281060379021 
4.9  39.84291624960936 0.6622309681267022 
5.0  39.93387252774826 0.6623294371807897 
