#mmax= 10
#m-states: all states (FBR)
#Nr. of sites: 7
 
0.0  0.0 
0.1  0.02566503708999128 
0.2  0.055490846785996084 
0.3  0.09450411495051247 
0.4  0.1492585326355003 
0.41  0.15587231705168308 
0.42  0.16270164112465482 
0.43  0.1697622249383245 
0.44  0.17704619833988353 
0.45  0.1845577877458723 
0.46  0.19229453310849043 
0.47  0.20023587958826794 
0.48  0.20837819223784973 
0.49  0.21672119258254954 
0.5  0.22522451117897943 
0.51  0.2338846547354282 
0.52  0.2426777107211546 
0.53  0.2515941301068196 
0.54  0.2605769002660192 
0.55  0.269632505365956 
0.56  0.2787150262829923 
0.57  0.28780513025213955 
0.58  0.29685956052543133 
0.59  0.3058655685563337 
0.6  0.3147893081010947 
0.7  0.39521531939939775 
0.8  0.45491139074617 
0.9  0.49786018484478634 
1.0  0.5300461985957038 
1.1  0.5555091476007187 
1.2  0.5765165705913674 
1.3  0.594387565704411 
1.4  0.609930226948329 
1.5  0.6236527393800745 
1.6  0.6359213401036906 
1.7  0.6469992822641211 
1.8  0.6570802995107236 
1.9  0.6663114482170157 
2.0  0.6748166419924391 
2.1  0.6826835094198597 
2.2  0.6899933161743258 
2.3  0.6968112701170325 
2.4  0.7031900435071264 
2.5  0.7091770969461391 
2.6  0.7148112859544938 
2.7  0.7201265854779657 
2.8  0.7251444903397894 
2.9  0.729907807833388 
3.0  0.7344335717589732 
3.1  0.7387257679969217 
3.2  0.7428230467303553 
3.3  0.7467288603751436 
3.4  0.7504629402151984 
3.5  0.7540351635402934 
3.6  0.7574568826245858 
3.7  0.7607395008340174 
3.8  0.7638911106815643 
3.9  0.7669205761590113 
4.0  0.7698365949353844 
4.1  0.7726446725996916 
4.2  0.7753518743379234 
4.3  0.7779647684907514 
4.4  0.7804876326198134 
4.5  0.7829264191102796 
4.6  0.78528535549503 
4.7  0.7875687754000058 
4.8  0.7897804203075139 
4.9  0.7919244252477545 
5.0  0.7940037791678685 
