#mmax= 10
#m-states: all states (FBR)
#Nr. of sites: 7
 
0.0 4.0287663617792914e-28
0.1 -0.03756959099966983
0.2 -0.15115577002904265
0.3 -0.34370505320357125
0.4 -0.6211429283050783
0.41 -0.6538935454901491
0.42 -0.6875966157512625
0.43 -0.7222622754811441
0.44 -0.7579011057988236
0.45 -0.7945231377065056
0.46 -0.832137684022257
0.47 -0.8707530731586831
0.48 -0.9103770299680463
0.49 -0.951015695085138
0.5 -0.9926741821580414
0.51 -1.0353554743106628
0.52 -1.0790613617708154
0.53 -1.123790951865509
0.54 -1.1695415602810328
0.55 -1.2163082661577302
0.56 -1.2640840759343064
0.57 -1.3128590015830781
0.58 -1.362621420973504
0.59 -1.4133573394679468
0.6 -1.4650506919349624
0.7 -2.03004654637026
0.8 -2.6659265021054352
0.9 -3.352208927285986
1.0 -4.075338526280831
1.1 -4.826950576665411
1.2 -5.601657593301155
1.3 -6.395752258771822
1.4 -7.206527439009278
1.5 -8.031914317693989
1.6 -8.870275697742372
1.7 -9.720280830517694
1.8 -10.580825928900992
1.9 -11.4509800006865
2.0 -12.32994760803247
2.1 -13.217041759393723
2.2 -14.111662607793264
2.3 -15.013282836151063
2.4 -15.921435392952716
2.5 -16.835704014042506
2.6 -17.75571562000401
2.7 -18.68113415779557
2.8 -19.611655212830925
2.9 -20.5470032385507
3.0 -21.486925935746697
3.1 -22.43119269825924
3.2 -23.379591832595935
3.3 -24.331928573269067
3.4 -25.288022923322103
3.5 -26.247707998154056
3.6 -27.210829869776177
3.7 -28.177244104919538
3.8 -29.146817485110518
3.9 -30.11942460563857
4.0 -31.0949484925019
4.1 -32.07327951491281
4.2 -33.05431466538654
4.3 -34.03795757749738
4.4 -35.02411647451298
4.5 -36.01270545882788
4.6 -37.003644101550734
4.7 -37.9968551418667
4.8 -38.99226605133623
4.9 -39.98980821118717
5.0 -40.989416019353584
