#mmax= 10
#m-states: all states (FBR)
#Nr. of sites: 7
 
0.0  -0.0 
0.1  0.006345515937305563 
0.2  0.0266875842313115 
0.3  0.06624042081317584 
0.4  0.13829208638066093 
0.41  0.14813419739105207 
0.42  0.15854179353754017 
0.43  0.16955186680416567 
0.44  0.18117234031830137 
0.45  0.193421901625445 
0.46  0.2063147748390002 
0.47  0.21982603083105953 
0.48  0.23395450738851242 
0.49  0.24870358897410932 
0.5  0.26399868345960426 
0.51  0.2798256916999409 
0.52  0.2961261040880644 
0.53  0.31286487876573643 
0.54  0.3299020833822175 
0.55  0.347224490453973 
0.56  0.3647085421279365 
0.57  0.3822704126496061 
0.58  0.3997811571044349 
0.59  0.41717149279022264 
0.6  0.4343307225069615 
0.7  0.5768166054708886 
0.8  0.6524515806153928 
0.9  0.6842085630300158 
1.0  0.6966308600760117 
1.1  0.7015187004929705 
1.2  0.7034668111562759 
1.3  0.7042329985747398 
1.4  0.7045079847271222 
1.5  0.7045741885430672 
1.6  0.7045520142679464 
1.7  0.7044939298137581 
1.8  0.7044234386832221 
1.9  0.7043508810102408 
2.0  0.7042804987537765 
2.1  0.7042146591209295 
2.2  0.7041535557779677 
2.3  0.7040971592676177 
2.4  0.7040451790612132 
2.5  0.7039972120193683 
2.6  0.7039528735398325 
2.7  0.703911789158636 
2.8  0.7038736048084226 
2.9  0.7038379934931192 
3.0  0.7038047634921372 
3.1  0.7037737503329842 
3.2  0.7037446571848207 
3.3  0.7037171435174364 
3.4  0.7036912976596835 
3.5  0.7036668714669246 
3.6  0.7036437346325352 
3.7  0.703621772527005 
3.8  0.7036009863422932 
3.9  0.7035812075855303 
4.0  0.7035623587849665 
4.1  0.7035443746006945 
4.2  0.7035272028240281 
4.3  0.703510800527868 
4.4  0.7034950866331637 
4.5  0.7034800260331348 
4.6  0.7034656285031933 
4.7  0.7034516181964473 
4.8  0.7034382535887969 
4.9  0.7034254256891922 
5.0  0.7034130386255406 
