0.0  -0.0  0.0
0.1  0.006601740667680597  0.00025736451610011284
0.2  0.02742349198377396  0.0005271214023172567
0.3  0.0668805835912245  0.0008319877832845312
0.4  0.1388672404260372  0.0012240838667354783
0.41  0.1493504354860497  0.0012716476370217482
0.42  0.15728417882318718  0.0013097326869476347
0.43  0.16938387208472858  0.0013689166367979026
0.44  0.17980383082028287  0.0014093987478663874
0.45  0.19362182207648487  0.0014722765063894837
0.46  0.2047387851573252  0.0015124875420444337
0.47  0.22043749266593216  0.0015846402439253981
0.48  0.23451658129197728  0.0016431518197020905
0.49  0.24806649344596182  0.001691173708685132
0.5  0.265907680337551  0.0017591097303866535
0.51  0.28172076621636244  0.0018174507431096805
0.52  0.2951993380316812  0.0018720178970721311
0.53  0.31270277258880746  0.0019329515559345749
0.54  0.33016533435605877  0.001994294554097295
0.55  0.34967583016783377  0.0020612112567180685
0.56  0.36128268290918386  0.0021062080913937277
0.57  0.37689552761580314  0.0021644960973231076
0.58  0.40353018071805213  0.002255145085776925
0.59  0.41688204174976545  0.0022971815739695266
0.6  0.43733301842591765  0.0023621395286993175
0.7  0.5755083786375932  0.0028299925745143856
0.8  0.6495724453713279  0.0030634908233884454
0.9  0.6851606412503087  0.003177277320620645
1.0  0.689713062521796  0.003190672857567146
1.1  0.7036054582660816  0.003235836988524455
1.2  0.6987971923993168  0.003219435503102816
1.3  0.7059184335085792  0.0032420949220697214
1.4  0.7005997747756202  0.0032253904173738667
1.5  0.7029081102457686  0.0032310696682963562
1.6  0.7076233597137456  0.003247794772641475
1.7  0.7035374079111348  0.0032317584377803787
1.8  0.7014579592791438  0.0032268326924309596
1.9  0.7044606303162501  0.003237396319263562
2.0  0.7038668092630117  0.0032279802795992622
2.1  0.706179763735072  0.003235041964668119
2.2  0.7069122794332894  0.003241223279889181
2.3  0.7018672244376157  0.003227727065319731
2.4  0.7032451748196553  0.0032289946323207056
2.5  0.6982441523672994  0.0032096116661309133
2.6  0.7055641346796935  0.003235656733967067
2.7  0.7067388877463617  0.0032400327540287785
2.8  0.7082071222443693  0.0032445611010768075
2.9  0.7101155913561245  0.0032485052962584653
3.0  0.7018481958454175  0.0032247202800094266
3.1  0.7011428881415093  0.0032238469329873855
3.2  0.6964812364157601  0.0032074884682017197
3.3  0.7103243295549037  0.003250180126006663
3.4  0.7051167058384021  0.0032367410026173547
3.5  0.699762761854764  0.0032177631100029766
3.6  0.7047650287311916  0.0032328732543936926
3.7  0.7039402936099398  0.003227512676270372
3.8  0.700871774026094  0.003219429532418037
3.9  0.702222135242132  0.0032245326797289975
4.0  0.7048909498131256  0.003232090676808826
4.1  0.7017725838889679  0.003222342842451436
4.2  0.702510161527026  0.003222701931293196
4.3  0.7013986744978108  0.0032228556637965773
4.4  0.7039225193922999  0.0032274962532237756
4.5  0.7083527464989604  0.003241293834072585
4.6  0.7026746546735398  0.0032245730623242717
4.7  0.7032404708094722  0.0032230242683309067
4.8  0.7050844660277918  0.0032330223054615253
4.9  0.7062540358737194  0.003237623455894266
5.0  0.705402041003165  0.003232466050389985
0.0  -0.0  0.0
0.1  0.006360186309848908  0.00025259683059009194
0.2  0.027131818447564918  0.000524475552033735
0.3  0.06716116812887642  0.0008331160902031025
0.4  0.13786982927136318  0.0012227073770515583
0.41  0.14684460258136584  0.001263813329667468
0.42  0.1584816093320352  0.0013144944668926249
0.43  0.1715013852586142  0.0013751406442696233
0.44  0.1804698759424097  0.0014162295848402806
0.45  0.19346715437335493  0.0014709702466303353
0.46  0.2044946675317394  0.0015123150474603303
0.47  0.2191548280690096  0.0015747340113605973
0.48  0.23440166522687977  0.0016321915771303265
0.49  0.24946099218810222  0.001695301207284382
0.5  0.26514619712030985  0.0017540434293888327
0.51  0.2780603281946976  0.001808936100056939
0.52  0.29766540628820226  0.001876995761929975
0.53  0.3127680974239756  0.0019385631416707215
0.54  0.3288074896943463  0.0019966477995689252
0.55  0.3452938353025368  0.00205550518741564
0.56  0.3663323778681308  0.002126315658373282
0.57  0.382357099641312  0.0021770407178392337
0.58  0.40076479445552726  0.00224643454871847
0.59  0.4156140180696562  0.002292804490729913
0.6  0.43428578652719374  0.002357132696864467
0.7  0.5735915273434519  0.002815335038468327
0.8  0.6487817092782937  0.0030622223781819422
0.9  0.6900221492606883  0.003194214439486675
1.0  0.6980551905996332  0.00322174463126333
1.1  0.7019652328011194  0.0032331887850631023
1.2  0.6967667387097082  0.0032146547516428607
1.3  0.6993517564435037  0.003219659511344771
1.4  0.7075775608741248  0.0032453207403961154
1.5  0.7001020835280881  0.003218031656728394
1.6  0.7007927651697524  0.0032231078445139286
1.7  0.7080738169176434  0.0032452119776957074
1.8  0.7026906133875089  0.0032282486156454807
1.9  0.6993116657573025  0.003214634192407798
2.0  0.7060641528331627  0.003232855610510546
2.1  0.7056045262986196  0.003236094780206316
2.2  0.7028389574249665  0.003229578634092242
2.3  0.7061683980423447  0.0032380850052735415
2.4  0.7100364140277468  0.003249015098964378
2.5  0.7040218575129431  0.0032339998539281717
2.6  0.6983526095552395  0.003214369803870198
2.7  0.7082967981965188  0.003246230119985894
2.8  0.6987624480739861  0.0032176813967738065
2.9  0.6978495599592971  0.0032117119382021686
3.0  0.7047559385327292  0.003230994069284376
3.1  0.7035234589681274  0.0032283503067820902
3.2  0.7044809517473357  0.0032320882352494746
3.3  0.7050010057798157  0.003235879553150833
3.4  0.7031857654050175  0.0032287858788411965
3.5  0.6981239585484315  0.003212633276142228
3.6  0.7039906879641145  0.0032256780642226915
3.7  0.7018439200841483  0.003221004382216649
3.8  0.6984064805235837  0.0032112196220128223
3.9  0.703576532604104  0.003231236061420336
4.0  0.7029218780649117  0.003228034379829432
4.1  0.7064597167835492  0.00323458395990196
4.2  0.7043623944690698  0.0032302675468083002
4.3  0.7034927439081069  0.0032302449690912857
4.4  0.6976935816170614  0.0032111313986426426
4.5  0.7071770579169923  0.003238375480972304
4.6  0.6981820425195432  0.0032084298333121693
4.7  0.7002865717494128  0.003220711593831655
4.8  0.7076681333472568  0.003238912533891391
4.9  0.7096542439286805  0.003244012096416232
5.0  0.7028366363139019  0.003223239691060098
