#mmax= 10
#m-states: all states (FBR)
#Nr. of sites: 7
 
0.0  0.0 
0.1  0.02297519262517329 
0.2  0.07699440310617038 
0.3  0.15905398974565454 
0.4  0.27544124496810873 
0.41  0.2892554837156819 
0.42  0.3034412580525502 
0.43  0.31800336502461496 
0.44  0.3329101827029075 
0.45  0.3481435082250737 
0.46  0.36367790230038044 
0.47  0.37944122275700065 
0.48  0.39539757390247765 
0.49  0.4115132224688893 
0.5  0.4276788670795064 
0.51  0.44385351554233504 
0.52  0.45996164156739694 
0.53  0.4759513128578002 
0.54  0.49168670447872403 
0.55  0.5071553912204131 
0.56  0.5222573075200657 
0.57  0.5369321954353942 
0.58  0.5510954042830606 
0.59  0.5647187211706679 
0.6  0.577746670568558 
0.7  0.6717541852792464 
0.8  0.7119976711951473 
0.9  0.7262008289777792 
1.0  0.7306428133583102 
1.1  0.7317300582341023 
1.2  0.7316958950533309 
1.3  0.731313870550496 
1.4  0.7308527193478092 
1.5  0.7304043890342418 
1.6  0.7299959093380816 
1.7  0.7296313623212637 
1.8  0.7293084817449305 
1.9  0.7290216574538525 
2.0  0.7287647892931925 
2.1  0.728535338709367 
2.2  0.7283283067820213 
2.3  0.7281405535609543 
2.4  0.7279694287163235 
2.5  0.7278126765056159 
2.6  0.7276684816428342 
2.7  0.727535307207122 
2.8  0.7274116427638797 
2.9  0.7272966250665304 
3.0  0.7271894669651251 
3.1  0.7270894900108679 
3.2  0.7269957692442748 
3.3  0.7269072339163364 
3.4  0.7268240564870555 
3.5  0.7267453345665168 
3.6  0.726670938675962 
3.7  0.7266003485008523 
3.8  0.7265335324907738 
3.9  0.7264699714884828 
4.0  0.7264094190074738 
4.1  0.7263516558416896 
4.2  0.7262965105398146 
4.3  0.7262438379699203 
4.4  0.7261933920666873 
4.5  0.7261450502740129 
4.6  0.7260988269042358 
4.7  0.7260539154642833 
4.8  0.7260110500438853 
4.9  0.7259698984212917 
5.0  0.7259301821726996 
