#mmax= 10
#m-states: all states (FBR)
#Nr. of sites: 7

0.0  0.0 0.0 0.0 NaN NaN 0.0 
0.1  0.00102 0.0008146141614054592 0.06635962319623195 0.2548779578313784 58.583081652076714 0.0 
0.2  -0.00252 0.0016360816800003101 0.2676763263632637 -0.06510635064582393 14.622237526268268 0.0 
0.3  0.0015 0.0024485990803670915 0.5995637456374566 -0.008396470748526584 5.8668867127572195 0.0 
0.4  0.00262 0.0032685835146714424 1.0683638192381921 0.0031901174069140937 2.8282502541846233 0.0 
0.41  0.00212 0.0033470086765156138 1.1202467080670802 0.02624278304241972 2.6328556333727313 0.0 
0.42  -0.00076 0.003435245585561872 1.180091223312233 -0.0028936031922022526 2.5252434390465686 0.0 
0.43  -0.00182 0.0035155213645922637 1.2358890464904653 0.012189824713335823 2.4565833779398005 0.0 
0.44  0.00346 0.00358469089100969 1.2850008784087843 0.006605518733945479 2.206955282239308 0.0 
0.45  0.00646 0.003672508346780927 1.3487317557175578 0.0105352153085012 2.0901744699552784 0.0 
0.46  0.00094 0.0037534693350712877 1.4088532049320495 -0.0012755101478405723 1.9131925997313282 0.0 
0.47  0.0027 0.003834641331955499 1.4704474144741442 0.006914756075836263 1.8194319488610047 0.0 
0.48  -0.00094 0.00392139578944148 1.5377344937449375 0.01691608874993982 1.6848542880225832 0.0 
0.49  -0.00282 0.0039865372694600516 1.5892479400794004 0.01976825023361234 1.67301929734957 0.0 
0.5  2.0e-5 0.004086632721651166 1.670056700167001 -0.027810394264399723 1.536798981701354 0.0 
0.51  0.00686 0.0041805387419615835 1.747690417304174 -0.001405561378098251 1.4517321117871695 0.0 
0.52  0.0009 0.004232797073533134 1.791657106571067 0.0002846253425559314 1.3428145896645463 0.0 
0.53  -0.00374 0.004333918314006334 1.8782847952479507 -0.014034012523702524 1.2465186677817384 0.0 
0.54  -0.00392 0.004377583576401447 1.916323796837969 -0.0001297509660601873 1.1133384537487707 0.0 
0.55  -0.00214 0.004486129228806788 2.0125355457554583 -0.02150586960184049 1.1078425448560099 0.0 
0.56  -0.00276 0.004527971825142963 2.0502528849288493 -0.0027196867082349375 1.0351917501584635 0.0 
0.57  -0.0026 0.004624299540629089 2.138414624146241 0.015209179396645107 0.9549470652816683 0.0 
0.58  -0.00372 0.004687438675525619 2.1972081336813374 0.015192704997937395 0.9074256827159957 0.0 
0.59  -0.0042 0.004769407832478863 2.274725107251072 0.012831464636384026 0.8517695480906413 0.0 
0.6  0.0051 0.00484796606091145 2.3502774927749277 0.0030088213174371873 0.8253047255592612 0.0 
0.7  0.00104 0.00544619920631425 2.9661085794857964 0.011500136907673777 0.4574125751959497 0.0 
0.8  -0.00212 0.005886348744936497 3.464910154701547 -0.001098270268672404 0.2794017885104352 0.0 
0.9  0.00132 0.006263702971545599 3.923397491574916 -0.0077435477572458415 0.1986583713919292 0.0 
1.0  0.00416 0.006524557658763268 4.256985264252642 0.013115367089416012 0.14139167398142227 0.0 
1.1  -0.0051 0.006785381368353818 4.604140031400314 0.003996606130641877 0.1250477572550479 0.0 
1.2  -0.00348 0.006975526179124752 4.865796547565475 0.0007973898790208091 0.0707895428761498 0.0 
1.3  -0.00718 0.007171303839050993 5.1427598751987516 -0.007904522762607868 0.09283205613658874 0.0 
1.4  0.00116 0.007355958648964556 5.411012764527646 -0.0031485765596509312 0.08618753685718872 0.0 
1.5  0.00356 0.007551347130971727 5.702284349243493 -0.006881324309562129 0.043981356153450335 0.0 
1.6  -0.00952 0.007702810333175177 5.933328702887028 -0.002002773863961179 0.022642377184762807 0.0 
1.7  0.00848 0.007791783365499849 6.071188801488016 -0.005297802589266723 0.03869381902586122 0.0 
1.8  -0.00062 0.007968753426120778 6.350103116631163 -0.0031064883451780824 0.06558967617599532 0.0 
1.9  -0.0097 0.00812946000551081 6.6088119981199815 -0.014103163336558946 0.07023258675250599 0.0 
2.0  0.0017 0.008206256425828118 6.734264452644527 -0.0026748593334879564 0.0821031383472075 0.0 
2.1  -0.00908 0.008368935172813759 7.003907592675925 -0.016293861061972715 0.0429183324128255 0.0 
2.2  0.00294 0.008466890246501631 7.168823044630447 0.0006945709182038161 0.05631031956108812 0.0 
2.3  0.00472 0.008560777422938926 7.328691008510084 -0.00674677278107103 0.040862596720076194 0.0 
2.4  -0.0071 0.008651094977772647 7.484144431444313 -0.01591999304967225 0.03127130785396881 0.0 
2.5  0.0099 0.00880923356064302 7.760259592595928 0.009133365892903537 0.05143942973623794 0.0 
2.6  -0.0049 0.008846657138909891 7.826334253342535 0.014137290259991357 0.06857912492272611 0.0 
2.7  0.00308 0.008970569092710812 8.047110984709848 -0.0061450516763621316 0.03442730636313884 0.0 
2.8  -0.00454 0.009099814390976306 8.28066219502195 0.007516373297682056 0.03273135528292048 0.0 
2.9  -0.00476 0.009163438934708472 8.396861311013112 0.012470502753488497 0.04935286277133466 0.0 
3.0  -0.01602 0.009266989390677194 8.587709236692367 0.013548795490331752 0.05508434726799294 0.0 
3.1  -0.012 0.00933167888444025 8.708023080230802 -0.0035659648092170376 0.04299761823646886 0.0 
3.2  0.0066 0.009433411593508625 8.898925429254293 0.001463221735980243 0.06161614522413705 0.0 
3.3  -0.00722 0.009526509657784565 9.07543862598626 -0.0038386414005714842 0.03710055489854014 0.0 
3.4  -0.00614 0.009609211537554148 9.233694637346376 0.00020825380829069342 0.0364119398689442 0.0 
3.5  0.0025 0.009677544835790764 9.365487404874049 0.0042120011264493076 0.04709945343447064 0.0 
3.6  -0.01122 0.009711605648338626 9.431528426884269 -8.481113535407698e-5 0.04664223449183824 0.0 
3.7  0.00746 0.009821201965344181 9.64560080440804 -0.006225973455890992 0.023831292055367825 0.0 
3.8  -0.00962 0.009845793210932248 9.693964395243954 -0.005189681270836934 0.02118813132464714 0.0 
3.9  -0.00574 0.009957241685859588 9.91466619906199 -0.0069673965035985915 0.02092243060333132 0.0 
4.0  -0.0005 0.010029825695097335 10.059740347403475 -0.006449881933543639 0.045005156259315005 0.0 
4.1  -0.00194 0.010110300912724877 10.221818454584547 -0.0007524294886233521 0.030294643939324573 0.0 
4.2  -0.0109 0.010139163669968015 10.280263992639926 0.0011286856634104686 0.013600379566649945 0.0 
4.3  -0.0108 0.01026706811737787 10.541268772687719 0.00017575164226730881 0.017026041524308866 0.0 
4.4  0.00398 0.0103024124841238 10.613970299302995 -0.003912498001487621 0.030810840135816697 0.0 
4.5  -0.00388 0.010398929311871885 10.81377308333083 -0.011812463214374002 0.017997426976549047 0.0 
4.6  -0.00294 0.010402066890476907 10.820299559395593 -0.012672675509509422 0.030584022642562214 0.0 
4.7  -4.0e-5 0.010440665211513133 10.900749005890058 -0.008237136761421146 0.017115196879490924 0.0 
4.8  -0.00578 0.010528721406502524 11.085397445574449 -0.0011537051457741231 0.01928310557485835 0.0 
4.9  0.0111 0.010574246358339702 11.181468604686048 -0.006087930801112651 0.01162045732971384 0.0 
5.0  0.0091 0.010650366482101072 11.343030620306198 0.013616469271356419 0.04547643430965298 0.0 
