#mmax= 10
#m-states: all states (FBR)
#Nr. of sites: 7
 
0.0  0.0 
0.1  0.0024808298079835502 
0.2  0.009689217780787643 
0.3  0.02089755531232114 
0.4  0.0347357220292585 
0.41  0.036184617888724895 
0.42  0.03763554265881156 
0.43  0.039084611271099544 
0.44  0.04052853985099952 
0.45  0.04196348290565069 
0.46  0.043387725272582445 
0.47  0.044797593583954236 
0.48  0.046189386250854336 
0.49  0.04756037154338766 
0.5  0.048907477741256866 
0.51  0.050228137856782144 
0.52  0.05151935535378251 
0.53  0.052779195132588795 
0.54  0.05400546979483598 
0.55  0.05519707566649192 
0.56  0.05635248674291645 
0.57  0.05747072956395166 
0.58  0.05855180708547101 
0.59  0.05959543875969949 
0.6  0.060602082810056836 
0.7  0.06891560559688109 
0.8  0.07522264327541403 
0.9  0.08070696570380115 
1.0  0.08582289108667113 
1.1  0.09068494457347144 
1.2  0.09532927342847923 
1.3  0.09977494844487654 
1.4  0.1040379357723953 
1.5  0.10813831052988372 
1.6  0.11209131073682871 
1.7  0.11591141281579964 
1.8  0.11960918773067475 
1.9  0.12319878305804925 
2.0  0.12668826150399803 
2.1  0.13008489229640438 
2.2  0.13339797235426298 
2.3  0.13663234548354783 
2.4  0.13979428191276244 
2.5  0.14288806563208356 
2.6  0.14591851436247885 
2.7  0.14888928732938025 
2.8  0.15180834227155748 
2.9  0.1546692715447135 
3.0  0.15747805429637998 
3.1  0.16024734910017874 
3.2  0.16296401743652147 
3.3  0.16564037960635836 
3.4  0.16827653420583943 
3.5  0.17087142106185507 
3.6  0.17343376290449838 
3.7  0.17595549322467388 
3.8  0.17844594770417097 
3.9  0.18090243674716677 
4.0  0.1833268764293758 
4.1  0.18572247003898432 
4.2  0.18808778998335504 
4.3  0.19042484185227063 
4.4  0.1927348032698494 
4.5  0.19501803505860515 
4.6  0.1972759976327131 
4.7  0.19950872753557516 
4.8  0.2017207577742567 
4.9  0.20390486666302732 
5.0  0.20607112960396626 
