#mmax= 10
#m-states: all states (FBR)
#Nr. of sites: 7
 
0.0  -1.5835648597644707e-14 
0.1  -1.249761822834075e-12 
0.2  -1.4573120166141778e-9 
0.3  -1.0967705909826358e-9 
0.4  9.053536971232982e-10 
0.41  4.892309579911989e-9 
0.42  -3.398012622115074e-9 
0.43  8.167207967322e-9 
0.44  1.1347317665836046e-7 
0.45  4.2062817178556304e-7 
0.46  2.2035094525456545e-7 
0.47  1.5771149503169457e-6 
0.48  1.4608897187145818e-6 
0.49  -1.1261344748103257e-5 
0.5  -1.0635809312526155e-6 
0.51  1.4839516420027952e-6 
0.52  4.603900049001052e-6 
0.53  1.0480846727332343e-6 
0.54  -2.816927344846256e-6 
0.55  2.1507175156751736e-5 
0.56  -2.6359087984376814e-6 
0.57  -1.005850841323274e-6 
0.58  4.2420419060918647e-7 
0.59  -2.6608242870572393e-8 
0.6  -9.70508766169098e-7 
0.7  -2.4161298769121346e-6 
0.8  -0.0003227400315974182 
0.9  -0.0004181119007958118 
1.0  -0.0003140347342952546 
1.1  -0.00024250696578878846 
1.2  -0.00035620207786843405 
1.3  -0.00040425080458098223 
1.4  -0.0004094832191901645 
1.5  -0.0004179078937303503 
1.6  -0.0004249608780114478 
1.7  -0.0006663172381059415 
1.8  -0.0006584872830748496 
1.9  -0.000614107639102617 
2.0  -0.0006122421220061897 
2.1  -0.0006016734384643936 
2.2  -0.0005406613897380493 
2.3  -0.000531784609886327 
2.4  -0.00046014718170672134 
2.5  -0.0004509833036378434 
2.6  -0.00041420307807654954 
2.7  -0.00039702853729919007 
2.8  -0.00038771947771889555 
2.9  -0.0003587885326265167 
3.0  -0.00036451766920450016 
3.1  -0.00036407795507546796 
3.2  -0.0003703648187651206 
3.3  -0.00036795795810415263 
3.4  -0.0003802623756901871 
3.5  -0.0003660542231462045 
3.6  -0.00036162448141971166 
3.7  -0.0003517471776876457 
3.8  -0.00036468580390667827 
3.9  -0.00035051256780522513 
4.0  -0.0003631500443045985 
4.1  -0.0003509194282085229 
4.2  -0.0003511544580325595 
4.3  -0.0003485572169796071 
4.4  -0.00034759625144286375 
4.5  -0.00034558032056416956 
4.6  -0.0003453826829432921 
4.7  -0.00034594023051073147 
4.8  -0.00034613795510573544 
4.9  -0.0003460818907383481 
5.0  -0.0003462918622525211 
