#mmax= 10
#m-states: all states (FBR)
#Nr. of sites: 7

0.0  -0.0  0.0
0.1  0.00029004205813144775  5.3859727558383285e-5
0.2  0.003546280626659751  0.00018848372994981173
0.3  0.016485136259862376  0.0004077000379117988
0.4  0.04519613045296913  0.0006799522062753758
0.41  0.04943187001859653  0.0007118603382748105
0.42  0.05325310830573878  0.0007395749506960252
0.43  0.05963323839941026  0.0007838864175322096
0.44  0.06183285143195949  0.0007986561065893402
0.45  0.06757245218882127  0.0008361128693819739
0.46  0.07328062219441456  0.0008719702602206186
0.47  0.07732390696397035  0.000896620154430182
0.48  0.0835011813049328  0.0009332061419990021
0.49  0.0876843306448706  0.0009573107420622295
0.5  0.09589435039874615  0.001003213745014692
0.51  0.10080424457661401  0.0010298600095044559
0.52  0.10771884989878866  0.001066469465729106
0.53  0.11459188280512822  0.0011018933220471026
0.54  0.11823188637479255  0.0011202960566903078
0.55  0.12744708249266304  0.0011658735592041702
0.56  0.13195547902479726  0.0011876822502822008
0.57  0.13841185415454146  0.0012184003063384307
0.58  0.14370872066817503  0.0012431786240684512
0.59  0.15404900737633737  0.0012905413886048825
0.6  0.16201317506017232  0.0013261881172269994
0.7  0.22466763532477002  0.0015871572868169854
0.8  0.27529136974140384  0.0017802137095644906
0.9  0.31374384463616634  0.001919756627951555
1.0  0.34172835968746545  0.002018321191849918
1.1  0.37041252429823307  0.002117319452817203
1.2  0.3935913392821689  0.002196042588367467
1.3  0.41415526017403964  0.0022650078626530604
1.4  0.43325226058519484  0.0023284583276614204
1.5  0.4543954683055915  0.002398520039259037
1.6  0.47145369446386043  0.0024576486252109423
1.7  0.47863670159967536  0.0024771576943411126
1.8  0.49917893829853155  0.002544045174521548
1.9  0.513289062434899  0.0025926386268327957
2.0  0.5246595185788557  0.0026267262762854292
2.1  0.5361943329611348  0.0026700170093221696
2.2  0.5459387529358823  0.0027068974822460033
2.3  0.5531930260545251  0.002725849048653413
2.4  0.5671420082715048  0.0027613051519330407
2.5  0.5790139938931903  0.002805738158631556
2.6  0.5817822000101132  0.002815746890973335
2.7  0.5940210223540627  0.0028597960546884803
2.8  0.5999719508423157  0.002888737886731629
2.9  0.6105119890494366  0.002916971543781931
3.0  0.6144175576596562  0.002943208199399738
3.1  0.6266610854784536  0.0029640715544287195
3.2  0.6299814886910697  0.00298978563080837
3.3  0.6380941573635733  0.0030071087181218455
3.4  0.6437323406732993  0.0030251923175088203
3.5  0.654701975923079  0.0030616248547059776
3.6  0.6545099660460763  0.003069422322002458
3.7  0.6676293455214612  0.003096792870061588
3.8  0.6763881222113169  0.0031292276299715997
3.9  0.6746978465116683  0.0031253900695866325
4.0  0.6799248215057375  0.003152127591526282
4.1  0.6881362258436547  0.003180448930186895
4.2  0.6924086149579813  0.0032040052571218718
4.3  0.7011101065905113  0.0032195338983275683
4.4  0.7014348756173645  0.0032173450846615034
4.5  0.7046466806443104  0.0032331859053677677
4.6  0.7069692812973755  0.003259972773515697
4.7  0.7139824059876816  0.0032683073700376392
4.8  0.7181578481015852  0.003276176544205247
4.9  0.7168822845073247  0.003280314932134199
5.0  0.7253153914846528  0.003317846026663841
