#mmax= 10
#m-states: all states (FBR)
#Nr. of sites: 7

0.0  1.0  0.0
0.1  0.99971  5.3844108237391355e-5
0.2  0.99646  0.0001878164975457894
0.3  0.98365  0.0004010341422919409
0.4  0.95581  0.000649905118280067
0.41  0.95177  0.0006775273141598165
0.42  0.94814  0.0007012205937529293
0.43  0.94211  0.00073850723282127
0.44  0.94004  0.0007507686864382433
0.45  0.93466  0.0007814812544965558
0.46  0.92934  0.0008103568416334298
0.47  0.92559  0.0008299026487390321
0.48  0.91989  0.000858446997963462
0.49  0.9160500000000119  0.0008769445052661168
0.5  0.90856  0.0009114798801705486
0.51  0.9041100000000003  0.0009311067331930739
0.52  0.8978800000000033  0.0009575616038888531
0.53  0.89173  0.000982591332069063
0.54  0.8884900000000043  0.0009953718434087765
0.55  0.8803400000000603  0.0010263651291098695
0.56  0.8763800115036026  0.0010408609841649397
0.57  0.8707400000000003  0.0010609098827411255
0.58  0.86614  0.0010767667334506484
0.59  0.8572300093883484  0.0011062908066698156
0.6  0.8504300000000006  0.001127830160533358
0.7  0.7987816614525346  0.0012677921345501685
0.8  0.759350839131157  0.0013518067741905857
0.9  0.7307061784956284  0.0014027780292521345
1.0  0.7105411901276358  0.001434100341716869
1.1  0.6904494447075672  0.0014619020404661677
1.2  0.6746296945705826  0.001481515540654336
1.3  0.6608983321097187  0.0014969399186428064
1.4  0.6483969061897481  0.0015097651758474197
1.5  0.6348316278088945  0.0015226563808550678
1.6  0.6240943660115343  0.001533804660630142
1.7  0.6196275535057396  0.0015349151617925023
1.8  0.6070288633080474  0.0015443088504941383
1.9  0.5985237558636527  0.001551755808529148
2.0  0.5917568122706484  0.001554383167962216
2.1  0.5849702235494854  0.001561880446824118
2.2  0.5792977105782956  0.0015680995142352623
2.3  0.5751105325974131  0.001567664498151216
2.4  0.5671440175663723  0.0015660576975940269
2.5  0.5604507020323513  0.001572477920724012
2.6  0.5589014043477664  0.0015737248916528539
2.7  0.5521027976844398  0.0015789014026004332
2.8  0.5488270300140384  0.0015854174348639495
2.9  0.5430727505824183  0.0015841277596522964
3.0  0.5409558791787326  0.0015921457791123396
3.1  0.5343730515721917  0.0015839199616184045
3.2  0.5326016600695112  0.0015923647902205084
3.3  0.528298318660609  0.00158865047981343
3.4  0.5253280572055545  0.0015892184028300778
3.5  0.51959689189855  0.0015908107586645756
3.6  0.5196966692126628  0.0015951685571516747
3.7  0.512923101056892  0.0015884166022428624
3.8  0.5084501395866655  0.0015910562252575103
3.9  0.5093102872406415  0.0015917933140802165
4.0  0.5066550804999298  0.0015970414586307983
4.1  0.5025117652733697  0.0015982130062700169
4.2  0.500369419204348  0.0016031862496337485
4.3  0.49603434703986043  0.0015969993950296117
4.4  0.4958732766044466  0.0015953954490983103
4.5  0.4942831832237861  0.001598109421259459
4.6  0.4931364929469069  0.0016076115406339323
4.7  0.4896901641247248  0.0016004579724437794
4.8  0.48764975396236376  0.0015976266857189558
4.9  0.4882721791223116  0.001601686520120623
5.0  0.48417184119628914  0.0016064076195356242
