#mmax= 10
#m-states: all states (FBR)
#Nr. of sites: 7
 
0.0  0.0 
0.1  0.3022621371028837 
0.2  0.6188589929657374 
0.3  0.9679993570756859 
0.4  1.3744415476699734 
0.41  1.4192408898435027 
0.42  1.4648003028854546 
0.43  1.5111891496385792 
0.44  1.5583532861742546 
0.45  1.606296346376691 
0.46  1.6550135000957111 
0.47  1.7043898757311322 
0.48  1.7543950474535757 
0.49  1.8050222611331788 
0.5  1.8560691447370656 
0.51  1.90751316151897 
0.52  1.9592333923135619 
0.53  2.011180264096695 
0.54  2.063077631107819 
0.55  2.1149588636675682 
0.56  2.166604518443272 
0.57  2.217922935908847 
0.58  2.2687131455211476 
0.59  2.318921787229037 
0.6  2.3683948105296384 
0.7  2.804935665798393 
0.8  3.122684998488171 
0.9  3.350489989256869 
1.0  3.5215954723518106 
1.1  3.6572934446749805 
1.2  3.769413635735562 
1.3  3.864838491624902 
1.4  3.947807066528771 
1.5  4.021025598303827 
1.6  4.0864399060011225 
1.7  4.145457304285563 
1.8  4.199114941075289 
1.9  4.2482127573700605 
2.0  4.293411646893802 
2.1  4.3351887188362 
2.2  4.3739829272558755 
2.3  4.410143114672437 
2.4  4.443955337847933 
2.5  4.475673183883605 
2.6  4.5055067295084354 
2.7  4.533638270521709 
2.8  4.56019458981479 
2.9  4.585381147138268 
3.0  4.609297443498179 
3.1  4.631987735847373 
3.2  4.653626615098744 
3.3  4.674252431630444 
3.4  4.693964612456203 
3.5  4.712815119918268 
3.6  4.7308710267326575 
3.7  4.7481835942036765 
3.8  4.764804158226767 
3.9  4.780775892853003 
4.0  4.7961451339840115 
4.1  4.8109438391059625 
4.2  4.825207331013423 
4.3  4.838970874901884 
4.4  4.8522580362165115 
4.5  4.865099487161035 
4.6  4.877518422707137 
4.7  4.889537175180635 
4.8  4.9011784282215745 
4.9  4.9124585586393215 
5.0  4.92339974993268 
