#mmax= 10
#m-states: all states (FBR)
#Nr. of sites: 7
 
0.0  0.0 
0.1  -0.148271914562936 
0.2  -0.2859139122497609 
0.3  -0.400974667372611 
0.4  -0.47889035185697154 
0.41  -0.4840069875334042 
0.42  -0.4885904561375257 
0.43  -0.4926158000086322 
0.44  -0.49607609613495346 
0.45  -0.4989496199014571 
0.46  -0.5012463014447684 
0.47  -0.5029745982015246 
0.48  -0.5041258940264771 
0.49  -0.5046951056378816 
0.5  -0.5047220776631891 
0.51  -0.5042052331064009 
0.52  -0.5031671279866343 
0.53  -0.5016154834557778 
0.54  -0.49961622951170404 
0.55  -0.4971638314718323 
0.56  -0.4943143607453183 
0.57  -0.49109215439600956 
0.58  -0.4875557823685597 
0.59  -0.48372837589103485 
0.6  -0.4796589619230702 
0.7  -0.43364374940200634 
0.8  -0.39321665401115075 
0.9  -0.3633288801881508 
1.0  -0.34131828077758763 
1.1  -0.3242385590706686 
1.2  -0.31031421218735733 
1.3  -0.2985130973984358 
1.4  -0.2882257048387971 
1.5  -0.2791091620233796 
1.6  -0.27091186537897877 
1.7  -0.2634616107008369 
1.8  -0.2566331440109474 
1.9  -0.2503440680679663 
2.0  -0.244511794939168 
2.1  -0.23908766231704215 
2.2  -0.23402303020992007 
2.3  -0.22927549397024166 
2.4  -0.2248150768051738 
2.5  -0.22061060220677053 
2.6  -0.21663901378147282 
2.7  -0.21287875765391498 
2.8  -0.2093276477760532 
2.9  -0.20593430013793904 
3.0  -0.20269601294434042 
3.1  -0.19963312786584314 
3.2  -0.19668833471661268 
3.3  -0.19387926937958294 
3.4  -0.19118697116501285 
3.5  -0.188604138676507 
3.6  -0.18612973098514263 
3.7  -0.1837465891995724 
3.8  -0.1814574941373808 
3.9  -0.1792524358989355 
4.0  -0.17712556437170482 
4.1  -0.1750758035078127 
4.2  -0.1730960849858828 
4.3  -0.171182263957376 
4.4  -0.16933224049763126 
4.5  -0.16754097249935745 
4.6  -0.16580628973695674 
4.7  -0.16412452278060027 
4.8  -0.16249590637649142 
4.9  -0.16091200715279486 
5.0  -0.1593770749254691 
