#mmax= 10
#m-states: all states (FBR)
#Nr. of sites: 27
 
0.0  13.500000000000037 0.01851851851851971 
0.1  12.252048923987235 0.015136696530122506 
0.2  11.12429153598867 0.012162331047619768 
0.3  10.114195146256042 0.009639616711404675 
0.4  9.220065916519466 0.007738617901411171 
0.41  9.135909098046183 0.0075930921069433666 
0.42  9.052344408192024 0.007460861109771844 
0.43  8.96952013811294 0.007337864504041947 
0.44  8.88707065838755 0.0072258363747332854 
0.45  8.80511224962505 0.00712894541838649 
0.46  8.723497377528927 0.0070512580224425525 
0.47  8.642167532296858 0.006992956272830475 
0.48  8.561162339723417 0.006955334878267272 
0.49  8.480711552479692 0.006935015849294013 
0.5  8.401391775865472 0.006936610751592132 
0.51  8.32396362171091 0.006952481133562505 
0.52  8.249132195058284 0.00697719736332203 
0.53  8.177691274397217 0.007003419215785289 
0.54  8.109545228881316 0.007027519690175343 
0.55  8.044683785718886 0.007046415450647214 
0.56  7.982868246789083 0.007059219647316817 
0.57  7.923655694909926 0.007067037456060743 
0.58  7.866808231465231 0.0070701746730836845 
0.59  7.8120239555967785 0.007070055916489459 
0.6  7.759141841360453 0.007066820810825103 
0.7  7.304328675924462 0.006972917536317014 
0.8  6.940480240196267 0.006839172254299752 
0.9  6.635695430931235 0.006702098732160766 
1.0  6.373401883868549 0.006577225421700139 
1.1  6.143417916768745 0.006453456403198388 
1.2  5.938982322432007 0.006332626764504412 
1.3  5.755369668558182 0.006217503733632612 
1.4  5.589044829123871 0.00610833170795444 
1.5  5.437334525054002 0.006006581050539084 
1.6  5.298094429172224 0.005908595707160291 
1.7  5.1696343165381915 0.005815764429238146 
1.8  5.050596829346005 0.005727816736896707 
1.9  4.939862499167651 0.005645552889158356 
2.0  4.8364570657788635 0.005566422398269988 
2.1  4.739603928509452 0.005490819773176336 
2.2  4.648629555831347 0.005418704731776192 
2.3  4.562922544738106 0.005349607771252929 
2.4  4.482002970524796 0.005283454245919583 
2.5  4.405436698549987 0.005220223125580792 
2.6  4.332820319334946 0.005159459401128386 
2.7  4.263825478996023 0.00510078480839482 
2.8  4.198167236192142 0.005044350331113945 
2.9  4.135572199762302 0.004989920220166533 
3.0  4.075806383153884 0.004937381112641748 
3.1  4.018659240663879 0.004886711803321231 
3.2  3.963966374613344 0.004837167644336726 
3.3  3.911488315913474 0.004790339054668635 
3.4  3.8611405551446403 0.004743673376713553 
3.5  3.812756811574444 0.00469856198540719 
3.6  3.766214098272881 0.004656066631311795 
3.7  3.721398609784471 0.004613534776564565 
3.8  3.678199532620905 0.004572895460285609 
3.9  3.6365256822269796 0.004533426530175411 
4.0  3.5962862430089766 0.004495055580465812 
4.1  3.5574149265747415 0.004457835360622386 
4.2  3.5197892557646973 0.0044214063524861125 
4.3  3.483407090417587 0.004386764282265587 
4.4  3.4481351544595973 0.004352193400485205 
4.5  3.4139737290177705 0.00431859533484269 
4.6  3.3808392696123004 0.004286008955657228 
4.7  3.348673603425676 0.004254032240332162 
4.8  3.317437553563699 0.004224047227742944 
4.9  3.287090441094096 0.004193781629057702 
5.0  3.257584650446421 0.004163944045391221 
