#mmax= 10
#m-states: all states (FBR)
#Nr. of sites: 27
 
0.0  13.500000000000027 0.018518518518520266 
0.1  16.617424383085044 0.027158133158221243 
0.2  21.462636928714037 0.04153295347167496 
0.3  30.337841926197473 0.07085560885683262 
0.4  53.30912203561496 0.160469140751199 
0.41  57.843772582879794 0.17901647487223948 
0.42  63.198146341807025 0.20089642749570724 
0.43  69.5554574924358 0.22628903554247304 
0.44  77.27205666490153 0.2560801545303266 
0.45  86.60561342608327 0.29012636404865944 
0.46  97.97668509458231 0.32845083851286916 
0.47  111.72297789350807 0.37013113192575275 
0.48  128.04716658683967 0.4134864571958117 
0.49  146.87943349900877 0.4562416654435667 
0.5  167.55041295959535 0.49565054110358897 
0.51  188.92479781522124 0.5295751401569904 
0.52  209.87064611360785 0.5572770806665482 
0.53  229.05306195384136 0.5784677488433134 
0.54  246.25499503440074 0.5945445056901713 
0.55  261.2399762265207 0.6064550739253374 
0.56  274.22542760595996 0.6153045912764716 
0.57  285.57483080632056 0.6220045670452972 
0.58  295.5443865383915 0.6271388093547661 
0.59  304.4821082205262 0.6312129490046385 
0.6  312.4975187029634 0.6344603306512218 
0.7  367.1163996927283 0.6494053554894681 
0.8  400.2182222192599 0.654605807907902 
0.9  423.93323292795804 0.6572968314811672 
1.0  442.3529920914482 0.6589619401669466 
1.1  457.36628903102155 0.6601039045419792 
1.2  470.00486991215564 0.6609417841816716 
1.3  480.8809930658735 0.6615853100074467 
1.4  490.40369707943796 0.6620970281957039 
1.5  498.84788325716136 0.6625143956598636 
1.6  506.41592515664036 0.6628619010126824 
1.7  513.2585834206466 0.6631561395674901 
1.8  519.4878648378483 0.6634085178856641 
1.9  525.191615319308 0.6636273964680006 
2.0  530.4469092288014 0.6638193018295799 
2.1  535.3070272351158 0.663988760019028 
2.2  539.8193454240591 0.6641394640426815 
2.3  544.0282366693732 0.6642745443684418 
2.4  547.9645298698288 0.6643962091875757 
2.5  551.6566417062481 0.6645063544775383 
2.6  555.1304245457703 0.6646065807943946 
2.7  558.4062669584091 0.6646981370409788 
2.8  561.5017594321105 0.664782077189721 
2.9  564.4331763536443 0.664859308841675 
3.0  567.2150711463067 0.6649306172075401 
3.1  569.8598396097569 0.6649966539713319 
3.2  572.3755245468224 0.6650578839702428 
3.3  574.7800728794017 0.6651150640981403 
3.4  577.0740538018314 0.6651683249203388 
3.5  579.268051158658 0.6652181361474983 
3.6  581.3695066340321 0.6652648331457898 
3.7  583.3843448916006 0.6653086767775893 
3.8  585.3185094897447 0.6653499261320436 
3.9  587.1773624260903 0.6653888049676044 
4.0  588.9656206567216 0.6654255080978748 
4.1  590.6857418307051 0.6654601558876989 
4.2  592.3475480777239 0.6654930735331827 
4.3  593.9468522876839 0.6655241799033342 
4.4  595.4947086289903 0.6655538147701574 
4.5  596.9867650690566 0.6655818898566058 
4.6  598.4315542900599 0.6656086633003975 
4.7  599.8299007562134 0.6656341799434883 
4.8  601.1841005427257 0.6656585235122812 
4.9  602.4963168244067 0.6656817662988239 
5.0  603.7690513192429 0.665703990075744 
