#mmax= 10
#m-states: all states (FBR)
#Nr. of sites: 27
 
0.0  -1.6794439730779932e-30 
0.1  0.025772424592096273 
0.2  0.05647165179710305 
0.3  0.09873830885395411 
0.4  0.16488173279287965 
0.41  0.17374302451809942 
0.42  0.18320184243722537 
0.43  0.19331105566285475 
0.44  0.20417944096281207 
0.45  0.21587229438696637 
0.46  0.22849550491590118 
0.47  0.24211558041309503 
0.48  0.2567301564039069 
0.49  0.2722207472832436 
0.5  0.2882457952395495 
0.51  0.3042905468998968 
0.52  0.31985868297837156 
0.53  0.33439087335537515 
0.54  0.34779845675631704 
0.55  0.359990586788272 
0.56  0.3710705454422805 
0.57  0.3812086896915998 
0.58  0.39052702769375086 
0.59  0.39919528421770534 
0.6  0.40726658527370757 
0.7  0.46871939595199313 
0.8  0.5107567019444598 
0.9  0.5426440294163021 
1.0  0.5682359117097818 
1.1  0.5895335452233857 
1.2  0.607716564234366 
1.3  0.6235251271509363 
1.4  0.6374710952582586 
1.5  0.6499105043622943 
1.6  0.6611101796270554 
1.7  0.6712730218548366 
1.8  0.6805530293441144 
1.9  0.6890721054540119 
2.0  0.6969375782336177 
2.1  0.7042252777291105 
2.2  0.7110027079822806 
2.3  0.7173323564467752 
2.4  0.7232595007476608 
2.5  0.7288252352327244 
2.6  0.7340664713846018 
2.7  0.7390132586471029 
2.8  0.7436916699189638 
2.9  0.7481252524801433 
3.0  0.752335424923314 
3.1  0.75634042181421 
3.2  0.7601529542414212 
3.3  0.7637972392595758 
3.4  0.7672765686828088 
3.5  0.7706056279788016 
3.6  0.7737954236446009 
3.7  0.7768551773399073 
3.8  0.7797932989926168 
3.9  0.7826180588712671 
4.0  0.7853364221557763 
4.1  0.7879524035159531 
4.2  0.7904796013220277 
4.3  0.792913291418694 
4.4  0.7952684584068666 
4.5  0.7975399910370726 
4.6  0.7997400076403465 
4.7  0.8018695355966432 
4.8  0.803932135429711 
4.9  0.8059313774393589 
5.0  0.8078707994066665 
