#mmax= 10
#m-states: all states (FBR)
#Nr. of sites: 27
 
0.0 7.719444141041389e-28
0.1 -0.16290585586259904
0.2 -0.6568182105706091
0.3 -1.5000562887757596
0.4 -2.7358586083656755
0.41 -2.884221414798023
0.42 -3.037645625532137
0.43 -3.196330826847627
0.44 -3.360504923977757
0.45 -3.5304263182755156
0.46 -3.7063869885635894
0.47 -3.888706991021321
0.48 -4.077717615940148
0.49 -4.273720911964318
0.5 -4.476923062218674
0.51 -4.6873621829659635
0.52 -4.904863358569202
0.53 -5.129054307955497
0.54 -5.359442300715052
0.55 -5.595498820941216
0.56 -5.836724918546582
0.57 -6.082679599062018
0.58 -6.332986798974645
0.59 -6.587327801929806
0.6 -6.845433757099997
0.7 -9.593954729679098
0.8 -12.570744601624758
0.9 -15.712149925774263
1.0 -18.981639947160915
1.1 -22.355472074732514
1.2 -25.816979244404873
1.3 -29.353816005236553
1.4 -32.956467167452814
1.5 -36.61737569512373
1.6 -40.33039894866832
1.7 -44.09044076620056
1.8 -47.89321663210934
1.9 -51.73507025295032
2.0 -55.6128523984781
2.1 -59.52382282257701
2.2 -63.4655784881552
2.3 -67.43599706411034
2.4 -71.43319205360402
2.5 -75.45547566042966
2.6 -79.50133444229294
2.7 -83.56940327902556
2.8 -87.65844062807884
2.9 -91.76731969746325
3.0 -95.89501068201025
3.1 -100.04057050626997
3.2 -104.20313061644693
3.3 -108.38189625518186
3.4 -112.57612837987914
3.5 -116.7851431885535
3.6 -121.00830680695148
3.7 -125.24502891496066
3.8 -129.4947597272731
3.9 -133.75698521663242
4.0 -138.03122457858416
4.1 -142.31702707022907
4.2 -146.61396968491073
4.3 -150.92165464861662
4.4 -155.2397066710116
4.5 -159.56777236340645
4.6 -163.90551823151242
4.7 -168.25262851372372
4.8 -172.60880418579498
4.9 -176.97376234729916
5.0 -181.34723402970906
