0.0  -2.2204460492503128e-16  0.0
0.1  0.006259554129948999  0.00025058421531656296
0.2  0.026534446010543326  0.0005184671265323669
0.3  0.06786183096229743  0.0008376389730074046
0.4  0.15055423784648797  0.0012828834555243316
0.41  0.16350332665232487  0.00133702594517401
0.42  0.17885088475835043  0.0014082021904866704
0.43  0.19674263993892965  0.0014852516880658312
0.44  0.21912428962960007  0.00157714217191091
0.45  0.24477020636569757  0.0016815488083622358
0.46  0.2755030430031505  0.0018001951396270372
0.47  0.3166617093141426  0.0019541671003492416
0.48  0.3602055146494232  0.0021078381818422113
0.49  0.41193917143010395  0.0022972861680983793
0.5  0.46902286364671814  0.0024997025702285405
0.51  0.5334244704086962  0.0027150798386053137
0.52  0.5900382248516997  0.0029089842255124337
0.53  0.6287006414414873  0.0030377914779613434
0.54  0.6599041334276025  0.00313534632667682
0.55  0.6824302260601102  0.0032072246359345132
0.56  0.6988682085404784  0.0032598774290225983
0.57  0.7040684385465821  0.0032661692963172257
0.58  0.7120922861841973  0.003286637222077609
0.59  0.7064053111458891  0.0032769032356706404
0.6  0.7119946495254258  0.0032902035320938124
0.7  0.7090620096668458  0.003263342710069067
0.8  0.7092286636159507  0.003258082995967872
0.9  0.7073787547271686  0.0032497966691283965
1.0  0.7092045691617508  0.003248658782927673
1.1  0.7050677593939757  0.0032364771879261306
1.2  0.7070265276529443  0.0032469688677710094
1.3  0.7023563668250089  0.003229890489768609
1.4  0.7036167765621825  0.003229334634774746
1.5  0.7033849489228504  0.0032302094711814805
1.6  0.7029132468871735  0.0032301532668633135
1.7  0.704924900977375  0.003235191194466574
1.8  0.701722003749147  0.0032196727375034435
1.9  0.7059137913659819  0.003235859579570751
2.0  0.7012577890933063  0.0032180073066796428
2.1  0.7070281431259572  0.0032397278665782948
2.2  0.7053191941123395  0.0032338905914058073
2.3  0.7077538982811243  0.003241374086218855
2.4  0.7058284162399558  0.003237393948385989
2.5  0.7078923377755826  0.0032424083341591383
2.6  0.7043109605992184  0.0032322334773506054
2.7  0.7050026888457375  0.003237570802942544
2.8  0.7051372492879546  0.003233454693411348
2.9  0.7044851878462373  0.0032328646913241496
3.0  0.702333203814875  0.0032275891189365094
3.1  0.7019259651004991  0.003222994469291667
3.2  0.7091724726043619  0.003246417458116992
3.3  0.698286481551657  0.003207491327422249
3.4  0.7032784657665659  0.0032279850775178785
3.5  0.7019565190316225  0.0032223408682706166
3.6  0.7075857737246531  0.0032373884647083078
3.7  0.7036993213540221  0.0032289199440979684
3.8  0.7082438991339658  0.003238984250768749
3.9  0.7043869291895866  0.003231369260733647
4.0  0.7020053559325004  0.0032200918477815308
4.1  0.7083672582168188  0.0032420057738668556
4.2  0.698261765943945  0.0032160906703725084
4.3  0.7040644223458945  0.0032305272837131944
4.4  0.7028663200079118  0.003221880342386967
4.5  0.7063107512127687  0.0032339013376758894
4.6  0.7052423873311846  0.0032350002642145227
4.7  0.7028817361091387  0.0032259196869558375
4.8  0.70587728828789  0.003230915057042575
4.9  0.7101338422763687  0.0032474335345171914
5.0  0.698939464800351  0.0032098340602071834
0.0  -2.2204460492503128e-16  0.0
0.1  0.006434583575535298  0.00025420116514886617
0.2  0.02755882992698961  0.0005285213043640579
0.3  0.06500669487365378  0.0008200410913754414
0.4  0.14986512117158662  0.0012719604377539571
0.41  0.1641402628878178  0.0013461613496659622
0.42  0.17792243708273872  0.0014040698799793298
0.43  0.19925770691833417  0.0014926020945098845
0.44  0.21962885662421117  0.0015837359173018263
0.45  0.24225442796699811  0.0016706379954832698
0.46  0.2754083146067998  0.0017983931224011
0.47  0.3126056298697959  0.0019364013963418744
0.48  0.3600410377555373  0.0021115854858410965
0.49  0.4126859499146502  0.0023010626836801906
0.5  0.47462789543080464  0.002520036811031148
0.51  0.531992216427329  0.0027049001509902647
0.52  0.585586876519457  0.0028916833309040957
0.53  0.6283660197506981  0.003036826369920083
0.54  0.6566480597977404  0.0031277058060151784
0.55  0.6895470451085274  0.003233465412712721
0.56  0.6952626978903085  0.003254261142724352
0.57  0.7021563226386014  0.0032691174726430868
0.58  0.7103680664834209  0.003290582178432206
0.59  0.711952659529957  0.0032882064478429547
0.6  0.7107949795237775  0.003279226317314051
0.7  0.7086320809308991  0.0032669638272489216
0.8  0.7004271990048857  0.0032311832488670367
0.9  0.704488738748428  0.00323904538947694
1.0  0.700484090781389  0.0032222519765023453
1.1  0.7074931629991806  0.003248325971331399
1.2  0.7133135408354566  0.003259712271663467
1.3  0.7032919607976195  0.003236488642785534
1.4  0.7058089144405526  0.003237830072027935
1.5  0.7064582696619447  0.0032407557683249346
1.6  0.7088526054063715  0.003243836079419089
1.7  0.7039634850790413  0.0032324246236948993
1.8  0.7018953379887443  0.003225341695420777
1.9  0.7110567130895541  0.0032527008245684793
2.0  0.7038587182960707  0.0032298802402160923
2.1  0.6985215976263188  0.0032119059941340226
2.2  0.7055024253607902  0.003231561186402523
2.3  0.6967656668011603  0.003206768515183109
2.4  0.7058095369661664  0.003238736200573657
2.5  0.6992467581640137  0.00321493547666666
2.6  0.7022316869546599  0.0032197124094212252
2.7  0.7039486489996597  0.003230841241848865
2.8  0.7050410106314214  0.0032343526476277637
2.9  0.7014455438730575  0.003223600390278134
3.0  0.7012879582740036  0.003221788151894556
3.1  0.6999321264640594  0.00321359213674042
3.2  0.7046397866217463  0.003229671452373448
3.3  0.6991697522113145  0.0032135413894834423
3.4  0.6989438005006894  0.0032127494876279354
3.5  0.7016921184905647  0.0032198362599628483
3.6  0.694943406923923  0.003201091223931375
3.7  0.7056064016143716  0.003230365857448761
3.8  0.7044735316758676  0.0032320435005697085
3.9  0.6996996645546554  0.003214255691570491
4.0  0.7040549357766428  0.0032312335401889665
4.1  0.7057776317869418  0.0032372751393449266
4.2  0.7050093831047659  0.003231622025834177
4.3  0.7083452018477493  0.003241207260886921
4.4  0.7037864787611177  0.0032261764996904673
4.5  0.6991512688932756  0.003211150432965731
4.6  0.7042209402716999  0.0032303405854759324
4.7  0.7036500602596903  0.003230155613889091
4.8  0.7031002207800175  0.0032276386372308385
4.9  0.7056128178318822  0.0032315593001109944
5.0  0.7053305726675873  0.0032324048616097856
