#mmax= 10
#m-states: all states (FBR)
#Nr. of sites: 27
 
0.0  4.440892098500627e-16 
0.1  0.00634553540870309 
0.2  0.02670115198201864 
0.3  0.06679030381878899 
0.4  0.1496521162418267 
0.41  0.1634137733791969 
0.42  0.17915267412171512 
0.43  0.19735865753114992 
0.44  0.21888882470001128 
0.45  0.24463157912216077 
0.46  0.2759162661177424 
0.47  0.3141078230294243 
0.48  0.36025697788709693 
0.49  0.41434492966746655 
0.5  0.473762172330678 
0.51  0.5333140634499238 
0.52  0.5873555209547611 
0.53  0.630258782608077 
0.54  0.6617532861638398 
0.55  0.6826732944166742 
0.56  0.6956574216627875 
0.57  0.7033515007934392 
0.58  0.7076301439723678 
0.59  0.7099220192862042 
0.6  0.7109824572121338 
0.7  0.7090325663567275 
0.8  0.7072107420929752 
0.9  0.706286070724262 
1.0  0.7057310365358193 
1.1  0.7053579397829748 
1.2  0.7050817626512706 
1.3  0.7048664640947241 
1.4  0.7046900196356035 
1.5  0.7045585778374683 
1.6  0.7044336956848755 
1.7  0.7043339538419835 
1.8  0.7042350595110115 
1.9  0.704160293992429 
2.0  0.7040880195927631 
2.1  0.7040270980846526 
2.2  0.7039649745828149 
2.3  0.7039155197705503 
2.4  0.7038678903170852 
2.5  0.70382409903769 
2.6  0.7037837655266288 
2.7  0.7037470316725011 
2.8  0.7037130591557942 
2.9  0.7036809350995462 
3.0  0.7036511570706563 
3.1  0.7036232358170389 
3.2  0.7035965940693678 
3.3  0.7035719215020295 
3.4  0.7035481332512408 
3.5  0.7035258780071995 
3.6  0.7035049025377659 
3.7  0.7034848969899488 
3.8  0.7034659058791781 
3.9  0.7034478237133514 
4.0  0.70343058569976 
4.1  0.7034142248759959 
4.2  0.7033984365509565 
4.3  0.7033834748270547 
4.4  0.7033690086262657 
4.5  0.7033552498144369 
4.6  0.7033419217839603 
4.7  0.7033291997316279 
4.8  0.7033169593441772 
4.9  0.7033051387011294 
5.0  0.7032937277052319 
