#mmax= 10
#m-states: all states (FBR)
#Nr. of sites: 27
 
0.0  2.2204460492503126e-16 
0.1  0.022975249750155868 
0.2  0.07702491974036652 
0.3  0.16005328703883948 
0.4  0.29186261280753406 
0.41  0.3107878875015069 
0.42  0.3317028591723699 
0.43  0.35500983965503935 
0.44  0.38153203004254865 
0.45  0.41183782256122803 
0.46  0.446809489139232 
0.47  0.48689595867828867 
0.48  0.5317659636860746 
0.49  0.5798297914162588 
0.5  0.6274531438089752 
0.51  0.670170350451201 
0.52  0.7048242704180203 
0.53  0.7292682591122457 
0.54  0.7451266084416023 
0.55  0.7540798485512548 
0.56  0.7583673836698384 
0.57  0.7598143589093782 
0.58  0.7596014904131371 
0.59  0.7585490518179866 
0.6  0.7570779763835507 
0.7  0.7442616114261521 
0.8  0.7384837512916027 
0.9  0.7354717058791863 
1.0  0.733634974579223 
1.1  0.7323917866623716 
1.2  0.7314822902794709 
1.3  0.7307805760045061 
1.4  0.7302165545739724 
1.5  0.7297576746502794 
1.6  0.7293648872911176 
1.7  0.7290305505767408 
1.8  0.7287338985848724 
1.9  0.7284787964864267 
2.0  0.7282484516829533 
2.1  0.7280439961808227 
2.2  0.7278558726477835 
2.3  0.727688216974174 
2.4  0.7275336991742409 
2.5  0.7273918764773287 
2.6  0.7272603572056808 
2.7  0.7271397054519829 
2.8  0.7270276364522925 
2.9  0.7269229785881224 
3.0  0.726825290387599 
3.1  0.7267337693066523 
3.2  0.7266471075043169 
3.3  0.7265662501195573 
3.4  0.7264896285526509 
3.5  0.7264173454991119 
3.6  0.7263489212412481 
3.7  0.7262839486822633 
3.8  0.7262222334685424 
3.9  0.7261634838220273 
4.0  0.7261074763132052 
4.1  0.7260542698597978 
4.2  0.726002960625546 
4.3  0.7259543055863928 
4.4  0.7259072978782151 
4.5  0.7258625769618489 
4.6  0.7258194047810411 
4.7  0.7257780136842894 
4.8  0.7257381833513008 
4.9  0.7256998322064059 
5.0  0.7256628698186665 
