#mmax= 10
#m-states: all states (FBR)
#Nr. of sites: 27

0.0  0.0 0.0 0.0 NaN NaN 0.0 
0.1  0.00018 0.001711966408633605 0.2930828984289843 -0.041838418973908914 13.889342483461057 0.0 
0.2  -0.0008 0.003406010805780877 1.16009096090961 0.04691862892595361 3.211652381067289 0.0 
0.3  -0.0048 0.005131630631322695 2.6333632936329368 -0.01988172303153107 1.3400970447410057 0.0 
0.4  0.00124 0.006953363798671919 4.834926811668118 -0.008178431394534247 0.6184619542096126 0.0 
0.41  0.00148 0.0071384933758375626 5.095808767687676 0.006434363470383994 0.5688895696982099 0.0 
0.42  0.00284 0.007321233184959587 5.360045534855349 0.0010260754004699684 0.4832220823092781 0.0 
0.43  -0.00568 0.007509316964572262 5.638984127441277 0.0038301592991457863 0.4941832732035132 0.0 
0.44  0.00166 0.0077281931713497525 5.972496969369694 0.002725256907198442 0.5398288094948498 0.0 
0.45  -0.00068 0.00797545180251969 6.360783145431456 0.0048582292849776955 0.4433219979469225 0.0 
0.46  -0.0005 0.00814622987096553 6.636106111061108 0.002206174276952389 0.3854764334562679 0.0 
0.47  -0.01152 0.008381752527589582 7.025377543375436 0.006259464795971641 0.36132529902041854 0.0 
0.48  0.00182 0.008611219913989195 7.415310840708408 0.004013038514396806 0.3029086956480742 0.0 
0.49  -0.00906 0.008833320974559591 7.802755943959442 -0.0019528159269427668 0.27147146441362224 0.0 
0.5  0.00028 0.009056534625572536 8.202081942419428 0.008357251846845406 0.27423516470526765 0.0 
0.51  -0.00298 0.009256239407863204 8.567796797567977 -0.00467515227497747 0.2296782192639597 0.0 
0.52  -0.00726 0.00950835301257637 9.040877701177012 -0.0035540081095709938 0.20889675532617602 0.0 
0.53  0.00904 0.009663421578362707 9.338171660116599 0.003914786075448484 0.20977988178069396 0.0 
0.54  0.0011 0.009886342361948271 9.773976529765294 -0.0012728580346320294 0.1673354632151689 0.0 
0.55  0.01082 0.010037700774100027 10.07554368303683 -0.003905098079090779 0.13172138680986034 0.0 
0.56  -0.0129 0.010181383624327545 10.366057250572508 0.013249799832112216 0.09359893929905061 0.0 
0.57  0.00378 0.010372373545979231 10.758613297732978 0.003853950729466031 0.13963509243545325 0.0 
0.58  0.00744 0.010490822038213705 11.005734703747034 0.0011205993971460653 0.12610014640804046 0.0 
0.59  -0.00664 0.010632322867882432 11.30462895668957 0.0028895365985934156 0.13857014153495317 0.0 
0.6  0.00498 0.01075831350208266 11.57413094090941 -0.012187170209990201 0.0683757979076205 0.0 
0.7  0.00994 0.011637077218084522 13.54215661796618 -0.012583874390919068 0.06474883307880841 0.0 
0.8  -0.01218 0.012440983251200147 15.477806425664257 -0.002863526580931111 0.014017109295644925 0.0 
0.9  -0.0187 0.012990865664993509 16.876259072590724 0.0013471526858059638 -0.006359549151508492 0.0 
1.0  -0.00798 0.013495835823388105 18.21375845718457 0.009651181137103624 0.04289884212125372 0.0 
1.1  0.00218 0.013924391956667755 19.388869136291365 0.009046362410878066 0.025548282517328325 0.0 
1.2  0.00076 0.014378472159051404 20.674046162861632 0.007757203979222911 0.017177611297904516 0.0 
1.3  -0.0031 0.014741366184271042 21.730787697876977 -0.010186102809938107 0.018013267809163125 0.0 
1.4  -0.0133 0.015122728525936735 22.869691806918066 0.003696326260663734 0.02677237998665749 0.0 
1.5  0.01172 0.01540790058541411 23.740340045000448 -0.005483003496096433 0.037320205041115884 0.0 
1.6  0.02074 0.01569803053907171 24.64281628056281 0.0019521995567284261 -0.005554423433645095 0.0 
1.7  -0.01606 0.016028343328051666 25.690778984189834 0.013525170423186801 -0.002646311162850523 0.0 
1.8  -0.00747 0.016290481754354533 26.537979578895797 0.0001822901014694272 0.012948471927758387 0.0 
1.9  -0.02032 0.01654640168768086 27.3783408810088 -0.0002523130554926962 0.007406334187263219 0.0 
2.0  0.00018 0.016818728500462916 28.286962837228362 0.007783961697603363 0.029647500881742506 0.0 
2.1  -0.02123 0.017023880021778525 28.981249099591 0.004250569631457341 0.014346763058465939 0.0 
2.2  -0.00497 0.017264878619652608 29.80760337513377 -0.006088154795498148 -0.006931121798197104 0.0 
2.3  0.00804 0.017483094982585365 30.56586101701016 -0.007657726301143178 0.015869122892471665 0.0 
2.4  -0.00731 0.017692831768881992 31.303629600195986 -0.0015349307011557236 -0.005726853940956289 0.0 
2.5  -0.02252 0.017930653740994378 32.15083435794357 0.01984377479146961 0.018464045740492097 0.0 
2.6  0.0023 0.018099757542912865 32.760122311223114 0.012385607123259418 0.01599832259395395 0.0 
2.7  0.05749 0.0183540844970044 33.68724177231772 0.012862606067317445 0.03477177748562532 0.0 
2.8  0.0386 0.0184751431309513 34.13309137091371 -0.000794274734471679 -0.0019980704870676824 0.0 
2.9  0.02978 0.018735069830251912 35.10028415444154 -0.0021939596203995734 0.006996848269541722 0.0 
3.0  0.00317 0.01882476940709852 35.43719432304324 0.011585536922565394 0.033570557554157165 0.0 
3.1  0.00794 0.019127473125488417 36.586022816628166 -0.011132565112847046 -0.0006993456649451169 0.0 
3.2  0.03174 0.019203317770586776 36.87674133981339 -0.011318723464185308 0.00793615599907005 0.0 
3.3  -0.01205 0.019302227170322532 37.257597373473736 0.013863750285990892 -0.010733516566068246 0.0 
3.4  0.03784 0.019579313441465414 38.33495148391483 0.004663721264559805 -0.0049857183757895385 0.0 
3.5  -0.00788 0.01968428951647831 38.74712537685378 -0.007639017128283541 -0.022307138918063796 0.0 
3.6  0.00318 0.019788021996504486 39.15658145341454 -0.00041478366460644307 0.03102965940465152 0.0 
3.7  -0.0269 0.01996756246855157 39.870355093550934 0.008002259520687834 -0.01794406259241388 0.0 
3.8  -0.01412 0.0201043589330394 40.41852481084811 0.006080787913187994 0.0038518987212219358 0.0 
3.9  -0.03772 0.02023115085729554 40.929946501065004 0.0014681601364338612 0.0030908938059273083 0.0 
4.0  -0.01814 0.020359682084220905 41.45166545705457 0.00325975048273298 -0.0018862638237333584 0.0 
4.1  0.04536 0.0205494488369512 42.2279847502475 0.004087588806012272 -0.013047516655053215 0.0 
4.2  0.00182 0.02073385313449138 42.9892665802658 0.006200810956774572 -0.0033169287850367546 0.0 
4.3  0.00326 0.020795764433224947 43.24638183621836 0.014847699714519881 -0.004621674282579757 0.0 
4.4  0.0366 0.02099100308756364 44.06222106221063 -0.0012771991113027736 0.0008380680625252879 0.0 
4.5  0.01364 0.021097264999281412 44.50945904499045 -0.0007027339678346892 0.0007126370383452318 1.7831444883e-314 
4.6  -0.03552 0.021263435861427624 45.213370463304635 -0.0019564437755846173 0.016035088867476066 3.8563e-318 
4.7  -0.04438 0.021374949661712196 45.68884730407303 0.005281740358711245 -0.0163805649686255 1.47660896328e-312 
4.8  -0.03306 0.021475951260161337 46.12164825288254 0.014614145031921492 -0.00835975645724707 3.485268e-318 
4.9  -0.01101 0.021616733347816604 46.72831606306064 0.001430813727976325 -0.0057216074458623645 4.092363674108178e-303 
5.0  -0.00566 0.02173586906760439 47.24480041240413 0.01658935980450433 0.026991591540533655 5.682548285256503e-304 
