#mmax= 10
#m-states: all states (FBR)
#Nr. of sites: 27
 
0.0  3.4453581632600355e-60 
0.1  0.0024810176913729327 
0.2  0.009691306513291522 
0.3  0.020902028665238808 
0.4  0.034676201380644825 
0.41  0.036103411410048435 
0.42  0.03752506170543069 
0.43  0.038935610181640976 
0.44  0.04032940470838582 
0.45  0.041699256028670376 
0.46  0.04303709191273697 
0.47  0.04433341540598941 
0.48  0.045578212502458526 
0.49  0.04676228198148921 
0.5  0.047879283454517516 
0.51  0.048930018429494675 
0.52  0.0499216036317633 
0.53  0.05086728467981983 
0.54  0.051777657870570475 
0.55  0.052662830019396645 
0.56  0.05352858062278669 
0.57  0.05437762311277112 
0.58  0.055211739336833085 
0.59  0.056030699189061534 
0.6  0.05683558819409002 
0.7  0.06417031629066176 
0.8  0.07050124450745542 
0.9  0.0761522246547186 
1.0  0.08131754215924053 
1.1  0.08611743330221563 
1.2  0.09062965981272254 
1.3  0.09490905923878172 
1.4  0.0989929209623303 
1.5  0.10291007293981254 
1.6  0.106682618810683 
1.7  0.11032661358996584 
1.8  0.11385627318378556 
1.9  0.11728371099095909 
2.0  0.1206145328741626 
2.1  0.12385980339555579 
2.2  0.12702667734634338 
2.3  0.13011874162454753 
2.4  0.1331419799302618 
2.5  0.13610089459231872 
2.6  0.13899958480284272 
2.7  0.14184192775584006 
2.8  0.14463093768104984 
2.9  0.1473701852157182 
3.0  0.15006152352716626 
3.1  0.15270743190187017 
3.2  0.15531200870966191 
3.3  0.15787207752494076 
3.4  0.16039459597132474 
3.5  0.16288039549107966 
3.6  0.16533079019833433 
3.7  0.16774621590629687 
3.8  0.17012980961856689 
3.9  0.172481467123566 
4.0  0.1748028618359053 
4.1  0.1770978313813042 
4.2  0.17935939030402934 
4.3  0.1815994836291179 
4.4  0.18380813749029962 
4.5  0.18599797673493354 
4.6  0.1881582022888438 
4.7  0.19029616437128224 
4.8  0.19241237850387108 
4.9  0.1945057132019952 
5.0  0.1965773295069291 
