#mmax= 10
#m-states: all states (FBR)
#Nr. of sites: 27
 
0.0  -5.0331911758899806e-14 
0.1  -3.420972230064062e-8 
0.2  -5.061614613153545e-7 
0.3  3.114809612593133e-7 
0.4  -1.4418020370674458e-5 
0.41  -7.664628010116864e-5 
0.42  -6.828766072276054e-6 
0.43  7.188113025481004e-5 
0.44  1.3866875121263865e-5 
0.45  7.354224216657486e-5 
0.46  0.00020102741097794118 
0.47  4.999087848277312e-5 
0.48  -0.0003103402837836275 
0.49  -0.00022501609771781816 
0.5  -0.00026910111061566956 
0.51  -0.0009351190542812562 
0.52  -0.0006627292859522435 
0.53  -0.0004980373013230593 
0.54  0.00045992690341365144 
0.55  -0.00015850621714140158 
0.56  -0.00040109607548526093 
0.57  -0.0004936692945971662 
0.58  -0.0007502399848095701 
0.59  -0.00026477807416280157 
0.6  -0.0011214061348144072 
0.7  -0.034007943301096036 
0.8  -0.011379399720101966 
0.9  -0.0138684848892837 
1.0  -0.02060032920449009 
1.1  0.01968521639678671 
1.2  -0.04633563081646654 
1.3  -0.0678317410651101 
1.4  -0.09158489421244596 
1.5  -0.0656863416096721 
1.6  -0.08893927791818247 
1.7  -0.08375971471839329 
1.8  -0.11155124323109601 
1.9  -0.10405643584898003 
2.0  -0.11065813460990447 
2.1  -0.10712403763593033 
2.2  -0.12079967717815646 
2.3  -0.11664435804412855 
2.4  -0.11825642178332797 
2.5  -0.11991305971316668 
2.6  -0.12075594707941717 
2.7  -0.12066619370824198 
2.8  -0.12012632519152106 
2.9  -0.12068001712591625 
3.0  -0.12059988323856832 
3.1  -0.12057139030189304 
3.2  -0.1211002443124372 
3.3  -0.12112050847788186 
3.4  -0.12217185088881996 
3.5  -0.12263282524355927 
3.6  -0.12279734677184516 
3.7  -0.12317526014771367 
3.8  -0.12349653368935229 
3.9  -0.12379370387392828 
4.0  -0.12406531902204174 
4.1  -0.12430430700911267 
4.2  -0.12448285851185593 
4.3  -0.12467715270747957 
4.4  -0.12481970830967257 
4.5  -0.12500775853027063 
4.6  -0.12524436665499342 
4.7  -0.12535009877030226 
4.8  -0.12539769829411604 
4.9  -0.1255638327852224 
5.0  -0.12575190025113162 
