#mmax= 10
#m-states: all states (FBR)
#Nr. of sites: 27

0.0  -2.2204460492503128e-16  0.0
0.1  -0.0  6.712174230913004e-19
0.2  -0.0  5.290352748201116e-19
0.3  1.0000050000287824e-5  1.000010000100001e-5
0.4  9.00040502430509e-5  3.000150009900735e-5
0.41  0.00012000720057606084  3.464326801619994e-5
0.42  0.00023002645405631884  4.79640712118901e-5
0.43  0.00030004500900199243  5.4780747342326554e-5
0.44  0.00037006846688900156  6.0839185734053786e-5
0.45  0.0004801152368773121  6.929901247479933e-5
0.46  0.0005401458525092518  7.35049087150431e-5
0.47  0.0008503614548389411  9.223511381050445e-5
0.48  0.0011106165062569103  0.00010541558620984724
0.49  0.001380953076931735  0.00011755512965890772
0.5  0.0017515330388063767  0.00013240413134129708
0.51  0.0021623361646834274  0.00014712910475104532
0.52  0.002894184113336092  0.00017024703496923722
0.53  0.003094783907391077  0.00017605705584169856
0.54  0.003706861931326512  0.00019271164933371053
0.55  0.003957821854344129  0.00019914075502816376
0.56  0.004459930722093342  0.00021142222481030615
0.57  0.00510299817590334  0.00022618779383093939
0.58  0.005364362499150697  0.00023192305280699116
0.59  0.006491021170371195  0.00025519009827490614
0.6  0.007467814847520078  0.00027378538084063216
0.7  0.012669925598687796  0.00035708061645013585
0.8  0.01946828319480775  0.0004433872191743934
0.9  0.0255537332465779  0.0005087562053308637
1.0  0.031717731040510656  0.000567683195496341
1.1  0.036975236108282517  0.0006137401770985793
1.2  0.04293881651408132  0.000662378015577739
1.3  0.04868616889773599  0.0007063378005054273
1.4  0.055480994329846954  0.0007553111518880362
1.5  0.06071649969996907  0.0007911905541493758
1.6  0.06578729685318535  0.0008246223512086614
1.7  0.07240940924006892  0.0008665803608491017
1.8  0.07568304650481165  0.0008866872114320078
1.9  0.08073293599082254  0.0009169632977749988
2.0  0.0842732955927813  0.0009376942007439767
2.1  0.09120799424353535  0.0009773150001905076
2.2  0.09445352210456862  0.0009952840974726872
2.3  0.10078209931550715  0.0010297409532179938
2.4  0.10547160186736237  0.0010546830088449196
2.5  0.11007155245826587  0.0010786985743286924
2.6  0.1140200728855327  0.0010989803091130239
2.7  0.1206771536684665  0.0011325272924480032
2.8  0.12154629495350876  0.00113685031579936
2.9  0.1267996279444467  0.001162715252677049
3.0  0.1302908457574692  0.0011796649764241449
3.1  0.13618625874264015  0.0012078769381901648
3.2  0.14032001723464427  0.001227368642975474
3.3  0.141551947884721  0.0012331332454377732
3.4  0.14725936268688541  0.001259586788740096
3.5  0.14680760430120676  0.0012575077979497553
3.6  0.15434056638354363  0.0012918581093989499
3.7  0.1581284643070003  0.0013088859144265242
3.8  0.15880804588740308  0.0013119241672167239
3.9  0.1618484203522515  0.0013254569172441468
4.0  0.16666853570817405  0.001346715394056688
4.1  0.1723670894135907  0.001371552292475098
4.2  0.17394849717849345  0.001378390098353713
4.3  0.17605702040190832  0.001387471593909007
4.4  0.18176148768451675  0.0014118421572768233
4.5  0.1828654863904191  0.001416526164145817
4.6  0.18763086172835886  0.0014366254711878667
4.7  0.1897568685494323  0.0014455358782173773
4.8  0.19036114746487318  0.0014480598236936233
4.9  0.19854821544781148  0.0014820009277101084
5.0  0.19803606576344643  0.001479892400698298
