#mmax= 10
#m-states: all states (FBR)
#Nr. of sites: 27

0.0  1.0000000000000002  0.0
0.1  1.0  6.712174230913004e-19
0.2  1.0  5.290352748201116e-19
0.3  0.99999  1.0e-5
0.4  0.99991  2.9998799963998438e-5
0.41  0.99988  3.4639110824037994e-5
0.42  0.99977  4.795303947551137e-5
0.43  0.9997  5.4764313118123856e-5
0.44  0.99963  6.081667523533219e-5
0.45  0.99952  6.926574894881142e-5
0.46  0.99946  7.346521606433698e-5
0.47  0.99915  9.215671396376553e-5
0.48  0.99889  0.00010529857490915431
0.49  0.99862  0.00011739290357997842
0.5  0.99825  0.0001321724241114498
0.51  0.99784  0.00014681130588478305
0.52  0.99711  0.00016975502103817614
0.53  0.99691  0.0001755130395391477
0.54  0.9963  0.0001919986162311758
0.55  0.99605  0.0001983541490458025
0.56  0.99555  0.0002104813959099003
0.57  0.99491  0.0002250364979603399
0.58  0.99465  0.00023068226447447377
0.59  0.99353  0.0002535390183390675
0.6  0.9925600000000009  0.0002717484176071781
0.7  0.987410000002085  0.00035258497148977315
0.8  0.9807200000005791  0.0004348387135889679
0.9  0.974770000001741  0.0004959202862712518
1.0  0.9687800000112619  0.0005499601261393384
1.1  0.9637000000160098  0.0005914614086797267
1.2  0.9579700002180446  0.0006345382677274345
1.3  0.9524800006470397  0.000672772628682438
1.4  0.9460300034337755  0.0007145470116142078
1.5  0.9410900012584558  0.0007445815196001144
1.6  0.936330003450296  0.0007721186489523972
1.7  0.9301500058395482  0.0008060497277042298
1.8  0.927110010754122  0.0008220565901262712
1.9  0.9224400090789069  0.0008458436327245943
2.0  0.9191800139182221  0.0008619097684908846
2.1  0.9128278282190897  0.0008921203291098402
2.2  0.9098700224870583  0.0009055791641484855
2.3  0.9041300219737147  0.0009310197106602188
2.4  0.8999000279642776  0.0009491092691529916
2.5  0.8957700384551199  0.0009662658634078957
2.6  0.8922400458703477  0.0009805542414136133
2.7  0.8863200585868646  0.0010037816561937374
2.8  0.8855500559012196  0.0010067378607074423
2.9  0.880910164694982  0.0010242476847291068
3.0  0.8778400777258217  0.001035557194594601
3.1  0.8726800730569969  0.0010540901346636547
3.2  0.8690800702915864  0.001066681626510814
3.3  0.8680100831259381  0.0010703720908777992
3.4  0.8630701002047173  0.0010871116959744527
3.5  0.8634600874432834  0.0010858077931783065
3.6  0.8569801126894506  0.0011070967081714927
3.7  0.853740099793232  0.0011174483912004564
3.8  0.853160110844186  0.0011192813679217865
3.9  0.8505701238889759  0.001127394054309854
4.0  0.8464801427826135  0.001139967839048649
4.1  0.841670148250924  0.0011543946213414104
4.2  0.840340176434044  0.0011583165784454985
4.3  0.838570166365901  0.0011634922853322378
4.4  0.8338001883145215  0.0011771942566077955
4.5  0.8328801819220175  0.0011797965692910656
4.6  0.8289206370953014  0.001190848500844384
4.7  0.8271602181611164  0.0011956897723860067
4.8  0.8266605336711961  0.0011970539066423888
4.9  0.8199202369659482  0.001215122551831827
5.0  0.8203402664063064  0.00121401532624151
