#mmax= 10
#m-states: all states (FBR)
#Nr. of sites: 27
 
0.0  -4.3665543300027823e-29 
0.1  1.3121373902754385 
0.2  2.7029594327786777 
0.3  4.285922048618095 
0.4  6.29194630488961 
0.41  6.534402270783006 
0.42  6.788344890045873 
0.43  7.054855726377238 
0.44  7.336220329526892 
0.45  7.633752946355479 
0.46  7.949635892002563 
0.47  8.285160897659482 
0.48  8.64009349917881 
0.49  9.01166162622211 
0.5  9.392258135420938 
0.51  9.77063321673243 
0.52  10.136109889658297 
0.53  10.476763920054053 
0.54  10.791009219602985 
0.55  11.077179920765518 
0.56  11.337783117255297 
0.57  11.576718684972695 
0.58  11.796789184338992 
0.59  12.001787097783076 
0.6  12.192960068477914 
0.7  13.651678103601597 
0.8  14.648899486829295 
0.9  15.403536714756855 
1.0  16.00767825126667 
1.1  16.50931339497778 
1.2  16.936718002462975 
1.3  17.3076817150036 
1.4  17.634435140390988 
1.5  17.925512145596816 
1.6  18.187278822743135 
1.7  18.424560334102406 
1.8  18.641032829515268 
1.9  18.83960849612762 
2.0  19.022782689427288 
2.1  19.192396835063406 
2.2  19.350052787123666 
2.3  19.497194276507894 
2.4  19.634906251970214 
2.5  19.764159148504877 
2.6  19.88581817526786 
2.7  20.00059336250918 
2.8  20.10910005086573 
2.9  20.211894645954544 
3.0  20.30947323997024 
3.1  20.402264412377455 
3.2  20.490587888245873 
3.3  20.574952519453877 
3.4  20.655492500288723 
3.5  20.732537071878422 
3.6  20.806340297648944 
3.7  20.877114950709686 
3.8  20.945065105329043 
3.9  21.0103770161171 
4.0  21.073215815530364 
4.1  21.133693286974705 
4.2  21.19207266496485 
4.3  21.248316213585817 
4.4  21.30270292784199 
4.5  21.35518512463769 
4.6  21.405981579872975 
4.7  21.455146786782187 
4.8  21.502763380886897 
4.9  21.54890840670555 
5.0  21.59366434707307 
