#mmax= 10
#m-states: all states (FBR)
#Nr. of sites: 27
 
0.0  -1.644564858193319e-65 
0.1  -0.6420543508809354 
0.2  -1.2346964860539984 
0.3  -1.7187260184152877 
0.4  -2.0050212522747386 
0.41  -2.0170836333124207 
0.42  -2.0250969866780135 
0.43  -2.0287682791430153 
0.44  -2.0275548644937786 
0.45  -2.021073292294353 
0.46  -2.0087527641891323 
0.47  -1.9901558069190117 
0.48  -1.9651094326772307 
0.49  -1.9339221968577769 
0.5  -1.897867459192651 
0.51  -1.859078997335112 
0.52  -1.8197841322206372 
0.53  -1.7826012128142994 
0.54  -1.7482493439387425 
0.55  -1.7174246642704467 
0.56  -1.689948935756004 
0.57  -1.6652927529910992 
0.58  -1.6430864643014702 
0.59  -1.6227097081227375 
0.6  -1.6040288513615182 
0.7  -1.4649738088497748 
0.8  -1.369225236273341 
0.9  -1.294791949933002 
1.0  -1.2335445468123436 
1.1  -1.1814412191697496 
1.2  -1.1360873323694587 
1.3  -1.0960284090792576 
1.4  -1.0601866636762611 
1.5  -1.0278390321771675 
1.6  -0.9984141524396947 
1.7  -0.9714617658766534 
1.8  -0.9466540665682918 
1.9  -0.9237337543233104 
2.0  -0.9024056553532291 
2.1  -0.882539614106533 
2.2  -0.863982379584372 
2.3  -0.8465530088917379 
2.4  -0.8301592325310337 
2.5  -0.814703032454045 
2.6  -0.8000899192682117 
2.7  -0.7862486376845063 
2.8  -0.7731166329726711 
2.9  -0.7606380814708188 
3.0  -0.7487521919640804 
3.1  -0.7374134452079939 
3.2  -0.7266110779689232 
3.3  -0.7162242987049068 
3.4  -0.7063017145356935 
3.5  -0.6967907444295826 
3.6  -0.6876592828893199 
3.7  -0.6788803398720962 
3.8  -0.6704393315210057 
3.9  -0.6623074854641535 
4.0  -0.6544688394801798 
4.1  -0.6469307955599249 
4.2  -0.6396030305921293 
4.3  -0.6325706366997713 
4.4  -0.6257230092634598 
4.5  -0.6191453576738001 
4.6  -0.6127413812239644 
4.7  -0.6065388612694629 
4.8  -0.6005278597144109 
4.9  -0.5946925932822196 
5.0  -0.5890235624997406 
