#mmax= 5
#m-states: all states (FBR)
#Nr. of sites: 50
 
0.0  25.000000000000007 0.01000000000000556 
0.1  30.900929521293044 0.0147590513593997 
0.2  40.158898638516206 0.022717498358172272 
0.3  57.51425174899148 0.03928540792651092 
0.4  106.19811705399772 0.09588971999711315 
0.41  116.70928908963639 0.10961061769122771 
0.42  129.70554373688492 0.12697368584004887 
0.43  146.3558526686771 0.14984271976820063 
0.44  168.32220416422385 0.18041393509552128 
0.45  198.08903983212096 0.22128566169938912 
0.46  240.09985521503677 0.27575718068500266 
0.47  300.4978997684798 0.3447255211071766 
0.48  385.54893122654164 0.4233468009054039 
0.49  494.98727191986535 0.4988311811328593 
0.5  612.692765848078 0.5567532396072918 
0.51  716.203260165206 0.5930799212087612 
0.52  798.2067309983028 0.6140753460702872 
