#mmax= 5
#m-states: all states (FBR)
#Nr. of sites: 50
 
0.0  24.999999999999996 0.009999999999998677 
0.1  22.6511115295707 0.008141033044779311 
0.2  20.526482629284345 0.006499590629408636 
0.3  18.63890112149812 0.005112458058498692 
0.4  16.962145787466692 0.0040632497055383965 
0.41  16.803827404285546 0.0039848881482369425 
0.42  16.64654413572513 0.003906800025459067 
0.43  16.490183670594917 0.003840590245962505 
0.44  16.33445643456212 0.0037852995476056472 
0.45  16.178752870648328 0.003735590968804492 
0.46  16.02253862052909 0.0036981396354933693 
0.47  15.864962424300058 0.003671305095565791 
0.48  15.705662835541547 0.0036650654640074665 
0.49  15.545966473430935 0.0036752673398328106 
0.5  15.390229155275275 0.00369836875801155 
0.51  15.243276808078747 0.0037214349337629793 
0.52  15.106532188481724 0.003738637165718761 
