#mmax= 5
#m-states: all states (FBR)
#Nr. of sites: 50
 
0.0  1.5661097703584229e-27 
0.1  0.02578808886653009 
0.2  0.05661067935562747 
0.3  0.09933490975300846 
0.4  0.16716464166744854 
0.41  0.1763931679606273 
0.42  0.18629655462589742 
0.43  0.19698295409993868 
0.44  0.20858204907111022 
0.45  0.22127676838033777 
0.46  0.2353167883822233 
0.47  0.2510020820556055 
0.48  0.2685404853885671 
0.49  0.2875901956817229 
0.5  0.3067061535079815 
0.51  0.32411024182143755 
0.52  0.339251532293568 
0.53  0.35242486875980017 
