#mmax= 5
#m-states: all states (FBR)
#Nr. of sites: 50
 
0.0  0.0 
0.1  0.022971460645057035 
0.2  0.07677192131851736 
0.3  0.1569448000739641 
0.4  0.2674606711284685 
0.41  0.2806538124697379 
0.42  0.29434413606503035 
0.43  0.308581704996861 
0.44  0.3234232700737898 
0.45  0.3389613092085257 
0.46  0.3553282794870622 
0.47  0.37272369867895666 
0.48  0.3914238097654953 
0.49  0.4116088977719272 
0.5  0.43285321444795183 
0.51  0.453977031195317 
0.52  0.4740959442650973 
0.53  0.49281826145251223 
