#mmax= 5
#m-states: all states (FBR)
#Nr. of sites: 50
 
0.0  -0.0 
0.1  0.006344242103755853 
0.2  0.02658764337893795 
0.3  0.06505097351292624 
0.4  0.13253752784097192 
0.41  0.14175926276411294 
0.42  0.15160736324329618 
0.43  0.1621578687118434 
0.44  0.17349943088810382 
0.45  0.18575925283136716 
0.46  0.19911354955699603 
0.47  0.21382144903996442 
0.48  0.23024830032333507 
0.49  0.24873103875620642 
0.5  0.2690709796134651 
0.51  0.2902422925864127 
0.52  0.311326410531047 
0.53  0.33179018290136086 
