#mmax= 5
#m-states: all states (FBR)
#Nr. of sites: 50
 
0.0  -7.276171337616026e-53 
0.1  0.0024810615894388407 
0.2  0.009691875647565852 
0.3  0.02090267976884173 
0.4  0.034669500432799434 
0.41  0.03609418340056087 
0.42  0.03751216346712064 
0.43  0.03891853689743263 
0.44  0.04030636383685962 
0.45  0.04166784542076368 
0.46  0.04299320992891535 
0.47  0.044269170316312556 
0.48  0.04547939236306254 
0.49  0.04660887436564956 
0.5  0.04765973511457065 
0.51  0.048655947286996015 
0.52  0.04961940562869898 
0.53  0.0505604603114111 
