#mmax= 5
#m-states: all states (FBR)
#Nr. of sites: 50
 
0.0  -6.402103253092819e-9 
0.1  1.4287656806094745e-9 
0.2  -3.125386256764022e-8 
0.3  3.555366802149838e-6 
0.4  4.1262567104545455e-6 
0.41  6.025832248712192e-5 
0.42  9.989003534978075e-6 
0.43  -1.0644782909108791e-5 
0.44  3.0811360751267116e-6 
0.45  -3.5692338746479416e-6 
0.46  -3.372866566696061e-5 
0.47  0.0008952355087771381 
0.48  -1.1656587571135254e-5 
0.49  -0.0003064925077807449 
0.5  -0.00019360092729407444 
0.51  -0.00015411140684121769 
0.52  0.0009192875393952792 
0.53  0.005033525315342604 
