#mmax= 5
#m-states: all states (FBR)
#Nr. of sites: 50
 
0.0  7.673937874756272e-26 
0.1  2.473521776667694 
0.2  5.0997630541953045 
0.3  8.10154685593079 
0.4  11.950652423280047 
0.41  12.422565510783128 
0.42  12.919305989882961 
0.43  13.445214686620334 
0.44  14.005428964123663 
0.45  14.607289992957421 
0.46  15.260832560094547 
0.47  15.978047485414951 
0.48  16.76693584718705 
0.49  17.612670997000375 
0.5  18.455252983929327 
0.51  19.221906161170644 
0.52  19.890998607305796 
0.53  20.475599884817992 
