#mmax= 5
#m-states: all states (FBR)
#Nr. of sites: 50
 
0.0  1.2446039457572856e-60 
0.1  -1.2099054222077195 
0.2  -2.3258397657695586 
0.3  -3.2341362780333758 
0.4  -3.759584981575069 
0.41  -3.7793002807123908 
0.42  -3.7907748132139876 
0.43  -3.793049935723339 
0.44  -3.784908559639263 
0.45  -3.76472834232087 
0.46  -3.730309929365604 
0.47  -3.6789454646902824 
0.48  -3.6084520631472596 
0.49  -3.520751408595953 
0.5  -3.426651462038234 
0.51  -3.340504311920205 
0.52  -3.267673524920962 
0.53  -3.2067813155877816 
