#mmax= 10
#m-states: all states (FBR)
#Nr. of sites: 26
 
0.0  13.000000000000007 0.01923076923076905 
0.1  11.79991761015712 0.015724121579490324 
0.2  10.714729886419464 0.012639158664530248 
0.3  9.743577702400298 0.01002518600150426 
0.4  8.883448053228804 0.008054203962262863 
0.41  8.802503439366717 0.007903407079597247 
0.42  8.722212236986941 0.007766770784618848 
0.43  8.64246876307218 0.0076375613299319856 
0.44  8.563321865938137 0.007521515426733405 
0.45  8.484519282224914 0.007422986018218669 
0.46  8.406097017367166 0.007337811376798342 
0.47  8.328032091603 0.007277283605270468 
0.48  8.250325416658441 0.007236683540645883 
0.49  8.17319411929451 0.007216904573295713 
0.5  8.097159200251054 0.007212961738865431 
0.51  8.022798487983438 0.007226447930416602 
0.52  7.9509324327024755 0.007249843308945514 
0.53  7.882082222799234 0.0072762964995255475 
0.54  7.81629650849385 0.007301728482682512 
0.55  7.7537141441584945 0.007321834882649925 
0.56  7.69398341942634 0.007336363784918198 
0.57  7.636848389903788 0.007345274348375841 
0.58  7.581920320455337 0.007349949355538787 
0.59  7.529043446666719 0.007350684112117478 
0.6  7.477984294301169 0.007348388353909718 
0.7  7.03957580921107 0.007253835781739326 
0.8  6.688978493215825 0.007116113612506636 
0.9  6.395348449865645 0.00697749735822395 
1.0  6.142615132056434 0.006844369850841581 
1.1  5.921052106414726 0.006717056741655458 
1.2  5.7241089733818455 0.006592005386857891 
1.3  5.54722473198891 0.006472799376931904 
1.4  5.386993362833219 0.00636054642202355 
1.5  5.2408314655587995 0.006254229598374961 
1.6  5.106681156467197 0.006152566013683081 
1.7  4.982921189494531 0.006056329300001884 
1.8  4.868235135627096 0.005964954830066871 
1.9  4.76154180880888 0.005879092744841774 
2.0  4.661921273924334 0.005797605664520367 
2.1  4.568611281640753 0.005719157460079449 
2.2  4.480940966807066 0.005644186950484742 
2.3  4.398371443385572 0.005572518366825152 
2.4  4.320404253672942 0.0055038549521512214 
2.5  4.246619598164702 0.005438121112360195 
2.6  4.1766635276423685 0.005375084345479286 
2.7  4.11018053369799 0.005314097826591757 
2.8  4.046907531479153 0.005255440931756561 
2.9  3.9865946883921795 0.0051989275077869435 
3.0  3.928998876508963 0.005144318350913446 
3.1  3.8739271034091582 0.005091573069596511 
3.2  3.8212033889650217 0.005040886471506689 
3.3  3.7706523329646684 0.004991549021140851 
3.4  3.722133370479471 0.0049420906670681886 
3.5  3.675506993393247 0.004896677250445847 
3.6  3.6306825230256394 0.004851210684916896 
3.7  3.587488487996502 0.004808427598918974 
3.8  3.545858012699565 0.004765460674411415 
3.9  3.5057000645315544 0.004724444163077379 
4.0  3.4669144602245465 0.004685262803476031 
4.1  3.429438998590874 0.004647165266661979 
4.2  3.3931885716876757 0.004608722287067102 
4.3  3.3581122859163983 0.004572063124145043 
4.4  3.3241309891053366 0.004536626435443503 
4.5  3.291199075854728 0.004501709762407935 
4.6  3.2592566927343487 0.004467619239014953 
4.7  3.2282599761472457 0.004434416473076297 
4.8  3.198155612318215 0.00440268101453567 
4.9  3.168905178865829 0.00437101964726716 
5.0  3.140470441763518 0.004340032691769635 
