#mmax= 10
#m-states: all states (FBR)
#Nr. of sites: 26
 
0.0  13.000000000000018 0.01923076923076872 
0.1  15.996999634520455 0.028190293224894303 
0.2  20.65034537062486 0.043085500928102816 
0.3  29.153634507619188 0.0733858009022319 
0.4  51.0189624516642 0.16503069929683356 
0.41  55.29911593598401 0.18373785482683802 
0.42  60.33185879888006 0.20563977538878386 
0.43  66.28301735988862 0.23091358641348636 
0.44  73.42896423003721 0.26016420063937806 
0.45  82.08226073630384 0.2936560065423256 
0.46  92.51672015907285 0.3309429169147322 
0.47  105.0165287395915 0.3712390589109723 
0.48  119.77133829155024 0.4130498705795259 
0.49  136.71701221819342 0.4543576817496534 
0.5  155.19794894411535 0.49242576997749143 
0.51  174.49473223490807 0.5257942809413496 
0.52  193.40847887082845 0.5531921457009832 
0.53  210.99147306676699 0.5746275649320811 
0.54  226.92073092699266 0.5911397706613402 
0.55  240.84184696501165 0.6034508173445249 
0.56  252.99987047812112 0.6127192519758182 
0.57  263.61474747262383 0.6197425908656384 
0.58  273.026564230714 0.6252115686886299 
0.59  281.40546126302513 0.6295110612792436 
0.6  288.94864829716676 0.6329630604494643 
0.7  339.91505892197006 0.6486604595859227 
0.8  370.7233126591873 0.654096244143333 
0.9  392.7755166069211 0.6569057209926561 
1.0  409.89867411971323 0.6586429605635609 
1.1  423.84728765506384 0.6598336045240929 
1.2  435.5845880822375 0.6607066132707611 
1.3  445.68507644435863 0.6613770991916974 
1.4  454.5266246427348 0.661910050981313 
1.5  462.36612544146004 0.662344655020688 
1.6  469.39241237971044 0.6627065288626365 
1.7  475.74409828652415 0.6630128455697719 
1.8  481.52621277443035 0.6632755563212358 
1.9  486.82180309445494 0.6635034652760243 
2.0  491.69796498082496 0.6637031211240795 
2.1  496.2070197623702 0.6638793923747321 
2.2  500.3982737526505 0.6640364101327008 
2.3  504.3029482615258 0.6641769080710953 
2.4  507.9558297687561 0.6643035037577066 
2.5  511.38343126372354 0.6644181773681531 
2.6  514.6062951039023 0.6645224324965455 
2.7  517.646694172608 0.6646177193570155 
2.8  520.519869307667 0.6647050834781867 
2.9  523.240321863846 0.664785449358568 
3.0  525.8224541511727 0.664859668246239 
3.1  528.2774722833495 0.6649284080207922 
3.2  530.614493267699 0.664992219979124 
3.3  532.8438348725829 0.6650516305854595 
3.4  534.972751811056 0.6651070505906623 
3.5  537.0092505763615 0.6651589014914803 
3.6  538.9571496473174 0.6652074074380669 
3.7  540.8271956636888 0.6652530424337506 
3.8  542.6226618371919 0.6652959823230322 
3.9  544.3475563325302 0.6653364344790961 
4.0  546.0074268547299 0.665374639854486 
4.1  547.605700193662 0.6654107590488583 
4.2  549.146404808823 0.6654449644995551 
4.3  550.6327271069089 0.6654773989015541 
4.4  552.0678570133091 0.6655081962595861 
4.5  553.4543938809749 0.6655374671873155 
4.6  554.7956023634622 0.6655653393644138 
4.7  556.093189055355 0.6655918883454712 
4.8  557.3499427163194 0.6656172191260479 
4.9  558.568148696574 0.665641417295554 
5.0  559.7492991885233 0.6656645439383166 
