#mmax= 10
#m-states: all states (FBR)
#Nr. of sites: 26
 
0.0  5.706034361366331e-30 
0.1  0.025771167754779247 
0.2  0.056460839822916664 
0.3  0.09868714525860042 
0.4  0.1646863960942678 
0.41  0.17351739590965548 
0.42  0.1829392467128102 
0.43  0.19299943883590373 
0.44  0.20379427803730502 
0.45  0.21541783856268937 
0.46  0.22793568075776185 
0.47  0.2414125287360968 
0.48  0.25584784118877407 
0.49  0.2711374171244976 
0.5  0.2869211931956568 
0.51  0.3028181867647432 
0.52  0.31826007648998433 
0.53  0.3327994572434988 
0.54  0.3462893650993994 
0.55  0.35857002485990497 
0.56  0.36976707034584344 
0.57  0.37999609568894627 
0.58  0.3894362098592813 
0.59  0.39817939355124415 
0.6  0.4063327141929047 
0.7  0.46806216027268144 
0.8  0.5102127652272549 
0.9  0.5421683972448719 
1.0  0.5678101861613275 
1.1  0.5891423588309723 
1.2  0.6073498207708782 
1.3  0.6231799869794875 
1.4  0.6371426512842554 
1.5  0.649596300115769 
1.6  0.6608090941788247 
1.7  0.6709825121980394 
1.8  0.6802720004965127 
1.9  0.6888016307448249 
2.0  0.6966724872926067 
2.1  0.7039645563425785 
2.2  0.7107528110037911 
2.3  0.7170861361483173 
2.4  0.7230181370155409 
2.5  0.728590038451475 
2.6  0.7338347146211653 
2.7  0.7387860397199877 
2.8  0.7434688465465282 
2.9  0.7479061947002389 
3.0  0.7521203417364414 
3.1  0.7561294128842277 
3.2  0.7599480982946869 
3.3  0.7635925646516634 
3.4  0.7670748200272308 
3.5  0.7704069579843223 
3.6  0.7735964851388379 
3.7  0.7766586673475956 
3.8  0.7795999284420015 
3.9  0.78242664745516 
4.0  0.7851473757848249 
4.1  0.7877681385896979 
4.2  0.7902951106243487 
4.3  0.792733791500767 
4.4  0.7950888246856546 
4.5  0.7973649032777775 
4.6  0.7995669491641689 
4.7  0.8016979557024697 
4.8  0.8037621481243508 
4.9  0.8057634951304458 
5.0  0.8077044295603951 
