#mmax= 10
#m-states: all states (FBR)
#Nr. of sites: 26
 
0.0 8.593475551963963e-28
0.1 -0.15663908239735233
0.2 -0.6315351987141105
0.3 -1.4422387271556965
0.4 -2.6301171205002647
0.41 -2.772695565314532
0.42 -2.920127824093065
0.43 -3.0726030749547673
0.44 -3.230334914660782
0.45 -3.3935673046491592
0.46 -3.5625716643449183
0.47 -3.7376432485618394
0.48 -3.9190876493240476
0.49 -4.107180597394027
0.5 -4.302115379559381
0.51 -4.503935829250816
0.52 -4.712496685492973
0.53 -4.927474642190148
0.54 -5.148425899614779
0.55 -5.374862779917806
0.56 -5.606313911884932
0.57 -5.842354831441391
0.58 -6.0826206687231945
0.59 -6.326798374230469
0.6 -6.574623857225734
0.7 -9.214718692173681
0.8 -12.074996446973504
0.9 -15.093909453591564
1.0 -18.236206361090815
1.1 -21.47898627410656
1.2 -24.80618211504732
1.3 -28.205896163112286
1.4 -31.668960757932126
1.5 -35.188097577873734
1.6 -38.75738979961805
1.7 -42.371930938356186
1.8 -46.02759601240032
1.9 -49.72086519172292
2.0 -53.44870673381725
2.1 -57.20848347145034
2.2 -60.9978825348534
2.3 -64.81486121784638
2.4 -68.65760412354015
2.5 -72.5244869333765
2.6 -76.41405344471721
2.7 -80.324989762101
2.8 -84.25610148172836
2.9 -88.20630383723251
3.0 -92.1746064129562
3.1 -96.16010160694752
3.2 -100.1619533775067
3.3 -104.1793978519004
3.4 -108.21172302595546
3.5 -112.25827146630294
3.6 -116.31843295956543
3.7 -120.39163996505002
3.8 -124.47736253508467
3.9 -128.5751070913443
4.0 -132.68441073797413
4.1 -136.8048397399865
4.2 -140.93598721806043
4.3 -145.07746978809448
4.4 -149.22892712574094
4.5 -153.39001909961016
4.6 -157.56042447444986
4.7 -161.73983964771904
4.8 -165.92797724286183
4.9 -170.1245646104897
5.0 -174.32934310911256
