#mmax= 10
#m-states: all states (FBR)
#Nr. of sites: 26
 
0.0  -0.0 
0.1  0.00634551785523201 
0.2  0.026701603077062225 
0.3  0.06678858083557289 
0.4  0.14963735814197932 
0.41  0.16338594241733295 
0.42  0.17909371207634622 
0.43  0.19723288068612738 
0.44  0.21856751121158371 
0.45  0.24409568725373954 
0.46  0.27488837304309466 
0.47  0.31220200853320607 
0.48  0.356997127373861 
0.49  0.40929601412735483 
0.5  0.4664155882750045 
0.51  0.5245858687373327 
0.52  0.5777837938568948 
0.53  0.6214266922188072 
0.54  0.6544804250354976 
0.55  0.6770018453740387 
0.56  0.6915567624052787 
0.57  0.7004402392272076 
0.58  0.7057122112157541 
0.59  0.7086354502837284 
0.6  0.7101466449366456 
0.7  0.7090230912772133 
0.8  0.7071871918879356 
0.9  0.706213228599004 
1.0  0.7056677043237461 
1.1  0.7052491654368722 
1.2  0.7049681266088577 
1.3  0.7047371365767674 
1.4  0.7045914834665125 
1.5  0.7044495881328134 
1.6  0.7043494367152074 
1.7  0.7042481761833504 
1.8  0.7041712558995952 
1.9  0.704103624595892 
2.0  0.7040335531801807 
2.1  0.7039756229294882 
2.2  0.7039180107759705 
2.3  0.703869425934484 
2.4  0.7038312785453484 
2.5  0.7037876620807283 
2.6  0.7037494620851609 
2.7  0.7037134931042273 
2.8  0.7036826505642865 
2.9  0.7036513403140862 
3.0  0.703622121874871 
3.1  0.7035941728910672 
3.2  0.7035679730988809 
3.3  0.7035434478418399 
3.4  0.7035199047842909 
3.5  0.703498340123706 
3.6  0.7034777115823794 
3.7  0.7034577048140473 
3.8  0.7034383780314764 
3.9  0.7034204919209013 
4.0  0.7034033436160998 
4.1  0.7033869867312663 
4.2  0.7033713748053556 
4.3  0.7033563329116115 
4.4  0.7033419802693329 
4.5  0.7033281803888312 
4.6  0.7033149271943987 
4.7  0.7033021777908572 
4.8  0.7032899375946651 
4.9  0.7032781442505565 
5.0  0.7032667052364896 
