#mmax= 10
#m-states: all states (FBR)
#Nr. of sites: 26
 
0.0  0.0 
0.1  0.022975197362751675 
0.2  0.07702608281185314 
0.3  0.1600493303754753 
0.4  0.2918400419240795 
0.41  0.3107438724072735 
0.42  0.3316120363479133 
0.43  0.35482533845544423 
0.44  0.3810649621192967 
0.45  0.41111113760177176 
0.46  0.4455025030181072 
0.47  0.48464162411510414 
0.48  0.5282587167253491 
0.49  0.5749129362777895 
0.5  0.6209971372563784 
0.51  0.6632392591449039 
0.52  0.697852806585797 
0.53  0.7232647455653279 
0.54  0.7404287248851605 
0.55  0.7505507531652263 
0.56  0.7558796957818275 
0.57  0.7580833476767675 
0.58  0.7584723334650234 
0.59  0.7577998527155136 
0.6  0.7565920734865211 
0.7  0.7442571691698445 
0.8  0.7384721987343292 
0.9  0.7354356760156097 
1.0  0.7336035559393492 
1.1  0.7323373870058393 
1.2  0.7314254088660497 
1.3  0.7307160048611786 
1.4  0.7301666934130935 
1.5  0.7297032103453268 
1.6  0.7293227403939736 
1.7  0.7289876204738401 
1.8  0.7287019819725847 
1.9  0.7284502075854795 
2.0  0.7282212190415075 
2.1  0.7280184369773091 
2.2  0.7278322262583333 
2.3  0.7276652783387509 
2.4  0.7275154398981238 
2.5  0.7273729724671657 
2.6  0.7272432709377035 
2.7  0.7271229206174202 
2.8  0.7270124088246097 
2.9  0.7269081775025266 
3.0  0.726810775197963 
3.1  0.7267192748816815 
3.2  0.7266328377842838 
3.3  0.726552023682589 
3.4  0.7264755212459336 
3.5  0.7264035625491255 
3.6  0.7263355743952312 
3.7  0.7262704294853585 
3.8  0.7262085271546332 
3.9  0.7261500218396761 
4.0  0.7260940536988317 
4.1  0.72604064090805 
4.2  0.7259896085008591 
4.3  0.7259407309118806 
4.4  0.725893937006636 
4.5  0.7258490069040421 
4.6  0.7258059268589572 
4.7  0.7257644888423 
4.8  0.7257246702579085 
4.9  0.7256863349233551 
5.0  0.7256493595807223 
