0.0  -0.0  0.0
0.1  0.006923918123316294  0.00026359078653094597
0.2  0.027887969025064106  0.0005317061402476215
0.3  0.0670176401323837  0.0008351702468365946
0.4  0.1490360653384362  0.001272364622700729
0.41  0.16431112364516803  0.001343363270449163
0.42  0.1791565354968875  0.0014119783129959724
0.43  0.19805014907644464  0.0015199950631260685
0.44  0.22055540526815112  0.001584532950311846
0.45  0.2406325531767452  0.0016663260095777256
0.46  0.27498465307969416  0.0018001588490044896
0.47  0.31270158516002655  0.0019350612515602592
0.48  0.35766744874740297  0.0020947263488336294
0.49  0.4118741600252921  0.0022951956894980705
0.5  0.46920754971489076  0.0024890944563749125
0.51  0.5310491591044604  0.0027032917100246797
0.52  0.5785466114845472  0.002858408525977819
0.53  0.6181634206787955  0.0029876635403652
0.54  0.6607068410500733  0.0031373694665248896
0.55  0.6750602023995645  0.003181774971100316
0.56  0.6922866730120761  0.003227097808678915
0.57  0.70503083700505  0.003276813837592597
0.58  0.7057033617411944  0.0032671365460819695
0.59  0.708685389146231  0.003288489574272596
0.6  0.7083306882048006  0.0032754804895983253
0.7  0.7087539731794951  0.0032638945316852434
0.8  0.7102326059058529  0.0032634228366224746
0.9  0.7053663156787467  0.0032444288355353954
1.0  0.704999134672285  0.0032385598313301608
1.1  0.7089195926537187  0.0032532294595149012
1.2  0.70417067919853  0.0032315787254385752
1.3  0.7045690679862722  0.0032323655160615937
1.4  0.705421136308975  0.0032358464369487854
1.5  0.7032960775313901  0.0032283278380405064
1.6  0.7088588742760515  0.0032474429272643913
1.7  0.7111439424205832  0.0032519466322311705
1.8  0.7042756479456266  0.003230141113458713
1.9  0.7026274381467807  0.003227259542803884
2.0  0.7029014105373279  0.003231454645131611
2.1  0.7030813137396391  0.0032275386625207174
2.2  0.7085282488470548  0.0032449979286530567
2.3  0.7041721341684914  0.003230971098802832
2.4  0.704829848349343  0.00323552468505625
2.5  0.6969515416756586  0.003214191216632508
2.6  0.70540580093763  0.0032373302952764323
2.7  0.7070726701623332  0.0032361674110257437
2.8  0.7065325336031638  0.003238218566362197
2.9  0.7093202714815836  0.0032479228125190745
3.0  0.701193703684742  0.003220794280249045
3.1  0.6948113952125476  0.003200803581185519
3.2  0.7052299044375209  0.003234214712606263
3.3  0.7070259152336322  0.003242072350100629
3.4  0.7020917145568684  0.0032249209193650537
3.5  0.7049833211084778  0.0032306886001267302
3.6  0.7032057821180172  0.0032270422380867663
3.7  0.7044668938349364  0.003228400194922044
3.8  0.7037601831999245  0.003228691196025312
3.9  0.7014847255712305  0.003222864596017507
4.0  0.696067415429363  0.003212922855142298
4.1  0.7076120314694251  0.003238782651161621
4.2  0.7002098443463507  0.0032197456988973146
4.3  0.7047338458679168  0.003227990695773665
4.4  0.7007356620686096  0.003218287014225171
4.5  0.7021645434479385  0.003225991312333206
4.6  0.7031858042749497  0.0032239287616065712
4.7  0.6991674864893634  0.0032118165981842987
4.8  0.7136023985463478  0.003254739530185133
4.9  0.6978673910214147  0.003207270555199355
5.0  0.7007456590942517  0.003224979816822907
0.0  -0.0  0.0
0.1  0.006156846439495794  0.000248480598353562
0.2  0.02713398957247961  0.0005244832623488426
0.3  0.06543561071456187  0.0009257755301151061
0.4  0.14999395538329896  0.0012756077599508143
0.41  0.16397086410590475  0.0013431085849192332
0.42  0.17979618818253332  0.0014100660516592508
0.43  0.19725478639262883  0.0014853140174678594
0.44  0.2188473619700563  0.0015772541580941265
0.45  0.24490751150049136  0.0016810391271655546
0.46  0.27258732499272137  0.0017963092177270326
0.47  0.3106667926579755  0.0019349743459493947
0.48  0.35750999113810417  0.002098836690203478
0.49  0.41028417079701807  0.002291404169802477
0.5  0.4626384017080434  0.0024724660353729333
0.51  0.5234608392725011  0.002675249414181851
0.52  0.5708389930193415  0.00284609891173222
0.53  0.6224725940687955  0.0030095064516065476
0.54  0.657686085721416  0.0031197871409953436
0.55  0.6761721713383815  0.0031848185363920964
0.56  0.6963442220797053  0.00323708392350637
0.57  0.7025888305383514  0.0032623532927500694
0.58  0.7148369499259655  0.0033063956614050767
0.59  0.7065529860142328  0.003275735581855873
0.6  0.703871796539686  0.003261989371021084
0.7  0.7109087419345972  0.0032636545689225037
0.8  0.7050892804771328  0.003244349752210511
0.9  0.7038744905364793  0.0032370617914300776
1.0  0.7067661758465035  0.00324782085883251
1.1  0.7054548903076076  0.003238510183822037
1.2  0.6937179250357337  0.003203780066292061
1.3  0.7104555344730021  0.0032515278894484703
1.4  0.6947140865600029  0.003201252866925541
1.5  0.7038263700129781  0.0032325065623268886
1.6  0.7005926671895188  0.0032265741400841165
1.7  0.7041354357723488  0.0032276748519091463
1.8  0.7039553766032207  0.0032296397080552332
1.9  0.7038980459243174  0.00322489084366896
2.0  0.7043126891500344  0.0032329755976644053
2.1  0.7014850782038848  0.003225833070333667
2.2  0.7022140426910339  0.003225005568791263
2.3  0.700676926102689  0.003223397917685554
2.4  0.7013852911830933  0.003226558741707748
2.5  0.7061563036805588  0.00323601550602823
2.6  0.707871890473468  0.0032421615308284644
2.7  0.6987674748496322  0.0032163510072629217
2.8  0.6966599839086494  0.0032053382445257628
2.9  0.7034968376596364  0.0032295090774417472
3.0  0.7078115045170434  0.0032431865978981467
3.1  0.6998814502148866  0.0032150723359475565
3.2  0.7025876986505982  0.003225647755437949
3.3  0.7050050912464491  0.0032347778481050253
3.4  0.7077266940256841  0.0032437073096028978
3.5  0.6998264163469249  0.003217973478207688
3.6  0.704903443108021  0.0032324981283072462
3.7  0.7018394049146983  0.0032200730904128018
3.8  0.7030340429543755  0.003223042369585438
3.9  0.6940188176860239  0.003203633578076417
4.0  0.7029791334069274  0.0032281643682859525
4.1  0.7077852070515835  0.003239247566137276
4.2  0.7103277970052203  0.0032506088857972193
4.3  0.7041003271408255  0.0032255509382107654
4.4  0.700425442455684  0.0032198583278449915
4.5  0.7013102726970849  0.003222349588686653
4.6  0.7040548605964659  0.003228455659447638
4.7  0.702852522975615  0.0032255752155403244
4.8  0.7114688772455674  0.003250347954975757
4.9  0.7040810750308542  0.003232067999162467
5.0  0.7063796358779776  0.0032313001908733435
