#mmax= 10
#m-states: all states (FBR)
#Nr. of sites: 26

0.0  0.0 0.0 0.0 NaN NaN 0.0 
0.1  0.00014 0.001685831612078218 0.28420282242822437 -0.00976425199131766 14.02224975449499 0.0 
0.2  0.00502 0.0033590863088953683 1.1283460830608312 -0.012642626553682555 3.3562980884753193 0.0 
0.3  0.006 0.005009020952532443 2.5090290902909023 0.01315420304813053 1.2795124463545013 0.0 
0.4  0.00486 0.006795515108824051 4.617902559425596 0.010846232711019269 0.6278693198968037 0.0 
0.41  0.00846 0.007009491822789734 4.913297561375615 -0.0034505665404493393 0.579967089584096 0.0 
0.42  -0.00028 0.007158694831120884 5.124691168511687 -0.004400943773230478 0.5653588667507576 0.0 
0.43  0.01002 0.007361571701979082 5.41927379233792 -0.0025827512091091097 0.49358782474958707 0.0 
0.44  0.00598 0.007564695277547301 5.722461464214644 0.003294635215443262 0.4779235763722798 0.0 
0.45  -0.0185 0.007777093437256835 6.048318233182333 -0.02226044776926941 0.4413281665499489 0.0 
0.46  0.00762 0.007989421610140289 6.383085766457665 -0.01939148402508895 0.3750183431578922 0.0 
0.47  -0.00078 0.008179893827100096 6.691066302263025 0.011096691627451938 0.3573112479623939 0.0 
0.48  0.00318 0.008438258761030569 7.120421091810916 0.003890110629092984 0.32351005943437405 0.0 
0.49  0.0016 0.008662928192202025 7.504632486324867 -0.0018144419962925896 0.3070005853074882 0.0 
0.5  0.00216 0.008895074174364461 7.912234456744562 -0.007393630267401289 0.2407077328265852 0.0 
0.51  0.01242 0.00910527794726031 8.290608649686494 0.004704136805204552 0.2150468635207088 0.0 
0.52  -0.01482 0.00929420612525217 8.638226749867497 -0.012882605821994214 0.2648969668254213 0.0 
0.53  -0.00374 0.009456995002195186 8.943475447154471 0.0023310284500801617 0.147459734244618 0.0 
0.54  -0.00364 0.009666561018688046 9.344240192801928 0.006104255859090495 0.20209206504323518 0.0 
0.55  -0.00628 0.009845962372757193 9.694297504575045 0.0028969240755546905 0.1549116026484212 0.0 
0.56  -0.00556 0.01001682056497681 10.033669423094231 -0.01100491880852859 0.1513632139696086 0.0 
0.57  0.01934 0.010128577665440258 10.258808552485524 -0.018740658192745476 0.1257139654163777 0.0 
0.58  -0.0141 0.01023864542791682 10.482986019860197 0.0019984457083932873 0.11227188242242381 0.0 
0.59  -0.00102 0.010412755343843363 10.842547385073852 0.006125676575492768 0.10731490019482726 0.0 
0.6  -0.00394 0.0105286919081875 11.085335329753297 -0.009075959042975033 0.08827220793869861 0.0 
0.7  -0.00358 0.011463855635686465 13.141998603586034 0.0060674743055276715 0.06896138669527474 0.0 
0.8  0.00752 0.012197447367101967 14.877772227322271 -0.0182646141871593 0.03813617319382212 0.0 
0.9  0.00997 0.0127522049927972 16.261873217832182 0.0023484152389703157 0.00577180596576321 0.0 
1.0  -0.0122 0.013258660170646776 17.579206952069523 0.0002172786643765737 0.030316038746782237 0.0 
1.1  0.01679 0.013656944976108707 18.651214608046082 -0.01350633800553923 0.019173988290219324 0.0 
1.2  -0.02465 0.014058107983615745 19.763040007900077 -0.002618960643914322 0.031620088107092936 0.0 
1.3  0.02034 0.014445931942713038 20.868494969349687 0.006260442155252509 0.02460818569339729 0.0 
1.4  0.03304 0.014861389308975185 22.086089219292194 -0.0030821408758218475 0.02024445902925409 0.0 
1.5  -0.00339 0.015056920408487315 22.671085218752182 0.0022562693575677918 0.025043226960030474 0.0 
1.6  -0.00503 0.015368877936111348 23.62024090150902 -0.007687182398026562 0.009831400223466069 0.0 
1.7  -0.00079 0.015676949685015713 24.57667514265142 -0.008146508761695885 -0.017013619348533737 0.0 
1.8  -0.00086 0.01599304693857627 25.57775503795038 -0.002613018555531526 0.011495874569822817 0.0 
1.9  0.00837 0.01626099762103901 26.442004363143635 -0.005256276597055734 0.015046033713209894 0.0 
2.0  0.00936 0.016488548833248674 27.187224262642616 -0.0017825758851088506 0.027171212815251256 0.0 
2.1  -0.02179 0.016672400296547478 27.796893164831644 -0.0008198863978060585 0.012820134676836847 0.0 
2.2  -0.03974 0.016894924140362897 28.543846170861706 0.013757658237113375 0.015534957207393507 0.0 
2.3  0.00791 0.017118294444220975 29.303600467904676 0.005889833647388984 -0.015220865169924824 0.0 
2.4  -0.01101 0.01734254581766917 30.076389543795443 -0.0018193965961844662 -0.0023494339233081085 0.0 
2.5  -0.019 0.017501572873617116 30.63050530505305 -0.008686992493925202 0.008869560724775738 0.0 
2.6  -0.00681 0.017771201264825738 31.5815594394944 0.0043935380803714645 -0.0058262378308633345 0.0 
2.7  -0.00143 0.017909932641075793 32.076568720787215 0.0019782221707395757 0.02657413151390342 0.0 
2.8  0.01351 0.018105682891195504 32.781575295652964 -0.004098788416468341 -0.019720840132225526 0.0 
2.9  0.01208 0.018290677576975167 33.45488862248622 0.007476479961475008 0.009705208375485608 0.0 
3.0  0.02269 0.018409642603494723 33.89149407884079 0.009677022385758587 0.011549100947839896 0.0 
3.1  0.03349 0.0186420588847529 34.75263594625945 -0.0007281256283078197 -0.001435798307474201 0.0 
3.2  -0.04536 0.018877965687008884 35.63775884798848 0.0019327896828573983 0.01603561854258384 0.0 
3.3  0.027 0.019044656389375206 36.26989369893698 0.0012761429545634388 0.022565588332783104 0.0 
3.4  -0.00593 0.01909876948865973 36.476299598095984 0.002620715103291717 0.012195488506654417 0.0 
3.5  -0.00471 0.01935874545959158 37.47610257692576 -0.0006454535885443752 0.024716505410018463 0.0 
3.6  0.00613 0.01947637331543466 37.93291175221752 0.0038995559819257676 -0.01747830328757516 0.0 
3.7  0.02883 0.019606005005235586 38.43954322653228 -0.0015989280237320841 -0.0025331060143072293 0.0 
3.8  0.03536 0.019801490289727615 39.2099017694177 0.00559339458571351 0.01063768582035829 0.0 
3.9  -0.03213 0.01999479368607602 39.979177454874545 -0.0051668556333477325 0.00012426401517462438 0.0 
4.0  -0.01203 0.019990844132489537 39.96338491294914 0.0030336556091213464 0.014144271965201405 0.0 
4.1  0.00018 0.02013566125371951 40.54448541245412 -0.004032105968132693 0.010017870621927827 0.0 
4.2  0.01488 0.020257524269487997 41.036728952889526 0.003578842748266249 0.012907508181299931 0.0 
4.3  -0.00229 0.020403269603009828 41.62934104931049 -0.0009571373768225217 -0.01376738189456983 0.0 
4.4  0.00176 0.020581297454777946 42.358980492204914 -0.0023144358494657483 0.010888619203727412 0.0 
4.5  0.01315 0.02072616864052942 42.957406651566515 -0.0008697134371762025 0.03454401813370245 0.0 
4.6  -0.01707 0.020753907906655412 43.07246933979341 -0.0017015285078317108 -0.00652845143574643 2.101607e-318 
4.7  -0.0015 0.02091801503808455 43.75633531335314 0.005598656603561794 -0.01376581344177108 4.85869923e-315 
4.8  -0.01824 0.021049301740319975 44.30731037550376 -0.0007204021677058495 -0.008444617842898072 0.0 
4.9  0.02956 0.021207874947848926 44.97739598035981 0.009563270948294974 0.038752261830183876 0.0 
5.0  0.00683 0.02122324522245309 45.04261377723778 -0.008435325055709802 0.017082654559793742 1.099113377319307e-309 
