#mmax= 10
#m-states: all states (FBR)
#Nr. of sites: 26
 
0.0  2.4160487892843607e-58 
0.1  0.002481016341965747 
0.2  0.009691396258939562 
0.3  0.020901731842868473 
0.4  0.034676775147305314 
0.41  0.036104244767250826 
0.42  0.037526103546808666 
0.43  0.03893711158226003 
0.44  0.040331271728096175 
0.45  0.04170197104342219 
0.46  0.04304093726672419 
0.47  0.04433896294047697 
0.48  0.04558636465701991 
0.49  0.04677402118155106 
0.5  0.047896015701846754 
0.51  0.04895191930707769 
0.52  0.049948501749331325 
0.53  0.050897297845819825 
0.54  0.05180883857449588 
0.55  0.05269418754062956 
0.56  0.05355899121795691 
0.57  0.054407074632007654 
0.58  0.0552393831261375 
0.59  0.056057368198047526 
0.6  0.05686143116786431 
0.7  0.06419875133202275 
0.8  0.0705361914405227 
0.9  0.07619290252527534 
1.0  0.08136294103548206 
1.1  0.08616700119077014 
1.2  0.09068312012037351 
1.3  0.0949654409271407 
1.4  0.09905230725734465 
1.5  0.10297224361120991 
1.6  0.10674706664624668 
1.7  0.11039335685450558 
1.8  0.1139250553795575 
1.9  0.11735330432653777 
2.0  0.12068725114743512 
2.1  0.12393581739138808 
2.2  0.1271020459311716 
2.3  0.13019682051657913 
2.4  0.13322202348969353 
2.5  0.1361822059382523 
2.6  0.13908264200162304 
2.7  0.14192652998059388 
2.8  0.14471717781762183 
2.9  0.14745779942765697 
3.0  0.15015063155796293 
3.1  0.15279756857482713 
3.2  0.15540200921066277 
3.3  0.15796527189212212 
3.4  0.16048892463903466 
3.5  0.1629765511687593 
3.6  0.1654294375422961 
3.7  0.1678477229769519 
3.8  0.17023146018375193 
3.9  0.1725849440770801 
4.0  0.17490857026143844 
4.1  0.1772024823978086 
4.2  0.1794683200228279 
4.3  0.18170559998919308 
4.4  0.18391828821510411 
4.5  0.1861054245657994 
4.6  0.18826770771760168 
4.7  0.19040711203272193 
4.8  0.19252460399678742 
4.9  0.19461863570275223 
5.0  0.196691377613933 
