#mmax= 10
#m-states: all states (FBR)
#Nr. of sites: 26
 
0.0  -1.2487664184777895e-14 
0.1  -9.662128894435507e-9 
0.2  5.210474877402648e-6 
0.3  4.55423661053885e-6 
0.4  -2.9519412766280035e-5 
0.41  -2.073516320359747e-5 
0.42  3.3257556816107383e-6 
0.43  4.332190524499009e-6 
0.44  -0.0001133524105565827 
0.45  -5.4916394260290506e-5 
0.46  -0.0005135105639505036 
0.47  -2.955905711183488e-5 
0.48  -0.0002249171569138041 
0.49  -1.0500989363734624e-5 
0.5  -0.0017437949277307482 
0.51  -0.0014243883722459267 
0.52  -0.001500567474320129 
0.53  -0.002769866958071632 
0.54  -0.004348990238269472 
0.55  -0.004277117485379277 
0.56  -0.00410806601768745 
0.57  -0.005573096025475246 
0.58  -0.005724488120645375 
0.59  -0.005741786126016852 
0.6  -0.006145735889229621 
0.7  0.004846257929434115 
0.8  -0.09326171909233509 
0.9  -0.1690662024749144 
1.0  -0.16205486856510212 
1.1  -0.2149782873014315 
1.2  -0.22638748920004892 
1.3  -0.24837257565075044 
1.4  -0.228788608160794 
1.5  -0.23288003458674067 
1.6  -0.2162422440727125 
1.7  -0.2172283305781653 
1.8  -0.20536393053805602 
1.9  -0.19365381102331336 
2.0  -0.1951190489541195 
2.1  -0.19017176203466357 
2.2  -0.1922067202890346 
2.3  -0.18930955510020486 
2.4  -0.17758688468081063 
2.5  -0.17842283328267447 
2.6  -0.1765084202872054 
2.7  -0.17557858091858963 
2.8  -0.1708062351583865 
2.9  -0.1701863892671438 
3.0  -0.1694997236132659 
3.1  -0.1697617198418122 
3.2  -0.16967102154332628 
3.3  -0.16956838458988013 
3.4  -0.1700636647102378 
3.5  -0.16944148752221883 
3.6  -0.16933613840874256 
3.7  -0.16962723064988003 
3.8  -0.17050689500310043 
3.9  -0.17064097462244002 
4.0  -0.1708127005860904 
4.1  -0.17094236199353224 
4.2  -0.17104431003091794 
4.3  -0.1712872842011156 
4.4  -0.17144388420630077 
4.5  -0.17158126137859087 
4.6  -0.17180751820823442 
4.7  -0.171970466203498 
4.8  -0.17212290655304718 
4.9  -0.17228861037035878 
5.0  -0.17255658680802785 
