#mmax= 10
#m-states: all states (FBR)
#Nr. of sites: 26

0.0  -0.0  0.0
0.1  -0.0  6.654114007899522e-19
0.2  -0.0  5.411302368760687e-19
0.3  -0.0  2.0559023190838493e-19
0.4  9.000405001687812e-5  3.000150002362633e-5
0.41  0.00012000720054952332  3.464326800851201e-5
0.42  0.00011000605043232122  3.316823803584167e-5
0.43  0.00022002420327729732  4.690955239725854e-5
0.44  0.00028003920567700385  5.292270018487553e-5
0.45  0.0004901200874622889  7.001750614090052e-5
0.46  0.0004300924742980759  6.558881589160677e-5
0.47  0.0006101861073847661  7.812671721380768e-5
0.48  0.0008403529751705855  9.169048779813146e-5
0.49  0.001130638800556764  0.00010636208889891179
0.5  0.0013909660529668102  0.00011798080013299829
0.51  0.0017014440159149968  0.00013049546712351324
0.52  0.0022124437156493255  0.00014882584391990775
0.53  0.0024229276040432686  0.00015575250183131985
0.54  0.003225188640325102  0.00017973371205165162
0.55  0.0033455238853692237  0.00018305992176447335
0.56  0.003967718765206374  0.0001993865277764071
0.57  0.004228889919852258  0.0002058603193176101
0.58  0.004771268504314065  0.00021869203314851197
0.59  0.005351716171471046  0.0002316059517079316
0.6  0.005867078101429114  0.00024257537491041464
0.7  0.010867016172176011  0.0003305230704536594
0.8  0.016721020835213127  0.0004105343857598314
0.9  0.02201292734699643  0.00047868402948168814
1.0  0.0277248797670968  0.000529781495125078
1.1  0.03341977370380644  0.0005823129897386483
1.2  0.038064727946536876  0.0006243678307932006
1.3  0.04308129889311308  0.0006700250677646901
1.4  0.05010975506302598  0.0007153093221509228
1.5  0.05425161170409806  0.0007444419070694952
1.6  0.05972235471146797  0.0007892332819017324
1.7  0.0632130623864326  0.0008132610676211731
1.8  0.06983279622417599  0.0008534820331001628
1.9  0.07470285758415114  0.0008879831550027148
2.0  0.07822628551341118  0.000896277940702116
2.1  0.0807219326575081  0.0009201788061532735
2.2  0.08419193603448341  0.00094171538226522
2.3  0.08793662102567144  0.000963264263073046
2.4  0.09193698804141938  0.0009899243004174547
2.5  0.09476411326968952  0.0010177698573719744
2.6  0.0999843994231806  0.001059481080436739
2.7  0.10319790214035561  0.0010614233382931974
2.8  0.10448004374095604  0.0010692354491533237
2.9  0.10833941038544313  0.0011002332129058834
3.0  0.11096662967607795  0.0011087228206303026
3.1  0.11465031901605754  0.0011316609183515385
3.2  0.1165470589997116  0.0011594114029432894
3.3  0.12071077111118925  0.0011759086323911308
3.4  0.12107883794504677  0.0011754995741492206
3.5  0.12315675252665557  0.0012087944187628155
3.6  0.1279925876297632  0.0012096838031310146
3.7  0.12908293898853251  0.0012373854722005702
3.8  0.13196739065757268  0.0012315408621581345
3.9  0.1344667238698879  0.001257833299392781
4.0  0.13282118869171694  0.0012392570190126466
4.1  0.1375065770939086  0.0013206667312006422
4.2  0.1360364664508527  0.0013063047176626239
4.3  0.1393284573691892  0.0013013702808147688
4.4  0.14153276506500764  0.0013106079655086178
4.5  0.14221728648105858  0.0013144524678395904
4.6  0.1428202713838725  0.001338835604781588
4.7  0.1449847593564956  0.0013526690713917021
4.8  0.1454555922789615  0.0013556832300726967
4.9  0.14900877820781155  0.0013660152910058712
5.0  0.1491482522338303  0.0013647985481829957
