#mmax= 10
#m-states: all states (FBR)
#Nr. of sites: 26

0.0  1.0  0.0
0.1  1.0  6.654114007899522e-19
0.2  1.0  5.411302368760687e-19
0.3  1.0  2.0559023190838493e-19
0.4  0.9999100000002261  2.9998799888630988e-5
0.41  0.9998800000000265  3.463911081635191e-5
0.42  0.9998900000000114  3.3164589529658105e-5
0.43  0.9997800000002726  4.6899232295743926e-5
0.44  0.9997200000016414  5.2907881828910633e-5
0.45  0.9995100000017676  6.998319756301523e-5
0.46  0.9995700000022119  6.556061270091845e-5
0.47  0.999390000018299  7.807905991773689e-5
0.48  0.999160000022503  9.161346779044435e-5
0.49  0.9988700001306691  0.00010624189975235425
0.5  0.9986100008919323  0.0001178168069260443
0.51  0.998300002619382  0.00013027362517122076
0.52  0.9977900019339949  0.00014849693909267317
0.53  0.9975800053158149  0.00015537558160483953
0.54  0.9967800066937461  0.00017915497070193712
0.55  0.996660066144068  0.00018244851373410792
0.56  0.9960401422307165  0.0001985969854853012
0.57  0.9957800392438736  0.00020499159684884613
0.58  0.9952400959158386  0.0002176510800467548
0.59  0.9946625787493639  0.0002303697731795119
0.6  0.9941500995905895  0.00024115633312541331
0.7  0.989191816543193  0.0003269507164714891
0.8  0.9834179995012016  0.00040372690437038796
0.9  0.9782275890819853  0.0004682619240919217
1.0  0.972655927319162  0.0005152951114174148
1.1  0.9671324975773378  0.0005631738161376656
1.2  0.9626506284761303  0.0006010480847133527
1.3  0.9578335160968945  0.0006417724665301131
1.4  0.9511250279844037  0.0006803485990483013
1.5  0.9471937514826779  0.0007051307227180743
1.6  0.9420260463721217  0.0007434783082151832
1.7  0.9387434414623322  0.0007634434934260305
1.8  0.9325497327074328  0.0007959144418381532
1.9  0.9280191992303388  0.0008240654164356492
2.0  0.9247551441730691  0.0008288376362731269
2.1  0.922450159049631  0.0008488190860901867
2.2  0.9192548010404331  0.0008656763863609302
2.3  0.9158189185477188  0.0008821756356832223
2.4  0.9121626248877927  0.0009029719483089973
2.5  0.9095874687782797  0.0009257507083658048
2.6  0.904851534131718  0.0009586730810167134
2.7  0.9019484582874441  0.0009573491435638617
2.8  0.9007927736814495  0.000963159565961353
2.9  0.8973229839991816  0.0009872645496997142
3.0  0.894968613823271  0.000992272125893729
3.1  0.891677892200134  0.0010090770223609678
3.2  0.889988214036093  0.001031862483838579
3.3  0.8862902632738849  0.0010421963713879692
3.4  0.8859641092497246  0.0010414504331345447
3.5  0.8841250628606951  0.0010687254414743317
3.6  0.8798599009678152  0.0010643522712252245
3.7  0.8789010673570272  0.0010875394122491604
3.8  0.876369572448907  0.0010792849388228827
3.9  0.874181967785488  0.0010995751888092941
4.0  0.875621649163916  0.0010851202747258122
4.1  0.8715286178527438  0.0011509988508873969
4.2  0.8728108035961064  0.0011401568703644997
4.3  0.8699422425862366  0.0011321169805270806
4.4  0.8680267341665785  0.0011376427520731493
4.5  0.8674327545963983  0.0011401991249641297
4.6  0.8669098634047608  0.0011606497912626367
4.7  0.865035476707597  0.0011701067349989436
4.8  0.8646282853931226  0.0011721620667539659
4.9  0.8615615518994185  0.0011769062540373542
5.0  0.8614413948207027  0.00117569396499603
