#mmax= 10
#m-states: all states (FBR)
#Nr. of sites: 26
 
0.0  1.4265085903415828e-28 
0.1  1.2616445383297146 
0.2  2.5987824691610184 
0.3  4.1200019799704934 
0.4  6.04589799994177 
0.41  6.27840170237856 
0.42  6.521801334763629 
0.43  6.777041992565421 
0.44  7.046043446990866 
0.45  7.330687095092669 
0.46  7.6322182503220075 
0.47  7.951844833138503 
0.48  8.289389763942316 
0.49  8.642493011949309 
0.5  9.00345521374661 
0.51  9.364275888895085 
0.52  9.713146331163141 
0.53  10.040942151003149 
0.54  10.344895440282603 
0.55  10.621960529284902 
0.56  10.87502038791138 
0.57  11.106687443841034 
0.58  11.320847726217144 
0.59  11.519537004901403 
0.6  11.705083228446435 
0.7  13.113589968707602 
0.8  14.074906472993401 
0.9  14.80198345028336 
1.0  15.38394350162763 
1.1  15.867006604121913 
1.2  16.27848120444466 
1.3  16.63561233268233 
1.4  16.95013558918248 
1.5  17.230301603036885 
1.6  17.482256923771335 
1.7  17.710618629179415 
1.8  17.91894789051775 
1.9  18.11008082710093 
2.0  18.286319986749834 
2.1  18.449501803620716 
2.2  18.601285631530207 
2.3  18.74284174922053 
2.4  18.875349564013096 
2.5  18.999745413652875 
2.6  19.116789179599674 
2.7  19.227234435443858 
2.8  19.33165031505364 
2.9  19.430560310282047 
3.0  19.52445990103935 
3.1  19.613756031021914 
3.2  19.69879150767574 
3.3  19.779920136943968 
3.4  19.857415419237007 
3.5  19.931555233619516 
3.6  20.00251685354093 
3.7  20.07061947816401 
3.8  20.1360099089503 
3.9  20.198847063122567 
4.0  20.25931554153108 
4.1  20.31754851785532 
4.2  20.373686193068355 
4.3  20.427847258884164 
4.4  20.48014675238943 
4.5  20.530683698838853 
4.6  20.5795662170101 
4.7  20.626867996676815 
4.8  20.672682441150975 
4.9  20.717090077874566 
5.0  20.760152135839878 
