#mmax= 10
#m-states: all states (FBR)
#Nr. of sites: 26
 
0.0  0.0 
0.1  -0.6173653444602334 
0.2  -1.1872614735881017 
0.3  -1.652823348505483 
0.4  -1.9287380975850748 
0.41  -1.9404668046371734 
0.42  -1.9483201669433743 
0.43  -1.9520560216678273 
0.44  -1.951186496058241 
0.45  -1.9452411310254347 
0.46  -1.9338262313779615 
0.47  -1.916531614736083 
0.48  -1.8931937342229637 
0.49  -1.8640575838368685 
0.5  -1.8304253838551916 
0.51  -1.7938212197765047 
0.52  -1.756644418913534 
0.53  -1.7209557199156795 
0.54  -1.6876613127976177 
0.55  -1.6577099077872766 
0.56  -1.6308436292652941 
0.57  -1.6067850516173767 
0.58  -1.5849424797351117 
0.59  -1.5650521661203 
0.6  -1.546765373623819 
0.7  -1.412035961890566 
0.8  -1.3195873423120283 
0.9  -1.247773519161564 
1.0  -1.188688847594441 
1.1  -1.1384476333476063 
1.2  -1.0947356851727057 
1.3  -1.0561126581951434 
1.4  -1.0215693070760947 
1.5  -0.9903941001426613 
1.6  -0.9620295693007171 
1.7  -0.936055824228429 
1.8  -0.9121478781049321 
1.9  -0.890040058480307 
2.0  -0.8695078044346679 
2.1  -0.8503878950562547 
2.2  -0.832465356435431 
2.3  -0.8156883455125994 
2.4  -0.7998961386245739 
2.5  -0.7849944523660006 
2.6  -0.7709213140705415 
2.7  -0.7575834424441655 
2.8  -0.7449291513904346 
2.9  -0.7329054427760757 
3.0  -0.7214513576283137 
3.1  -0.7105207089162198 
3.2  -0.700089050308567 
3.3  -0.6901060206523837 
3.4  -0.6805449185562357 
3.5  -0.6713812840114574 
3.6  -0.6626047250699793 
3.7  -0.6541527944741184 
3.8  -0.6460116979002586 
3.9  -0.6381808767435697 
4.0  -0.630631146910461 
4.1  -0.6233450531128762 
4.2  -0.6163084274596397 
4.3  -0.6095024713649901 
4.4  -0.6029261352480663 
4.5  -0.5965611168944152 
4.6  -0.5903924879058786 
4.7  -0.584419104115069 
4.8  -0.5786287380422048 
4.9  -0.5730026996134212 
5.0  -0.5675413968299978 
