#mmax= 10
#m-states: all states (FBR)
#Nr. of sites: 13
 
0.0  6.500000000000018 0.038461538461539546 
0.1  7.926494161980544 0.05559794482009206 
0.2  10.083579772209347 0.08341682220044744 
0.3  13.802208824782452 0.1359165241728707 
0.4  21.65058668031887 0.25007519391411026 
0.41  22.88563930043202 0.26678596638635366 
0.42  24.244349882223833 0.28457489871353925 
0.43  25.734087737207144 0.30335533762679867 
0.44  27.362970060962212 0.32297403665522395 
0.45  29.142309067056043 0.3433302835547386 
0.46  31.075822052348578 0.3641988383069521 
0.47  33.16889044844667 0.38538679432838596 
0.48  35.420048368093916 0.4066510843991442 
0.49  37.823322870670964 0.42770366354086176 
0.5  40.34745330113906 0.4481349328603209 
0.51  42.98752781203767 0.46782787348684984 
0.52  45.70064407839205 0.48642333834147 
0.53  48.456468603713425 0.5037660467433035 
0.54  51.214765542210415 0.5197015089884726 
0.55  53.936845446737834 0.5341500417760927 
0.56  56.5993186650273 0.547161599154801 
0.57  59.15918485182379 0.5586912692172679 
0.58  61.609830701902766 0.5688947631121886 
0.59  63.92420438899799 0.5778216955841128 
0.6  66.10527987415828 0.5856349865468531 
0.7  81.43229723415334 0.6259293543589575 
0.8  90.09657504460878 0.6392517979907746 
0.9  96.0361779705114 0.6456660123813307 
1.0  100.56587081934343 0.6495172239943832 
1.1  104.21858999340391 0.6521182337938547 
1.2  107.27297656079719 0.654008857478839 
1.3  109.88896279842189 0.6554513309913459 
1.4  112.17135711267625 0.656592440491655 
1.5  114.18871637392404 0.6575186994960212 
1.6  115.99375263599524 0.6582879450203274 
1.7  117.62268859562053 0.6589373511836445 
1.8  119.10421968821032 0.659493587509182 
1.9  120.46021387505634 0.659975509001132 
2.0  121.70760433496822 0.66039707752046 
2.1  122.86136371181256 0.6607693370441854 
2.2  123.93176010235487 0.6611000506956058 
2.3  124.93097433467035 0.6613967347476335 
2.4  125.86461069198964 0.6616636120635934 
2.5  126.73967065955766 0.6619049680279556 
2.6  127.56355507511358 0.6621247986517892 
2.7  128.34002489251867 0.6623254565262304 
2.8  129.07440295625017 0.6625096385069652 
2.9  129.76975968899586 0.6626790789426595 
3.0  130.42949677241617 0.6628354842534114 
3.1  131.0570426346069 0.6629804294471915 
3.2  131.65448842886883 0.6631149892706707 
3.3  132.22441433084205 0.6632402998677751 
3.4  132.76867579059711 0.6633572055401304 
3.5  133.28940354498525 0.663466619122772 
3.6  133.78801167591993 0.6635691277901363 
3.7  134.26626639290723 0.6636654530703261 
3.8  134.7253926701959 0.6637560822844919 
3.9  135.1666848821107 0.663841521376461 
4.0  135.5912581941605 0.663922194672249 
4.1  136.00017246766356 0.6639984924749085 
4.2  136.3943404280559 0.6640707656668271 
4.3  136.77453305125312 0.6641392657814882 
4.4  137.14174790533883 0.6642043446944872 
4.5  137.49662265358344 0.6642662282251719 
4.6  137.8398589203248 0.6643251400475996 
4.7  138.1720166415804 0.6643812943403298 
4.8  138.4937564417389 0.6644348762099368 
4.9  138.80560855283377 0.664486046732967 
5.0  139.10729168063455 0.6645348186758264 
