#mmax= 10
#m-states: all states (FBR)
#Nr. of sites: 13
 
0.0  6.500000000000004 0.0384615384615381 
0.1  5.922194102024333 0.03172875954423904 
0.2  5.397160066196033 0.02581948854609184 
0.3  4.925197654823334 0.020826841877971902 
0.4  4.507387527662955 0.017048094373431133 
0.41  4.468250178400428 0.016754091130774196 
0.42  4.429559303002597 0.0164798919959247 
0.43  4.391295882952069 0.016225842747165764 
0.44  4.353465771337415 0.015992596533792813 
0.45  4.316039320374068 0.015775556675494795 
0.46  4.279033572846575 0.015576661387678437 
0.47  4.242451729837969 0.015387399942802249 
0.48  4.20637908405398 0.015260561372426484 
0.49  4.170733803769461 0.015128157367571227 
0.5  4.135693106514667 0.01503707572990931 
0.51  4.101214175229639 0.014970194649533863 
0.52  4.067412596589991 0.014924895485388667 
0.53  4.034332725199176 0.014899168584995626 
0.54  4.002046298029423 0.014890366119405862 
0.55  3.970612898819214 0.014894967768873113 
0.56  3.9400517420002865 0.01491030517326708 
0.57  3.9104234154138267 0.014932085800362649 
0.58  3.8817054220056875 0.014957550841209977 
0.59  3.8538982356406084 0.01498563475246295 
0.6  3.827000621455314 0.01501196169428487 
0.7  3.598613500545501 0.01509443451676562 
0.8  3.41957910858859 0.014927875880915598 
0.9  3.27055963229892 0.01469637435827198 
1.0  3.142544628942293 0.014455936473745434 
1.1  3.0304282580964754 0.01422296867198769 
1.2  2.9308035511425814 0.013990372830977815 
1.3  2.8413300086170543 0.013766286944909223 
1.4  2.760252750305682 0.013552483778031865 
1.5  2.686293399972743 0.013353361324973445 
1.6  2.618381305615689 0.013156204413889316 
1.7  2.5557046965453476 0.012968233616466707 
1.8  2.4975969230279564 0.012793016816878167 
1.9  2.443500898085115 0.01262315015201776 
2.0  2.392980855087266 0.012461228631888144 
2.1  2.345628874678722 0.012305478752162924 
2.2  2.3011394291417164 0.012156349945898426 
2.3  2.2591904729732146 0.01201274969008892 
2.4  2.219576986974155 0.01187489375155193 
2.5  2.182085738141801 0.011742531084089625 
2.6  2.1465085639072714 0.011615082350786787 
2.7  2.1127022488641103 0.011491864430464682 
2.8  2.0805012732985313 0.011372815724850827 
2.9  2.0497967890343394 0.011257690209229065 
3.0  2.020477150047395 0.01114672826635954 
3.1  1.9924235352706259 0.011038650249989956 
3.2  1.9655590870046864 0.010931167711345058 
3.3  1.9397930111983503 0.010829964025142913 
3.4  1.9150572179750365 0.010728463976343083 
3.5  1.8912812653456708 0.010636549716518395 
3.6  1.8684058021579801 0.01054066960887301 
3.7  1.846371531616865 0.010451019923647942 
3.8  1.8251245324926788 0.010363533957870485 
3.9  1.8046247786136418 0.010278456978186412 
4.0  1.7848261375914902 0.010195632717501901 
4.1  1.7656882822065147 0.01011508127265437 
4.2  1.7471804009416416 0.010041751760942241 
4.3  1.7292595948372584 0.009964930814545081 
4.4  1.7118977268597144 0.009890096365363643 
4.5  1.695067638051868 0.00981728574587959 
4.6  1.6787390670344406 0.009743334876079035 
4.7  1.66289556842843 0.009679123097990572 
4.8  1.647505891661368 0.009613783152244593 
4.9  1.6325448977030517 0.009541878074687205 
5.0  1.6180095856486305 0.009482626012579654 
