#mmax= 10
#m-states: all states (FBR)
#Nr. of sites: 13
 
0.0  -4.533230021310209e-24 
0.1  0.025734677652452048 
0.2  0.056128192280981544 
0.3  0.09725424496814468 
0.4  0.15923324667054942 
0.41  0.16720069125905349 
0.42  0.17558914808849627 
0.43  0.18441061004229645 
0.44  0.19367600768649615 
0.45  0.20340453147981233 
0.46  0.21359496099766895 
0.47  0.22425125908725216 
0.48  0.23535339301865252 
0.49  0.2468690414188147 
0.5  0.2586966318909112 
0.51  0.27080868267494246 
0.52  0.28306773232005494 
0.53  0.29537419706259194 
0.54  0.3076006463089776 
0.55  0.31962463973255123 
0.56  0.3313718647736959 
0.57  0.3427075571294587 
0.58  0.3536104232532276 
0.59  0.3639965366576819 
0.6  0.37387497231405803 
0.7  0.4478028962571177 
0.8  0.49454382226679866 
0.9  0.5287205364670282 
1.0  0.5557547149574463 
1.1  0.5780704695451565 
1.2  0.5970277957657246 
1.3  0.6134508857141092 
1.4  0.6279000155829247 
1.5  0.6407558720116968 
1.6  0.6523157982088836 
1.7  0.6627893102749918 
1.8  0.6723447485259381 
1.9  0.6811129566739748 
2.0  0.6891971498168156 
2.1  0.6966873812175071 
2.2  0.7036479089964934 
2.3  0.7101522146843461 
2.4  0.7162371504792994 
2.5  0.7219464327190478 
2.6  0.7273255176645449 
2.7  0.7323992645672469 
2.8  0.7372001110854645 
2.9  0.7417487782751325 
3.0  0.746067040012619 
3.1  0.7501758979437082 
3.2  0.754089709250808 
3.3  0.7578242708906026 
3.4  0.7613921947759393 
3.5  0.7648064749338235 
3.6  0.7680772223040232 
3.7  0.7712149520606021 
3.8  0.7742276718123294 
3.9  0.7771242282957994 
4.0  0.7799116190562488 
4.1  0.7825966748953656 
4.2  0.7851853063709546 
4.3  0.7876827554369706 
4.4  0.7900952201649917 
4.5  0.7924269672408673 
4.6  0.7946825434270219 
4.7  0.7968655464124904 
4.8  0.7989803576275545 
4.9  0.8010305553969674 
5.0  0.803014098592722 
