#mmax= 10
#m-states: all states (FBR)
#Nr. of sites: 13
 
0.0 2.842170943040401e-14
0.1 -0.07517047341628597
0.2 -0.3028544929508111
0.3 -0.6906096970351318
0.4 -1.255480986405544
0.41 -1.322870495571913
0.42 -1.3924210655040494
0.43 -1.4641878528552752
0.44 -1.5382281314609259
0.45 -1.6146022706509977
0.46 -1.6933697897745519
0.47 -1.7745898872912744
0.48 -1.8583181023365114
0.49 -1.9446041624174413
0.5 -2.0334858645754537
0.51 -2.1249895637476968
0.52 -2.2191235895833756
0.53 -2.3158778260002033
0.54 -2.41522058985025
0.55 -2.517100332207695
0.56 -2.6214465778085496
0.57 -2.7281730948704137
0.58 -2.837182077458914
0.59 -2.948367936803584
0.6 -3.061621452571541
0.7 -4.286194736525758
0.8 -5.630548203638265
0.9 -7.056844731354047
1.0 -8.545579532399316
1.1 -10.084673290625828
1.2 -11.66582004783953
1.3 -13.282938716823878
1.4 -14.931381185574338
1.5 -16.607480203824863
1.6 -18.30827066378619
1.7 -20.031303846554835
1.8 -21.774527790293334
1.9 -23.536197574056047
2.0 -25.31481308502977
2.1 -27.109072203173113
2.2 -28.917834768428506
2.3 -30.740095324395625
2.4 -32.57496112726784
2.5 -34.42163486195227
2.6 -36.27940053575786
2.7 -38.14761428894333
2.8 -40.02569036670734
2.9 -41.91309777567747
3.0 -43.8093509865568
3.1 -45.714005726558874
3.2 -47.626653030628106
3.3 -49.546918597228554
3.4 -51.47445425424426
3.5 -53.408938359042374
3.6 -55.35007273331827
3.7 -57.29757930500451
3.8 -59.25119992693162
3.9 -61.21069256885562
4.0 -63.175831093370846
4.1 -65.14640354478522
4.2 -67.12221098632648
4.3 -69.10306653880765
4.4 -71.08879336170253
4.5 -73.07922531278791
4.6 -75.07420614071171
4.7 -77.07358686547502
4.8 -79.07722732526081
4.9 -81.08499432495326
5.0 -83.09676121456523
