#mmax= 10
#m-states: all states (FBR)
#Nr. of sites: 13
 
0.0  -0.0 
0.1  0.006345396971228029 
0.2  0.026701306696104044 
0.3  0.066774947285038 
0.4  0.14772641977376086 
0.41  0.160303070336151 
0.42  0.17418946118537987 
0.43  0.1895269693987861 
0.44  0.20646441483911723 
0.45  0.22518541157245295 
0.46  0.24581310228273232 
0.47  0.26848012295114837 
0.48  0.29324537862269834 
0.49  0.3200765681064101 
0.5  0.3486131905340093 
0.51  0.3787460869740021 
0.52  0.4098326568027821 
0.53  0.44132239014512853 
0.54  0.4724909763318579 
0.55  0.5026052206815192 
0.56  0.5311574017384141 
0.57  0.5574199749961325 
0.58  0.5812150156376532 
0.59  0.6021904590365695 
0.6  0.6204438054967365 
0.7  0.6969157701311366 
0.8  0.7055788537736691 
0.9  0.7060324353263256 
1.0  0.7056882371527186 
1.1  0.7053508442526153 
1.2  0.7050852312395138 
1.3  0.7048760551939529 
1.4  0.704707649604591 
1.5  0.7045678167425916 
1.6  0.7044497068641565 
1.7  0.704347991261537 
1.8  0.7042593597070304 
1.9  0.7041811250807293 
2.0  0.7041114164671496 
2.1  0.7040488045679368 
2.2  0.7039922630062779 
2.3  0.7039407002496322 
2.4  0.7038936052962875 
2.5  0.7038503787038439 
2.6  0.7038102579775689 
2.7  0.7037732953545709 
2.8  0.7037389135814321 
2.9  0.7037068982769032 
3.0  0.7036769579499679 
3.1  0.7036489083272892 
3.2  0.7036223662802998 
3.3  0.7035975696048545 
3.4  0.7035741250900416 
3.5  0.7035519537075151 
3.6  0.7035309477736665 
3.7  0.7035110105754105 
3.8  0.7034920612271313 
3.9  0.7034740161657 
4.0  0.7034568111105745 
4.1  0.7034403849822521 
4.2  0.7034246818626619 
4.3  0.7034096534322002 
4.4  0.7033952521067535 
4.5  0.7033814374787029 
4.6  0.7033681715799069 
4.7  0.7033554213273251 
4.8  0.7033431536964551 
4.9  0.7033313403898916 
5.0  0.7033199838325729 
