0.0  -2.2204460492503128e-16  0.0
0.1  0.005877236580982239  0.00024278799367210576
0.2  0.027182452256997728  0.0005248322656836249
0.3  0.06538929608250986  0.0008329672592931024
0.4  0.1468738304904245  0.0012631520504294183
0.41  0.1569692566014597  0.0013109820917130306
0.42  0.17468612033964379  0.0013850628515346627
0.43  0.19122896997705063  0.0014589475463685018
0.44  0.20612941597119636  0.001525589956376575
0.45  0.22591339344822103  0.001601539716206352
0.46  0.24562550400479718  0.0016800232345953359
0.47  0.2670162397800875  0.0017628577860685285
0.48  0.29070380481115576  0.0018544904522989393
0.49  0.3178494259706727  0.0019579365759558372
0.5  0.34591838591140045  0.0020504845195605144
0.51  0.37934749316362787  0.0021719704207115802
0.52  0.40506061288335427  0.002260919554976117
0.53  0.4431662913046825  0.002394826212467585
0.54  0.46806911237910254  0.002478885061350766
0.55  0.5016345260476411  0.0025900993930635463
0.56  0.5319292917611089  0.0026949461615393897
0.57  0.5528379539089523  0.0027575438268000827
0.58  0.584386525516796  0.0028618983588006817
0.59  0.5999589915929416  0.0029183123458945332
0.6  0.6195548567253447  0.0029723478958820072
0.7  0.6930053736456012  0.0032109359664552056
0.8  0.70474981954025  0.0032424676844741572
0.9  0.7109076899510411  0.003261355407480321
1.0  0.705983053541153  0.003247045548011662
1.1  0.7046309877980714  0.003237719695156831
1.2  0.6985073801738187  0.0032180711056559283
1.3  0.7088889637825234  0.003248154356608632
1.4  0.7046882923642362  0.0032334063220062683
1.5  0.705750302420002  0.003232652822999106
1.6  0.7020732717866063  0.003226260132264336
1.7  0.7062317345527458  0.0032349969380016867
1.8  0.6968788527656555  0.003214027591113772
1.9  0.7036903921461145  0.0032342232857057638
2.0  0.704922110091055  0.003234826496975256
2.1  0.7045301272258471  0.003240280846535888
2.2  0.7065328901834634  0.0032348882079466556
2.3  0.7110063482316006  0.0032523986394096026
2.4  0.6979477016784815  0.0032109892915053602
2.5  0.7035503401224462  0.003230734114017796
2.6  0.6999826755367661  0.0032203116647243567
2.7  0.7052800938531585  0.003231190720119732
2.8  0.7065508437423473  0.0032383320252944185
2.9  0.7059729736727788  0.0032325655944004214
3.0  0.7053702214579524  0.003233303803021973
3.1  0.6970941485777328  0.003209686649577594
3.2  0.7040496052137222  0.0032262832126905014
3.3  0.6980868610713492  0.0032082315369367687
3.4  0.7013255638590977  0.003224028811091343
3.5  0.7064349803129756  0.003237405657920454
3.6  0.6979863736946942  0.003206694859027394
3.7  0.7043935431937484  0.0032319510044980493
3.8  0.6992448833652876  0.0032145320052441857
3.9  0.7041278830553057  0.003230389597196037
4.0  0.7050777243197309  0.0032289430484944465
4.1  0.7099322963918158  0.0032456101711976965
4.2  0.6989485788087132  0.003213871891295489
4.3  0.7040372123468115  0.00322838835347927
4.4  0.7076619154457109  0.0032409097324334855
4.5  0.698345441470634  0.0032062924495639654
4.6  0.7013947366621569  0.0032211526372254488
4.7  0.7027932849323753  0.003228840206531654
4.8  0.7046965351026309  0.003233810804344893
4.9  0.7039540576728355  0.0032253821697414056
5.0  0.7005792127732329  0.0032201593157315136
0.0  -2.2204460492503128e-16  0.0
0.1  0.006893738225505469  0.0002630131700188609
0.2  0.027528031760259693  0.0005282275839783437
0.3  0.06560377553298898  0.000826178881469784
0.4  0.1471202901360595  0.0012638873011936187
0.41  0.15757585871697563  0.0013275868152894186
0.42  0.17207676160026367  0.0013779650137624284
0.43  0.18903746451305467  0.0014766408263614495
0.44  0.20697369658430603  0.0015240559055068616
0.45  0.2263000860846892  0.001604350276816724
0.46  0.24858727138913453  0.0016881606808748356
0.47  0.2692247224397328  0.001772281808288606
0.48  0.29401925506750776  0.0018635873178040573
0.49  0.3180414165761758  0.0019545306281788196
0.5  0.34600888989824796  0.002054606550061349
0.51  0.3787487396218452  0.0021682254075056067
0.52  0.40832317378991795  0.002274613399176915
0.53  0.44277927750147134  0.0023892982746234956
0.54  0.481576425382898  0.002516760799031404
0.55  0.5025275995250834  0.0025942159786750043
0.56  0.5330376059762474  0.0026959078237133987
0.57  0.5573539361629472  0.0027710204480332736
0.58  0.5824232374914413  0.0028567775885332955
0.59  0.6044037566056912  0.002925512498420318
0.6  0.6196445916866338  0.002978667222853402
0.7  0.69995650857234  0.003231693350800702
0.8  0.7078999499485367  0.0032520394414209514
0.9  0.7005738825814779  0.0032276850245521035
1.0  0.7108260073142818  0.0032596534782457017
1.1  0.7051031081369434  0.003237992576154789
1.2  0.7088990961105822  0.003249656169334495
1.3  0.7018250845994213  0.003220139591461203
1.4  0.7080235891671113  0.0032458221303366327
1.5  0.7076398906960294  0.0032440167463509326
1.6  0.7002193268703757  0.0032259547314960144
1.7  0.706988576098412  0.0032404034519802455
1.8  0.7069191529803166  0.0032435227582342696
1.9  0.7036959991518085  0.0032350211162832463
2.0  0.7021556942427196  0.0032238580253127623
2.1  0.7065249231877835  0.00324207939638634
2.2  0.7073606949712848  0.0032386969227746858
2.3  0.7039451793351688  0.0032327571253361865
2.4  0.7015779861319218  0.0032227021620957674
2.5  0.7004057799091454  0.0032201923821754863
2.6  0.7031243929018395  0.00323026361750974
2.7  0.7063417848922436  0.0032340516736846614
2.8  0.7069477257807497  0.003237139450073794
2.9  0.7043107935259928  0.0032290309367281524
3.0  0.7087602160690385  0.003246427069636146
3.1  0.7046836322978948  0.003236334534609382
3.2  0.7002291718375028  0.0032194992826006527
3.3  0.7048383993788939  0.0032313601830555668
3.4  0.7078158057975146  0.0032383912716915063
3.5  0.7105303661691559  0.0032483244854018016
3.6  0.7074846667798718  0.0032428443190585534
3.7  0.6997704745184469  0.0032184916035301295
3.8  0.7003583611546534  0.0032224380800164975
3.9  0.704021066659049  0.003232026397331
4.0  0.7031971229180416  0.003230447607233534
4.1  0.7008985505010144  0.0032180295225838866
4.2  0.6976519290179647  0.0032071475295159164
4.3  0.7073943505512034  0.003236415815631773
4.4  0.7008265471726344  0.0032217095619278507
4.5  0.704568929732547  0.003229666505097472
4.6  0.7020947732160278  0.003221570201582277
4.7  0.7004656351662335  0.0032164836778757265
4.8  0.7030927865474488  0.0032237203508456167
4.9  0.7092127117408079  0.003246737500681618
5.0  0.7078745637404632  0.0032440751339131197
