#mmax= 10
#m-states: all states (FBR)
#Nr. of sites: 13
 
0.0  0.0 
0.1  0.02297483277225888 
0.2  0.07702531774824527 
0.3  0.16002317523771525 
0.4  0.2889283262353112 
0.41  0.30615882657044546 
0.42  0.3245307146406791 
0.43  0.34408397223730475 
0.44  0.36484688294628065 
0.45  0.38686685489522155 
0.46  0.41008564651351803 
0.47  0.4344403639823127 
0.48  0.4597751855564134 
0.49  0.4858475117850781 
0.5  0.5121134179359527 
0.51  0.5383605449062118 
0.52  0.5639452813939364 
0.53  0.5884305709731779 
0.54  0.6113361606750466 
0.55  0.6322766155455282 
0.56  0.6511034913741837 
0.57  0.6675490103048002 
0.58  0.6817423164192402 
0.59  0.6936733843342826 
0.6  0.703597940509652 
0.7  0.7378423244693364 
0.8  0.7376861515377051 
0.9  0.7353651267769631 
1.0  0.7336248625522425 
1.1  0.7323934831479243 
1.2  0.7314872044363876 
1.3  0.7307875616699306 
1.4  0.7302270704111008 
1.5  0.7297638922947648 
1.6  0.7293739596840165 
1.7  0.7290384140774453 
1.8  0.7287467433045393 
1.9  0.7284896062626265 
2.0  0.7282607459988256 
2.1  0.7280553592500788 
2.2  0.7278699762056352 
2.3  0.7277010960190564 
2.4  0.72754689818265 
2.5  0.7274054178148305 
2.6  0.7272740273813135 
2.7  0.7271531787032518 
2.8  0.727040836581514 
2.9  0.7269362516398402 
3.0  0.7268384828078321 
3.1  0.7267469076011902 
3.2  0.726660209211122 
3.3  0.7265793090212462 
3.4  0.7265028739386317 
3.5  0.7264306048602033 
3.6  0.7263621584093641 
3.7  0.7262972149180884 
3.8  0.7262355081744954 
3.9  0.726176765015561 
4.0  0.7261207733692863 
4.1  0.7260673328945385 
4.2  0.7260162587075218 
4.3  0.725967393560436 
4.4  0.7259205824865945 
4.5  0.7258756892968922 
4.6  0.7258325929483591 
4.7  0.7257911821134333 
4.8  0.7257513493018435 
4.9  0.7257130024760304 
5.0  0.7256761338649504 
