#mmax= 10
#m-states: all states (FBR)
#Nr. of sites: 13

0.0  0.0 0.0 0.0 NaN NaN 0.0 
0.1  8.0e-5 0.001134201393107944 0.12864128001280012 0.04788026563853071 29.95087731795038 0.0 
0.2  -0.00268 0.0023213750373045363 0.5388782063820636 0.011761487713520419 7.193493905317807 0.0 
0.3  0.00026 0.0034805345085496065 1.211412046520465 0.009791498291237473 2.8362422371945017 0.0 
0.4  0.0019 0.004676556703582884 2.1870182601826014 0.011555767715751094 1.3667390563778712 0.0 
0.41  -0.00516 0.004801496046821539 2.3054364287642874 -0.008728052233325895 1.2061659567845453 0.0 
0.42  0.00224 0.004908705611249038 2.409539077790779 -0.007965343547538698 1.2187937596792358 0.0 
0.43  0.0026 0.005045729579938855 2.5459386993869937 0.019413400395710528 1.1161273531729936 0.0 
0.44  0.009 0.005178441673185249 2.681625816258164 -0.014520585659537505 1.074535036485945 0.0 
0.45  -0.01078 0.005311828317180509 2.8215520071200713 0.004280969925161575 0.9427058569894626 0.0 
0.46  -0.00724 0.0054201632452995415 2.937816960569606 -0.010047120195993506 0.9405681149368417 0.0 
0.47  -0.00942 0.00558224186597486 3.116142425024249 0.025651582738410214 0.8563503068533294 0.0 
0.48  0.00458 0.005745513061964391 3.3010920345203436 0.020622025310591655 0.7480034501305739 0.0 
0.49  0.00744 0.005791768461344005 3.35445819098191 0.001954670859904967 0.7318871191083058 0.0 
0.5  -0.00366 0.005972388361302989 3.56694227382274 -0.005123588623497765 0.6577046633530399 0.0 
0.51  0.0028 0.006092379893845073 3.71170927709277 -0.004673335126252119 0.5523103378100953 0.0 
0.52  0.00166 0.0062545954020732965 3.911996364363642 -0.008669857319859045 0.5366694465290052 0.0 
0.53  0.01154 0.006357631042984861 4.041947247872478 -0.0014979421001394602 0.5273265670736258 0.0 
0.54  0.00578 0.006488180552425218 4.209648688086881 0.0062852043854450665 0.45021126000716327 0.0 
0.55  -0.00358 0.006578077572288539 4.327110454704549 0.008904877635473794 0.4462434460682161 0.0 
0.56  -0.01462 0.006711923200926137 4.504991305513055 -0.01366390291857974 0.37734284775843374 0.0 
0.57  -0.00968 0.006827263660595724 4.661152909129092 0.0013037117677095656 0.37744384277949994 0.0 
0.58  0.00356 0.006948521863213846 4.828195608356082 -0.004830341469557652 0.3021466591589017 0.0 
0.59  -0.00152 0.007034292552113333 4.94812717087171 -0.00042126954220489914 0.2998024341794401 0.0 
0.6  -0.00676 0.007116744305122606 5.0648049504495045 -0.004267895652081365 0.2693372271111336 0.0 
0.7  -0.00142 0.00789553058571951 6.233940323003229 -0.005628399147534466 0.16028834116313062 0.0 
0.8  0.0085 0.008420474246968838 7.090438654386543 -0.0019282253828734961 0.12430251755751387 0.0 
0.9  0.00572 0.008849748922797752 7.831805599655998 -0.0027445317986464963 0.08169013475207487 0.0 
1.0  0.00424 0.009192424339131233 8.450066523065228 0.0033691210374014505 0.04447673357762705 0.0 
1.1  0.00472 0.009553548551135289 9.127028991889917 -0.014656155815930142 0.058591297510806495 0.0 
1.2  0.00062 0.00983112214681654 9.665096266562664 -0.0028321155944574317 0.044929626439806025 0.0 
1.3  0.01296 0.010080800395274479 10.162253660936608 -0.015263652541324864 0.051131828327907414 0.0 
1.4  -0.01724 0.010297790455669736 10.60444882688827 -0.008410044491396658 0.01670404181502194 0.0 
1.5  -0.00644 0.010503974895194959 11.033348859888596 -0.007839848415993928 0.02417759921850493 0.0 
1.6  -0.00212 0.010771124139436528 11.601711522715231 -0.010761471695376256 0.030471300330371598 0.0 
1.7  0.01158 0.010911216686625551 11.905464958249585 0.00011506621073580402 0.027424397599280503 0.0 
1.8  -0.00112 0.011134685773216621 12.398122726827262 -0.0026119449862658634 0.026098675727766807 0.0 
1.9  0.00938 0.011317208178168742 12.807920094800947 -0.01812381367018677 -0.004611334661124733 0.0 
2.0  0.0038 0.011503928850779199 13.234037900379002 0.007182234174326453 0.03970684705326155 0.0 
2.1  0.00238 0.011687912962932872 13.66073094290943 0.014209248554630223 0.005728645425586265 0.0 
2.2  -0.01342 0.01182975901986108 13.99431984679846 0.016045069910289235 0.014383559286184067 0.0 
2.3  -0.0171 0.011934307695756874 14.242770017700174 -0.012728142047197955 0.022350897232026767 0.0 
2.4  0.00894 0.012095729156633688 14.630666383063831 -0.0003000500589872659 0.006051383196867377 0.0 
2.5  -0.0123 0.01223485120530038 14.969158401584018 -0.007142245454471541 -0.0034207179195924198 0.0 
2.6  0.0064 0.012407978480771952 15.39579299792998 0.0011959196648850144 0.01742993505808421 0.0 
2.7  -0.00552 0.012547910973412985 15.7450069796698 -0.004493063618330552 0.03526249810174775 0.0 
2.8  -0.00782 0.01266319833383022 16.035659204192044 0.008832359478154896 0.006986569265689191 0.0 
2.9  0.01118 0.012754668827208685 16.2681576891769 -0.012023374867939423 0.025087299247918526 0.0 
3.0  -0.0039 0.012895530653955599 16.62947108471085 0.0007774784484645854 0.024974495144382214 0.0 
3.1  -0.0132 0.013049197692410218 17.028156041560415 -0.0018525255175368149 0.026606404507564463 0.0 
3.2  -0.00592 0.013128220482522768 17.235017303773034 -0.004016044695171457 0.028342085648335402 0.0 
3.3  0.012 0.013242005645185894 17.535071350713505 -0.006230664879146271 0.010147105029420622 0.0 
3.4  -0.02576 0.013327293063161926 17.7616740391404 -0.005797020201008241 0.04714524067095027 0.0 
3.5  0.0128 0.013435273226312397 18.05065666656667 -0.010336039441079158 0.008663230389407861 0.0 
3.6  0.00314 0.013583539543486643 18.45125465294653 -0.0024827019497442836 0.031604244653677505 0.0 
3.7  0.0102 0.013702234748841925 18.77512371123711 -0.002524760988596496 0.0441654402761138 0.0 
3.8  -0.01306 0.013811292549288022 19.075180188201884 -0.005121118109621901 0.030633847338898068 0.0 
3.9  -0.00406 0.013873534514088296 19.247495991359916 -0.013952034868672393 0.023337569963220783 0.0 
4.0  0.01188 0.013938397735942049 19.427893144531446 0.010546566032397366 0.013652406943620576 0.0 
4.1  -0.00852 0.013988067441798655 19.566603075630756 0.008651169730497935 0.04086867417355444 0.0 
4.2  -0.00254 0.014195969524463885 20.15255507395074 -0.008920400690742942 0.02375687740706134 0.0 
4.3  0.00974 0.014271001644554577 20.36614879388794 0.006065430834362319 0.008707645935299269 0.0 
4.4  -0.01282 0.014374478172519075 20.662562273222733 0.0002133280137401827 0.028733105575007745 0.0 
4.5  -0.0094 0.014477113395567596 20.95868122681227 -0.012031527483827282 0.033584130593409256 0.0 
4.6  0.00474 0.014522667950581396 21.090788440284406 -0.003995855831278523 0.0018846436381840803 0.0 
4.7  0.00632 0.01455428867547942 21.182731884918844 -0.004662777374051149 0.0049476075811427656 0.0 
4.8  -0.00186 0.0147218793889003 21.673373274132747 0.006938245567510542 0.002160101587646235 0.0 
4.9  0.01496 0.014766283974494874 21.80431424154241 -0.012969653465686678 -0.00942195696719228 0.0 
5.0  0.00854 0.014861261025054117 22.085707925479255 0.00893649296311018 0.038840935377232544 0.0 
