#mmax= 10
#m-states: all states (FBR)
#Nr. of sites: 13
 
0.0  -1.9985621297559808e-46 
0.1  0.0024809457665858473 
0.2  0.00969053666483011 
0.3  0.02090038425649696 
0.4  0.03469415952975454 
0.41  0.03612802176478857 
0.42  0.037558254995095776 
0.43  0.03898065719817932 
0.44  0.0403905376829038 
0.45  0.04178317168439696 
0.46  0.043153030096598495 
0.47  0.044494284866749396 
0.48  0.045802039352845415 
0.49  0.04707089929663814 
0.5  0.048296114930668294 
0.51  0.04947402951748222 
0.52  0.05060206587261876 
0.53  0.051679326104165334 
0.54  0.05270643699667085 
0.55  0.05368573842940997 
0.56  0.0546199477696529 
0.57  0.05551440800092503 
0.58  0.05637273114440034 
0.59  0.057201013340727636 
0.6  0.05800265896807543 
0.7  0.06519963394822831 
0.8  0.07157563065329685 
0.9  0.07735219580513826 
1.0  0.08264790928219629 
1.1  0.08756696613350734 
1.2  0.09218406368842495 
1.3  0.09655641670612392 
1.4  0.10072464768873314 
1.5  0.10471966744180806 
1.6  0.10856227202400748 
1.7  0.11227242618738781 
1.8  0.11586455241181552 
1.9  0.11935003932512887 
2.0  0.12273826987531238 
2.1  0.12603732477703428 
2.2  0.12925670300508432 
2.3  0.13239697239522233 
2.4  0.1354690304131323 
2.5  0.13847748582184996 
2.6  0.14142198386811058 
2.7  0.14430994773127784 
2.8  0.14714316190180807 
2.9  0.14992544521955856 
3.0  0.152658812105214 
3.1  0.15534581380550486 
3.2  0.1579883737272764 
3.3  0.16059055662515495 
3.4  0.1631526076687607 
3.5  0.16567787430701897 
3.6  0.16816537455167357 
3.7  0.1706187239112387 
3.8  0.17304003272865429 
3.9  0.17542833114079973 
4.0  0.17778590794606342 
4.1  0.18011388695225902 
4.2  0.1824141635469363 
4.3  0.18468683337491446 
4.4  0.18693255853783122 
4.5  0.18915257670629673 
4.6  0.19134746326642862 
4.7  0.1935199528815997 
4.8  0.1956685021227924 
4.9  0.19779304783729115 
5.0  0.1999059777329586 
