#mmax= 10
#m-states: all states (FBR)
#Nr. of sites: 13
 
0.0  -1.4766339689512382e-7 
0.1  -1.5005344583691997e-8 
0.2  1.0970133263548821e-7 
0.3  -1.8360749514970607e-7 
0.4  2.7025157839889845e-7 
0.41  2.529327890463811e-6 
0.42  2.2714877575207967e-8 
0.43  2.4559083583900316e-7 
0.44  7.430369171340889e-8 
0.45  -5.86259129787944e-7 
0.46  -2.6190466406931192e-5 
0.47  -2.106964479951981e-5 
0.48  -1.2098046914464418e-5 
0.49  -1.956072492067186e-5 
0.5  -8.136084849463814e-5 
0.51  -3.738636535829501e-5 
0.52  7.914904431960462e-6 
0.53  4.7856557655528035e-6 
0.54  4.92301992192291e-6 
0.55  -7.235445184398408e-5 
0.56  8.429353977801515e-5 
0.57  4.024712596567781e-5 
0.58  -6.920957156665307e-6 
0.59  -1.1844402404038673e-6 
0.6  9.887307970274302e-6 
0.7  -2.8336019660580573e-6 
0.8  -0.00030466668405128804 
0.9  -0.0003891897580532182 
1.0  -0.0028625778370285283 
1.1  -0.0031329927222254078 
1.2  -0.004180902920800687 
1.3  -0.006484193443880137 
1.4  -0.003350472689429144 
1.5  -0.0032673130017873554 
1.6  -0.0035908686525118532 
1.7  -0.002045462840660817 
1.8  -0.0014613431183371156 
1.9  -0.0006142919686980096 
2.0  -0.0004871372010027522 
2.1  -9.252131794592316e-5 
2.2  8.757236760677816e-5 
2.3  0.00035413881124891477 
2.4  0.00028283664430121255 
2.5  0.0006939356125999478 
2.6  0.0005839444467438044 
2.7  0.0004978121593339174 
2.8  0.0005215753078004533 
2.9  0.0005302140072187746 
3.0  0.0007795561681720634 
3.1  0.0008060636491157208 
3.2  0.0010695235722297158 
3.3  0.0011464656785716823 
3.4  0.0013814584884344755 
3.5  0.0013394102111500134 
3.6  0.0013913249339328046 
3.7  0.001400303036627766 
3.8  0.001423289723550294 
3.9  0.0014423170411357927 
4.0  0.001461802867705345 
4.1  0.001477294065308754 
4.2  0.0014905877321825536 
4.3  0.0014858963780770417 
4.4  0.0015101065415927906 
4.5  0.0015044552875828916 
4.6  0.0015170707451860853 
4.7  0.0015128705347701675 
4.8  0.0015141904845354718 
4.9  0.0015197762336160397 
5.0  0.0015300417076305171 
