#mmax= 10
#m-states: all states (FBR)
#Nr. of sites: 13

0.0  -2.2204460492503128e-16  0.0
0.1  -0.0  6.8342392301276055e-19
0.2  4.000080002137398e-5  2.0000500014750492e-5
0.3  0.00025003125520928253  5.0006501205250285e-5
0.4  0.002222467853099086  0.00014916305222833565
0.41  0.0025933598525993257  0.00016114439135785395
0.42  0.0032753581339205044  0.00018112870529278635
0.43  0.0036265680556986533  0.00019060924274967947
0.44  0.004359488777452863  0.00020902269883888222
0.45  0.005535291498677029  0.00023559913066811415
0.46  0.006259550171144004  0.00025058421515987845
0.47  0.007044756126705245  0.0002658890650464889
0.48  0.008667454091561009  0.0002950459673146552
0.49  0.009151749803886859  0.00030321357237868664
0.5  0.010201862484595264  0.00032022150837592137
0.51  0.011485708943092398  0.00033988289866643067
0.52  0.013358833202989352  0.0003667232684800276
0.53  0.015397942180096675  0.00039391949025848887
0.54  0.017512451751298168  0.00042031976485944444
0.55  0.018153787380128048  0.00042801579695933697
0.56  0.020417015994264664  0.00045417040077153504
0.57  0.022542176436491982  0.0004774766928433232
0.58  0.024179994001733852  0.0004947215918748849
0.59  0.025676846789983027  0.0005099960468565576
0.6  0.028008604419312487  0.0005329616989555109
0.7  0.04516474395439205  0.0006797106949067908
0.8  0.062364885195692485  0.0008021925154559642
0.9  0.07781020156768959  0.0008995459517752089
1.0  0.08966215970100178  0.0009685330545136184
1.1  0.10172269573413555  0.0010347825979402372
1.2  0.11447974571890814  0.0011013225721777987
1.3  0.1250984759701222  0.0011543889134058524
1.4  0.1337371093884439  0.001196217712214579
1.5  0.1436854823311528  0.0012430700300623625
1.6  0.1522770603483316  0.0012825133165360837
1.7  0.15901891899717255  0.0013128653698743706
1.8  0.1713811737957318  0.0013672762741363197
1.9  0.1787675574798624  0.0013990866520755536
2.0  0.18723259880194437  0.0014349516048634604
2.1  0.1946515310912421  0.001465904648702015
2.2  0.20070630780851653  0.0014908524154897069
2.3  0.20692106173243272  0.001516186874769111
2.4  0.21514564851716064  0.0015493193212707378
2.5  0.22055654638313482  0.0015712491747018787
2.6  0.22731589136007638  0.0015975475239999326
2.7  0.23423321620994292  0.0016245634143556432
2.8  0.24036332143564268  0.0016483222308993975
2.9  0.24492868139564078  0.0016658536696260414
3.0  0.2510961818239573  0.0016894103682167081
3.1  0.25685281329155696  0.0017113822592419578
3.2  0.26314641856913185  0.00173836278901608
3.3  0.2677296712301981  0.0017520278761194233
3.4  0.2707191866063715  0.0017631006560126668
3.5  0.27596517835595813  0.001782538339823226
3.6  0.2807626932697959  0.0018024877203170191
3.7  0.28799528248542416  0.0018271135057661395
3.8  0.2937116049914498  0.0018493013823509422
3.9  0.29692584042020315  0.0018590144336010064
4.0  0.3009126208946955  0.001873417819995241
4.1  0.3037390202383643  0.0018834762088899887
4.2  0.302754269440789  0.0018800192812239037
4.3  0.316927546063382  0.0019304708481561596
4.4  0.3170439087704661  0.0019321639021914105
4.5  0.32399822980102927  0.0019571146898260893
4.6  0.32704573845974655  0.001969144968577524
4.7  0.3316598035535598  0.0019831881658189704
4.8  0.3336702248573438  0.001990717391812452
4.9  0.3387351857676823  0.002009465203854585
5.0  0.3392009342887769  0.002015821201724211
