#mmax= 10
#m-states: all states (FBR)
#Nr. of sites: 13

0.0  1.0000000000000002  0.0
0.1  1.0  6.8342392301276055e-19
0.2  0.99996  1.99996999947499e-5
0.3  0.99975  4.999399957994897e-5
0.4  0.99778  0.00014883191025238875
0.41  0.99741  0.0001607270273842371
0.42  0.99673  0.00018053641442647894
0.43  0.99638  0.00018991923729092563
0.44  0.99565  0.0002081134500989331
0.45  0.99448  0.00023429862346682618
0.46  0.9937600000000002  0.00024902056965728084
0.47  0.99298  0.00026402252380986255
0.48  0.99137  0.00029249972061672975
0.49  0.9908900000000241  0.00030045129673432415
0.5  0.9898500000000015  0.00031697126006590624
0.51  0.9885800000000002  0.00033600143596366013
0.52  0.98673  0.00036185685070729766
0.53  0.98472  0.0003879004004473392
0.54  0.98264  0.00041302301374148445
0.55  0.9820100000000035  0.00042031579277204
0.56  0.9797900000000045  0.00044499161697194434
0.57  0.977710000000001  0.00046683373735984597
0.58  0.97611  0.0004829026930449939
0.59  0.97465  0.0004970676470687439
0.6  0.9723800000000001  0.0005182412968303597
0.7  0.95584  0.0006496946706197069
0.8  0.9395400000009753  0.000753691955972279
0.9  0.9251400000028968  0.0008322059418279224
1.0  0.9142400002182538  0.0008854716599699165
1.1  0.9032800003393937  0.0009346984254186562
1.2  0.8918300016107349  0.000982192511319265
1.3  0.8824100021248573  0.0010186443235313699
1.4  0.8748200163450311  0.0010464751985517738
1.5  0.8661601278870968  0.0010766976962114333
1.6  0.8587503221148207  0.001101358723691909
1.7  0.8529802212860829  0.0011198481937142756
1.8  0.8425003731937887  0.0011519307712188622
1.9  0.8363002685483458  0.0011700565428531915
2.0  0.8292508312016674  0.0011899348110671912
2.1  0.8231214403158479  0.0012066175458052995
2.2  0.8181526813263382  0.0012197449011947517
2.3  0.8130838308833702  0.0012327870324723535
2.4  0.8064239771669007  0.0012494082489606716
2.5  0.8020722832926624  0.0012602554131748473
2.6  0.7966690816574695  0.0012727167188491906
2.7  0.7911772790115199  0.0012853176617515622
2.8  0.7863421142148757  0.0012961451879528127
2.9  0.7827603616277605  0.001303964220855412
3.0  0.7779475435467862  0.0013142726459966596
3.1  0.773482051664755  0.0013237234610611332
3.2  0.7686293474624193  0.0013361566561743807
3.3  0.7651145856336893  0.0013405020824557852
3.4  0.7628306794027777  0.0013449472712816256
3.5  0.7588393543350642  0.001352660242868954
3.6  0.7552075300469097  0.0013612522992005008
3.7  0.749765129258624  0.0013699059938209273
3.8  0.7454914564593396  0.0013786383809610738
3.9  0.7430991182369562  0.0013814319863986824
4.0  0.7401424429057152  0.0013865960418743772
4.1  0.7380534583338365  0.0013901061296607597
4.2  0.7387806150408952  0.0013889218008713373
4.3  0.7283835274678294  0.001406123166053796
4.4  0.7282987757198448  0.0014071926044560822
4.5  0.7232515226778102  0.0014154861794718294
4.6  0.7210507625210972  0.0014198534811074059
4.7  0.7177314510154562  0.0014233965198899308
4.8  0.7162899579056856  0.0014259308767834576
4.9  0.7126711495661704  0.0014320878768442659
5.0  0.7123393013171475  0.0014359486664165168
