#mmax= 10
#m-states: all states (FBR)
#Nr. of sites: 13
 
0.0  -5.439876025572251e-23 
0.1  0.6052226225735021 
0.2  1.2440855090547618 
0.3  1.963353190251553 
0.4  2.847793067594932 
0.41  2.9507780092760276 
0.42  3.0572920573977105 
0.43  3.167427140801395 
0.44  3.281263001630744 
0.45  3.3989564671227726 
0.46  3.520456708517954 
0.47  3.645760604665896 
0.48  3.774635382641439 
0.49  3.906729712292194 
0.5  4.040988305421295 
0.51  4.177131098571385 
0.52  4.3137717610113775 
0.53  4.449929732691708 
0.54  4.584358259340953 
0.55  4.715879207541114 
0.56  4.8438040713231585 
0.57  4.966857981865341 
0.58  5.084893936100213 
0.59  5.197153320070525 
0.6  5.303788876071493 
0.7  6.102326741642686 
0.8  6.609877724169089 
0.9  6.98138739130021 
1.0  7.274804571007192 
1.1  7.51652709842115 
1.2  7.721446097828431 
1.3  7.898656056108465 
1.4  8.054318640353902 
1.5  8.192638607650585 
1.6  8.31685160133539 
1.7  8.42927290320369 
1.8  8.53174108653628 
1.9  8.625685393259587 
2.0  8.712234372102683 
2.1  8.792363311973592 
2.2  8.8667899332686 
2.3  8.93627453063614 
2.4  9.001254920258415 
2.5  9.062203184989114 
2.6  9.1195865101944 
2.7  9.173693961482538 
2.8  9.22486572902335 
2.9  9.273332732667097 
3.0  9.31932780000838 
3.1  9.363074612084608 
3.2  9.404731368274769 
3.3  9.44447018928693 
3.4  9.482425092865912 
3.5  9.518737206964394 
3.6  9.553511509241458 
3.7  9.586863838284781 
3.8  9.618882784205391 
3.9  9.649657898295414 
4.0  9.67926682155774 
4.1  9.707782630673739 
4.2  9.735270145659964 
4.3  9.761785175890017 
4.4  9.787391857510146 
4.5  9.8121373024145 
4.6  9.836069672629408 
4.7  9.859230691401319 
4.8  9.881663355219054 
4.9  9.903404901844825 
5.0  9.924456992908171 
