#mmax= 10
#m-states: all states (FBR)
#Nr. of sites: 13
 
0.0  1.3147270158780295e-64 
0.1  -0.29640649074407754 
0.2  -0.5705472016829832 
0.3  -0.7963022506338169 
0.4  -0.9369941075483391 
0.41  -0.9443697141673857 
0.42  -0.9502222803357552 
0.43  -0.9544998202938375 
0.44  -0.9571509093927906 
0.45  -0.9581020893650245 
0.46  -0.9573171765459266 
0.47  -0.9547454956188705 
0.48  -0.9503946664176086 
0.49  -0.9443012152664177 
0.5  -0.9366287227303609 
0.51  -0.9274269064720755 
0.52  -0.9169589731707183 
0.53  -0.905439367940605 
0.54  -0.8931505036332221 
0.55  -0.8803835307504998 
0.56  -0.8673416940388078 
0.57  -0.854367296311836 
0.58  -0.8415688570614813 
0.59  -0.829194880178342 
0.6  -0.8172892083027964 
0.7  -0.728691986557273 
0.8  -0.6753518569675048 
0.9  -0.6367409536958712 
1.0  -0.6057479915178363 
1.1  -0.5796814638792713 
1.2  -0.5571125486397354 
1.3  -0.5372454275391545 
1.4  -0.519518453358804 
1.5  -0.5035681435102232 
1.6  -0.4890620228287866 
1.7  -0.4758011799037892 
1.8  -0.4636041042250237 
1.9  -0.4523299131718905 
2.0  -0.44186857430089593 
2.1  -0.43211473736350714 
2.2  -0.4230150253106788 
2.3  -0.4144479544239882 
2.4  -0.40640911450682204 
2.5  -0.3988459923605405 
2.6  -0.3916802982198616 
2.7  -0.38490278667557387 
2.8  -0.37846439599777576 
2.9  -0.3723473933655066 
3.0  -0.36652331985695324 
3.1  -0.36096383676010957 
3.2  -0.3556548572650734 
3.3  -0.35057893859970063 
3.4  -0.34571875555463955 
3.5  -0.34105950775851235 
3.6  -0.3365848415931799 
3.7  -0.33228441355755567 
3.8  -0.32815072245743887 
3.9  -0.32416715874582147 
4.0  -0.3203273928827524 
4.1  -0.31662253192935214 
4.2  -0.31304646920850876 
4.3  -0.309592110646369 
4.4  -0.30624921553024453 
4.5  -0.30301369552409413 
4.6  -0.29987915150514516 
4.7  -0.2968441344514325 
4.8  -0.2938990636884001 
4.9  -0.29103823708121507 
5.0  -0.28828780979550755 
