#mmax= 10
#m-states: all states (FBR)
#Nr. of sites: 14
 
0.0  7.000000000000009 0.03571428571428692 
0.1  6.374329064979236 0.029425519478212037 
0.2  5.805768595258136 0.023901333085030396 
0.3  5.295837081773848 0.01923811020482402 
0.4  4.844055904897892 0.015710498198497236 
0.41  4.801657106529586 0.015433821994516372 
0.42  4.759775583388734 0.01518110166813269 
0.43  4.718343450532083 0.014944393903797093 
0.44  4.677345428770359 0.014724121685388392 
0.45  4.636774577621309 0.014528259876846028 
0.46  4.596597764560336 0.014325641638781916 
0.47  4.556955774057926 0.014188357156273756 
0.48  4.517767608202546 0.014068427938430661 
0.49  4.479066277458209 0.013948739934114718 
0.5  4.440966763391189 0.013872735606260456 
0.51  4.403519812720045 0.013819527920342911 
0.52  4.366819373418425 0.013786904695706648 
0.53  4.330931344515772 0.01377330096053353 
0.54  4.2959640219804855 0.013774473489845396 
0.55  4.261978919847986 0.013786678758337945 
0.56  4.2290088519680795 0.013807832315321011 
0.57  4.197083906352071 0.013833013300028618 
0.58  4.166225466991226 0.013860563780135338 
0.59  4.136387460070364 0.013886763744906161 
0.6  4.107549863720469 0.013912563628808994 
0.7  3.863111365890735 0.013954457178995683 
0.8  3.6710340601698106 0.013777261219539594 
0.9  3.510921903716254 0.01355644054722227 
1.0  3.373317283651091 0.013326092612135465 
1.1  3.252784162986083 0.013105654746646489 
1.2  3.1456732443966953 0.012887248600930046 
1.3  3.0494698279996686 0.012680509738377754 
1.4  2.962310658203399 0.012479392567238956 
1.5  2.8827876873650022 0.012291154861655551 
1.6  2.8097834190808717 0.012109370129837593 
1.7  2.742398698089653 0.011933938139995437 
1.8  2.679945213881474 0.011769000086604087 
1.9  2.6218103093245793 0.011610221459264158 
2.0  2.5675154888199603 0.011462321803097697 
2.1  2.516626286020363 0.011317565076661928 
2.2  2.4688028219546103 0.011178844839572655 
2.3  2.4237421016387883 0.011045742582484586 
2.4  2.3811787983571238 0.010917858452595408 
2.5  2.340898797787761 0.01079531611854978 
2.6  2.302678866484829 0.010677016723420807 
2.7  2.2663494846404677 0.010562661812337115 
2.8  2.2317643882903333 0.010452403884236072 
2.9  2.19878520816567 0.010345900869486058 
3.0  2.1672836501993427 0.010242750207096085 
3.1  2.1371563287056357 0.010143043521318895 
3.2  2.108300226945113 0.01004653181236137 
3.3  2.0806304334254775 0.009950178147401956 
3.4  2.054063248936173 0.009862144466100453 
3.5  2.0285328299362386 0.009770970948923097 
3.6  2.003964751464514 0.009688030924262736 
3.7  1.9803030346193293 0.009605030648676571 
3.8  1.957492104572233 0.00952420040855273 
3.9  1.9354796098862372 0.009445548012259719 
4.0  1.914220136284403 0.00936896197719883 
4.1  1.8936718691706322 0.009294352510481385 
4.2  1.8737949630908406 0.00922172705029256 
4.3  1.8545668774443806 0.009151015027579534 
4.4  1.8359137709446085 0.009081584209952753 
4.5  1.8178451943677905 0.009014364031748046 
4.6  1.8003174351673104 0.008948531963589468 
4.7  1.783307049721151 0.008886705426237373 
4.8  1.7667850792721276 0.008826287601752525 
4.9  1.750728142176329 0.008764923453425166 
5.0  1.7351233053416986 0.008705239376604612 
