#mmax= 10
#m-states: all states (FBR)
#Nr. of sites: 14
 
0.0  7.00000000000001 0.03571428571428603 
0.1  8.547593153596138 0.05173650171309707 
0.2  10.896522575749966 0.07784562455030808 
0.3  14.983679259471561 0.12779814893868602 
0.4  23.849455154513336 0.24146359579044063 
0.41  25.286251231533893 0.2587403690268153 
0.42  26.86949687140926 0.27725304460224964 
0.43  28.61038377160355 0.2967720431938963 
0.44  30.553600858800195 0.3176294882301641 
0.45  32.682237478422905 0.33927576513469326 
0.46  35.01347858830751 0.3615699438295854 
0.47  37.559147807240294 0.3843313973975635 
0.48  40.306202374720094 0.4071170697932953 
0.49  43.26502178192819 0.4297652978119262 
0.5  46.39472898228903 0.4517591332779912 
0.51  49.6605485974672 0.4727451918118507 
0.52  53.02205791190286 0.49245713947241787 
0.53  56.42804859956635 0.510664213574736 
0.54  59.81702392307217 0.5271781613761761 
0.55  63.13922491143676 0.541951890887209 
0.56  66.35790237735795 0.5550564889087265 
0.57  69.43544280101666 0.5665431335194632 
0.58  72.33966198914258 0.5765125414012082 
0.59  75.06508148528472 0.5851321033613024 
0.6  77.60784823819733 0.5925773841308613 
0.7  95.07324438373443 0.6295434849188208 
0.8  104.91747870923781 0.6415162228733723 
0.9  111.72564287760108 0.6473495552066044 
1.0  116.93738882570575 0.6508756201720647 
1.1  121.14776611221335 0.6532644710234757 
1.2  124.67127645474675 0.6550028918193507 
1.3  127.69203998598189 0.6563310264591808 
1.4  130.32752677969492 0.6573815295962339 
1.5  132.65915509355122 0.6582353017248834 
1.6  134.7444990754799 0.6589438834791318 
1.7  136.62804598472476 0.6595427882489289 
1.8  138.34018305438155 0.6600553373573586 
1.9  139.9075615629043 0.6604995667585478 
2.0  141.349836765311 0.6608883641712706 
2.1  142.68384609315072 0.6612316423449838 
2.2  143.92245935890975 0.6615369180779942 
2.3  145.07683571521477 0.6618102105918533 
2.4  146.156399548134 0.6620563273643739 
2.5  147.16824968135361 0.6622789240104783 
2.6  148.1207824293691 0.6624816108315063 
2.7  149.01908562900192 0.6626667799590809 
2.8  149.8680236225239 0.6628365693230156 
2.9  150.67197641163472 0.6629927990477533 
3.0  151.4350615728205 0.6631370839927928 
3.1  152.1604316722671 0.6632706824006723 
3.2  152.85135597346877 0.6633947949430192 
3.3  153.51027777417318 0.6635103201007415 
3.4  154.13978000843204 0.6636181754652897 
3.5  154.74168594454562 0.6637189991932473 
3.6  155.31821385690847 0.6638135349533674 
3.7  155.87105258814847 0.6639023136762998 
3.8  156.4018259546081 0.6639858562027151 
3.9  156.91204175052553 0.6640646242663449 
4.0  157.4029409269925 0.6641390001982612 
4.1  157.87568035401517 0.6642093306809854 
4.2  158.33138395755503 0.6642759394305184 
4.3  158.77009200621208 0.6643389206534221 
4.4  159.19552015383803 0.6643990848659733 
4.5  159.60574628854138 0.6644561181403967 
4.6  160.00253201026032 0.6645104200636369 
4.7  160.38650874449175 0.6645621705417026 
4.8  160.75843304741008 0.664611551861636 
4.9  161.11890384687842 0.6646587153896957 
5.0  161.4676846538327 0.6647036631394827 
