#mmax= 10
#m-states: all states (FBR)
#Nr. of sites: 14
 
0.0  1.6305882904024375e-24 
0.1  0.025740270895504354 
0.2  0.05617809976490921 
0.3  0.09746671919643674 
0.4  0.16003491578913887 
0.41  0.16813444457565538 
0.42  0.17666319917589887 
0.43  0.1856196053282149 
0.44  0.19511574228774883 
0.45  0.2050815462188069 
0.46  0.2155465430965684 
0.47  0.22652256037285176 
0.48  0.23795929433515894 
0.49  0.2498682408841968 
0.5  0.26213360301911 
0.51  0.27465701578464824 
0.52  0.2873282924709177 
0.53  0.3000123828217863 
0.54  0.3125502747524465 
0.55  0.3248127209642613 
0.56  0.33670632016724017 
0.57  0.34813341943684556 
0.58  0.3590135585316441 
0.59  0.3693310055136939 
0.6  0.3790804260973207 
0.7  0.4511537971460545 
0.8  0.496957511799546 
0.9  0.5307343628245532 
1.0  0.5575437005260921 
1.1  0.5797097175367412 
1.2  0.5985531221590352 
1.3  0.6148911439921296 
1.4  0.6292663769884125 
1.5  0.6420664893168629 
1.6  0.653572066946879 
1.7  0.6640044088166975 
1.8  0.6735185510931745 
1.9  0.6822506777962494 
2.0  0.6903033994460782 
2.1  0.6977646439733073 
2.2  0.7047030830167903 
2.3  0.711178236295203 
2.4  0.7172405159753906 
2.5  0.7229288195910416 
2.6  0.7282876214957512 
2.7  0.7333447746372571 
2.8  0.7381273589188306 
2.9  0.7426593232312655 
3.0  0.7469629575078944 
3.1  0.7510559799275534 
3.2  0.7549561865608063 
3.3  0.7586774907998891 
3.4  0.7622334294735134 
3.5  0.7656353146371555 
3.6  0.7688941160088247 
3.7  0.7720201533446278 
3.8  0.7750222290317518 
3.9  0.7779086410510997 
4.0  0.7806863769898095 
4.1  0.783361942095545 
4.2  0.7859415660133077 
4.3  0.788426043247605 
4.4  0.7908345644639503 
4.5  0.793157981683588 
4.6  0.7954055789833834 
4.7  0.7975809524960328 
4.8  0.7996882560428044 
4.9  0.8017310114295678 
5.0  0.8037080866543372 
