#mmax= 10
#m-states: all states (FBR)
#Nr. of sites: 14
 
0.0 1.4210854715202004e-14
0.1 -0.08143731727938432
0.2 -0.3281377114714271
0.3 -0.7484274974982393
0.4 -1.3612206952173835
0.41 -1.4343927451272904
0.42 -1.509931234429662
0.43 -1.5879011855361398
0.44 -1.6683705009996124
0.45 -1.7514099198893769
0.46 -1.8370917109589877
0.47 -1.9254870647489168
0.48 -2.016664176405355
0.49 -2.1106831034311733
0.5 -2.2075906321999423
0.51 -2.307417280318439
0.52 -2.4101708566878504
0.53 -2.5158348292156423
0.54 -2.6243651145577602
0.55 -2.7356926691701697
0.56 -2.8497253789733605
0.57 -2.966353887205219
0.58 -3.085456166320313
0.59 -3.2069047539774114
0.6 -3.330569766004319
0.7 -4.664874563207454
0.8 -6.126170319831232
0.9 -7.675055915706196
1.0 -9.29100644829461
1.1 -10.961157437841834
1.2 -12.676616771221484
1.3 -14.43085832292573
1.4 -16.218887195894254
1.5 -18.036758400721013
1.6 -19.88127973866267
1.7 -21.74981363486239
1.8 -23.64014851998064
1.9 -25.55040294446701
2.0 -27.478958754264838
2.1 -29.424411534088293
2.2 -31.385530770674976
2.3 -33.36123116332618
2.4 -35.35054905019618
2.5 -37.35262304940166
2.6 -39.36668151855322
2.7 -41.39202779716656
2.8 -43.42802966920651
2.9 -45.474113619156356
3.0 -47.52975525739067
3.1 -49.594474635618596
3.2 -51.66783028611411
3.3 -53.749416993247245
3.4 -55.8388596532749
3.5 -57.935810142628014
3.6 -60.03994638891804
3.7 -62.15096865104714
3.8 -64.26859713625761
3.9 -66.39257068810704
4.0 -68.52264498834276
4.1 -70.6585910314233
4.2 -72.80019377300017
4.3 -74.94725135528778
4.4 -77.09957288434714
4.5 -79.25697866840463
4.6 -81.41929987759825
4.7 -83.5863755517482
4.8 -85.75805423352949
4.9 -87.93419194956337
5.0 -90.11465211278389
