0.0  -2.2204460492503128e-16  0.0
0.1  0.006218195233435031  0.0002497310129323792
0.2  0.027563315408454712  0.0005286328701702835
0.3  0.0667309503555913  0.000833281690421533
0.4  0.1494914455237257  0.001277760202585987
0.41  0.16161570772406883  0.0013361849302275315
0.42  0.1737419816325028  0.0013874895740442683
0.43  0.19180783200653823  0.0014673310899898622
0.44  0.20817606829799828  0.0015287866131605298
0.45  0.22875429683143256  0.001614684427014797
0.46  0.2539133070297182  0.001715970678719441
0.47  0.27863403583802987  0.0018137135843051399
0.48  0.29955382973627065  0.0018883186500284637
0.49  0.3268887691618367  0.0019993506784434347
0.5  0.36539500888024307  0.0021224019892871282
0.51  0.39295751587598765  0.0022212263428361763
0.52  0.4306721199391141  0.0023451779687604663
0.53  0.4612806976428791  0.0024549363707380457
0.54  0.49501278180432134  0.002566497309975028
0.55  0.5254851521179593  0.002666718270289221
0.56  0.555089504545927  0.002764472204692839
0.57  0.5851009877263628  0.002865378254429842
0.58  0.6037504083135071  0.002923763254373119
0.59  0.628694299786558  0.003005358459253527
0.6  0.6303322454767716  0.0030208225138010497
0.7  0.7029946341005274  0.003239371812854309
0.8  0.7115997747559961  0.003265432817636261
0.9  0.7081342396102441  0.0032564847593724543
1.0  0.6994279707344347  0.0032188071522970345
1.1  0.7041019493279596  0.003232588877171109
1.2  0.7094124418995919  0.003245018582473801
1.3  0.7055612858471156  0.0032361068342304125
1.4  0.7102968553116206  0.003253166752688273
1.5  0.7036309153515714  0.003231605702459407
1.6  0.7033492086246266  0.0032293326878293
1.7  0.6987572679492223  0.0032166206775743017
1.8  0.708969856302581  0.003248487909591347
1.9  0.7048951313738122  0.0032350028820092255
2.0  0.703398958530359  0.0032316979929346004
2.1  0.705782665389122  0.0032400063017609284
2.2  0.7025898913862226  0.0032268880719859222
2.3  0.6986991260773812  0.003217908236765722
2.4  0.7008069613696221  0.003216712664391268
2.5  0.6980792214335126  0.003213848076391084
2.6  0.7101503799902668  0.0032501415322484105
2.7  0.7071155640250913  0.0032407848011967136
2.8  0.7093761789558428  0.003244970826683073
2.9  0.7089159406181264  0.003248507996797826
3.0  0.7054361738169654  0.003234366839973359
3.1  0.7071415513784318  0.0032358234366049532
3.2  0.6964266298931989  0.0032089900413489764
3.3  0.7004582033185714  0.003221979383699357
3.4  0.7048785697361106  0.003232011709508451
3.5  0.7020585514574895  0.0032239957060722314
3.6  0.7030110288196688  0.0032287750332822226
3.7  0.706394739910032  0.0032346144525325603
3.8  0.6997368650799443  0.003213486667223914
3.9  0.7065556917018935  0.0032376330847880114
4.0  0.7035201762361659  0.0032214803075649237
4.1  0.7001890175509305  0.0032170523267933083
4.2  0.7059821723233867  0.0032360484663334988
4.3  0.7007471380676111  0.00322195850995226
4.4  0.703551894577747  0.0032265376984658405
4.5  0.7040685207411931  0.0032284897025648164
4.6  0.7051291277119082  0.003233140368862041
4.7  0.7051071517558289  0.0032338994683653206
4.8  0.7006677977988258  0.003216915333480929
4.9  0.7035261306786862  0.003228528207331301
5.0  0.6980682585499702  0.003210189996321241
0.0  -2.2204460492503128e-16  0.0
0.1  0.0061577436603685665  0.00024851177151049306
0.2  0.02626960408519799  0.0005158344117041396
0.3  0.06589372265376454  0.0008252264607392665
0.4  0.14581736432905174  0.0012556390966673506
0.41  0.1641871673266924  0.0013420979131123288
0.42  0.17614281760914624  0.0013985498740807262
0.43  0.1905882610490652  0.0014575816869203772
0.44  0.20995093157489345  0.0015417711844817232
0.45  0.23003552575051697  0.0016241364368956262
0.46  0.25042215267841195  0.0016991402663485236
0.47  0.27255909959164165  0.0017890458934892233
0.48  0.29651439196028406  0.0018827925473161456
0.49  0.3325867052406213  0.0020077981344324837
0.5  0.3618325575318621  0.002111639863145518
0.51  0.3912914548389819  0.0022133178113848614
0.52  0.42621727407187654  0.0023355233127977195
0.53  0.4590430953250062  0.002448859760346152
0.54  0.49489901246340495  0.002565676584574642
0.55  0.5268084691137027  0.00267205122989353
0.56  0.5579525220859415  0.002777357057933707
0.57  0.5769106474961131  0.002846520183362012
0.58  0.5985522525426559  0.0029107062247044745
0.59  0.6280404366275913  0.0030027612083775436
0.6  0.63955875755124  0.0030481218851083672
0.7  0.7033255757861897  0.0032423693702637313
0.8  0.7057920915185683  0.0032455183673153554
0.9  0.7093929117409349  0.0032576801316540525
1.0  0.7061961132566626  0.003244262883650545
1.1  0.7099997094510394  0.0032521164564691227
1.2  0.7037240291838376  0.003235223293614063
1.3  0.7009376330638679  0.00322831726894305
1.4  0.7078978011790292  0.00324599350755458
1.5  0.7066784435760126  0.003240294057335516
1.6  0.706185112722418  0.0032440541951932267
1.7  0.7108947135854236  0.003249959183871137
1.8  0.7043480059449209  0.003231862975410934
1.9  0.7035278519365741  0.003234665873278593
2.0  0.709086525617051  0.0032459738393992945
2.1  0.7075711425597341  0.003241914484920458
2.2  0.7081053054396083  0.0032416785286809528
2.3  0.7019173624417722  0.0032228261883546785
2.4  0.7026141677039983  0.0032275961106308796
2.5  0.710794619282928  0.0032476544598151517
2.6  0.699475061097047  0.0032155502602784496
2.7  0.7055894549156483  0.0032371958536041114
2.8  0.7016858354787414  0.0032238053103315913
2.9  0.7060296016773394  0.003240724447100286
3.0  0.7058021353125311  0.0032339193594574283
3.1  0.7040415672841103  0.0032339819796881743
3.2  0.7068023666404603  0.003239257461473454
3.3  0.7034916216942352  0.0032278188918745177
3.4  0.703652130702638  0.0032288991656907536
3.5  0.7032996651626678  0.0032351389549106118
3.6  0.7050806757298906  0.0032312614918138718
3.7  0.7042442327415892  0.0032277714687317365
3.8  0.7050614097281579  0.003233860219662891
3.9  0.6997117120059118  0.003216775003599403
4.0  0.70351572586431  0.0032276190081658783
4.1  0.7051183789764808  0.0032325229161265343
4.2  0.7036052213589726  0.003225056130168109
4.3  0.7057125866448304  0.0032327794646542255
4.4  0.7061194275461332  0.003235837205788015
4.5  0.7007270618617606  0.003220751848110638
4.6  0.7027958013896806  0.0032246211637865785
4.7  0.7052482258286545  0.0032333422166111866
4.8  0.7013511711812355  0.0032237618066433232
4.9  0.7014643419286416  0.0032147422020035454
5.0  0.7065583297684741  0.0032385014823172013
