#mmax= 10
#m-states: all states (FBR)
#Nr. of sites: 14
 
0.0  0.0 
0.1  0.022975346204529387 
0.2  0.07702365838298342 
0.3  0.16003876806402786 
0.4  0.28972140140389707 
0.41  0.307322132682425 
0.42  0.3261166576890424 
0.43  0.3461248793273152 
0.44  0.36776061177517755 
0.45  0.3907423404678109 
0.46  0.41512520395508334 
0.47  0.44088544552294895 
0.48  0.4676935030772605 
0.49  0.4954760697135842 
0.5  0.5235679951932267 
0.51  0.5514092057447513 
0.52  0.5784237512781238 
0.53  0.6039970203021675 
0.54  0.6275191556774475 
0.55  0.6486079008061371 
0.56  0.6670981274657407 
0.57  0.6828978836645755 
0.58  0.6960352446307074 
0.59  0.7067672626425309 
0.6  0.7153639511313937 
0.7  0.7402896828997747 
0.8  0.7380848446058254 
0.9  0.7354270184203059 
1.0  0.7336327557681004 
1.1  0.7323924807637683 
1.2  0.7314849092651509 
1.3  0.7307853031709335 
1.4  0.7302242134556582 
1.5  0.7297624726754645 
1.6  0.7293727540270293 
1.7  0.72903707509246 
1.8  0.7287455184801369 
1.9  0.7284882582491616 
2.0  0.7282594169907954 
2.1  0.7280540410007988 
2.2  0.7278685019115837 
2.3  0.7277000717453521 
2.4  0.7275458977244328 
2.5  0.7274037248187757 
2.6  0.7272730087116597 
2.7  0.7271521240308653 
2.8  0.7270398829998427 
2.9  0.7269352140715266 
3.0  0.7268375269888259 
3.1  0.7267458755213007 
3.2  0.7266593524302958 
3.3  0.7265783628531527 
3.4  0.7265019198401628 
3.5  0.7264296692698076 
3.6  0.7263612374493276 
3.7  0.7262963239049732 
3.8  0.7262346136171731 
3.9  0.7261758729454242 
4.0  0.7261198911623077 
4.1  0.7260664533949706 
4.2  0.7260153874782833 
4.3  0.7259667282210751 
4.4  0.7259197186194689 
4.5  0.7258748296737123 
4.6  0.7258317360911279 
4.7  0.7257903255105215 
4.8  0.725750496949892 
4.9  0.7257121516528994 
5.0  0.7256753174245864 
