#mmax= 10
#m-states: all states (FBR)
#Nr. of sites: 14
 
0.0  -0.0 
0.1  0.006345567776176538 
0.2  0.02670063321979873 
0.3  0.06678267554740361 
0.4  0.14825856627916095 
0.41  0.16110513657045458 
0.42  0.1753233256042884 
0.43  0.19103710278548314 
0.44  0.2087098640347663 
0.45  0.22830125942195054 
0.46  0.25005667678974897 
0.47  0.2741790986023612 
0.48  0.3006179663592658 
0.49  0.32954374811843673 
0.5  0.36052452476296565 
0.51  0.39311120148453693 
0.52  0.42670446732426304 
0.53  0.460501120272781 
0.54  0.4935220176335281 
0.55  0.5249166865145403 
0.56  0.5540408047414256 
0.57  0.5803112209411097 
0.58  0.6033358271062084 
0.59  0.6231159715598547 
0.6  0.639783923589574 
0.7  0.7015340058539288 
0.8  0.7063931869311088 
0.9  0.7061816691333781 
1.0  0.7057171761083996 
1.1  0.7053562823428683 
1.2  0.7050855491514839 
1.3  0.7048746692058458 
1.4  0.7047057359506541 
1.5  0.7045668739445624 
1.6  0.7044490285688116 
1.7  0.7043466667447706 
1.8  0.7042580636443587 
1.9  0.7041794633610617 
2.0  0.7041097105803231 
2.1  0.7040469692748318 
2.2  0.7039903662630945 
2.3  0.703939341294595 
2.4  0.7038922491957081 
2.5  0.7038487926914648 
2.6  0.7038088082053434 
2.7  0.7037717826940266 
2.8  0.7037374350689847 
2.9  0.7037053804625086 
3.0  0.7036754705751216 
3.1  0.7036473801716745 
3.2  0.7036208936601823 
3.3  0.7035960590262165 
3.4  0.7035726306586175 
3.5  0.7035504674808963 
3.6  0.7035294826401052 
3.7  0.7035095520955952 
3.8  0.7034906053632206 
3.9  0.7034725553149426 
4.0  0.7034553557712899 
4.1  0.7034389254651693 
4.2  0.7034232261559149 
4.3  0.7034082680068474 
4.4  0.7033938007480577 
4.5  0.7033799846354414 
4.6  0.7033667206794098 
4.7  0.7033539699087401 
4.8  0.7033417029736825 
4.9  0.7033298896947461 
5.0  0.7033185427952355 
