#mmax= 10
#m-states: all states (FBR)
#Nr. of sites: 14

0.0  0.0 0.0 0.0 NaN NaN 0.0 
0.1  -0.00126 0.0012255607467569444 0.1501999143991439 -0.05209148102014334 26.099113497542135 0.0 
0.2  0.00256 0.0024172697193174278 0.5843192895928956 0.030073682082252376 6.2746149537823666 0.0 
0.3  -0.00022 0.0036210123768507514 1.3111730633306327 -0.02462750269969921 2.6406602835899626 0.0 
0.4  0.00292 0.004868280162184318 2.3700151737517374 0.007246401315024199 1.2370526785134288 0.0 
0.41  0.00048 0.005034943018794953 2.535065120251203 0.00587416323416133 1.1583219567353247 0.0 
0.42  0.00058 0.0051626992136509075 2.6653463170631695 0.009836567894430355 1.1277968422540878 0.0 
0.43  0.00492 0.005256770327144104 2.7633634272342733 0.02017015339801936 1.0242529875609785 0.0 
0.44  -0.005 0.005397707045812461 2.9135241352413495 -0.01608222512766873 0.9815644815546016 0.0 
0.45  -0.0092 0.005543524231624595 3.0730660906609053 -0.0067687171432884935 0.8907732612195116 0.0 
0.46  0.00424 0.0056716260364571775 3.2167341897418953 0.0012555403094782565 0.7924807430138618 0.0 
0.47  0.0058 0.005807856826059774 3.373120091200911 0.036808420543593526 0.7508657675138348 0.0 
0.48  -0.00218 0.005950118193369369 3.540390651506516 0.008219493608242697 0.7250699760693906 0.0 
0.49  -0.00588 0.00610711283867199 3.7296827224272247 0.006934963193937343 0.6395652808492192 0.0 
0.5  0.00468 0.006219917029163531 3.8687367849678487 -0.00322716668123488 0.5379121090607444 0.0 
0.51  0.00054 0.006386736646210636 4.0790404988049875 0.011521014058257362 0.5612392154407804 0.0 
0.52  0.01396 0.006503112646167286 4.229047408874088 -0.0045066749184687884 0.4938241760038524 0.0 
0.53  0.01474 0.006622768751410495 4.386106593465933 -0.002677520112536457 0.42808232240626376 0.0 
0.54  -0.00428 0.006775564618447603 4.590827589875901 -0.010094720341468761 0.37943066522521196 0.0 
0.55  0.01932 0.006895965698829221 4.755434291942919 -0.003296955274116282 0.38918008675328686 0.0 
0.56  0.01296 0.007008024793628735 4.911241150811507 -0.02032281132977233 0.35162036240332517 0.0 
0.57  0.00758 0.0071417879755250975 5.100513548735487 -0.014854164850624319 0.30937852366927965 0.0 
0.58  0.00464 0.007240131828847386 5.2419508899089 0.005625386911029317 0.27699067326041504 0.0 
0.59  -0.00894 0.007342488671111373 5.391213988539886 -0.011820764233615578 0.30487879847551635 0.0 
0.6  -0.00032 0.007479449070458598 5.594215839758398 0.00030914539366487184 0.2438542378660289 0.0 
0.7  0.00744 0.00824689799726332 6.801132657726576 0.007327296476243828 0.14379650558962576 0.0 
0.8  -0.01988 0.00878653628503285 7.7203219888198875 -0.0117345245953229 0.11365922889546498 0.0 
0.9  -0.00128 0.009197088097887005 8.45864294802948 0.003824342519687393 0.0916347389908152 0.0 
1.0  -0.00202 0.009538452128971983 9.098206901669018 0.0018545751120138025 0.02967740811395947 0.0 
1.1  -0.01418 0.009889679839796297 9.780576733367331 -0.004321266258042693 0.0332205043009699 0.0 
1.2  -0.01444 0.010205163218565549 10.414535631756317 -0.004262089197841487 0.05552725482279097 0.0 
1.3  0.00368 0.010475464759599897 10.973536192961932 -0.011603245267272978 0.0374535700845291 0.0 
1.4  -8.0e-5 0.010712588274150897 11.47595475314753 6.26152064616275e-5 0.054973802831435936 0.0 
1.5  0.00362 0.01092519393670545 11.935986255462554 -0.011429303658925886 0.02719722435650418 0.0 
1.6  -0.0127 0.011131038859884597 12.390002610026098 0.0025932733872788528 0.009722888087538184 0.0 
1.7  0.00428 0.011381507466198051 12.9538712203122 0.005180232398951048 0.013221564313463663 0.0 
1.8  0.01 0.011586938446864455 13.425714257142566 0.0007145712065984793 0.023280732728519382 0.0 
1.9  0.013 0.011773618652774594 13.861809618096187 0.014584204512734504 0.018297325647437912 0.0 
2.0  -0.01622 0.011946011727265374 14.270719618796186 -0.0019987239075168048 0.023979188087857928 0.0 
2.1  0.01948 0.012123665911297262 14.698327512875128 0.019240946387903322 0.01723726594797359 0.0 
2.2  0.00578 0.01229233813933579 15.110157693176925 -0.016456417646582643 0.03571818369608337 0.0 
2.3  -0.00016 0.012422944217834613 15.432954303943045 -0.004132014977914745 0.0033608251773773468 0.0 
2.4  0.01184 0.01256624754052587 15.791057724977248 -0.00430560230097916 0.014163573315061129 0.0 
2.5  -0.00098 0.01274078544172755 16.23276136721367 -0.0015026785163632544 0.01797736442982112 0.0 
2.6  0.03198 0.012894705717090069 16.62734355303553 0.011420048641026479 0.024806250368570204 0.0 
2.7  0.00056 0.013006340319739644 16.916488851288516 -0.0017146658423037103 -0.004411278794281603 0.0 
2.8  0.00288 0.01317406742872247 17.355605261652627 -0.016732360053862604 0.00015153500251052776 0.0 
2.9  -0.00326 0.013299069981642465 17.686526237662374 0.0011563902741187175 0.026317865847713673 0.0 
3.0  0.03218 0.013395515625551288 17.943983887438872 0.0007966273768058408 0.0050091292925174 0.0 
3.1  0.03818 0.013575642373628535 18.429806585665858 0.005649992103976806 0.00024262010998921113 0.0 
3.2  0.0269 0.013675344019451228 18.701503405034046 5.915757174414362e-5 0.01231073137954608 0.0 
3.3  0.02086 0.013736416399314449 18.868913549535495 -0.0056642408697701 0.007610902752973381 0.0 
3.4  -0.02508 0.013919958605846352 19.37652475884759 -0.001371633270360703 0.01108721366748533 0.0 
3.5  -0.00816 0.013990928904290666 19.574609160491605 -0.005136284117369711 0.004177599743085292 0.0 
3.6  0.0134 0.014103311435047245 19.890339343393435 0.002234034046774153 0.007744873236166239 0.0 
3.7  -0.01216 0.01422461756046353 20.23397447414474 -0.007011885972117542 0.02335640816007345 0.0 
3.8  0.0057 0.014339781427668761 20.562933139331395 -0.005652509557164755 0.01322757758818005 0.0 
3.9  0.0016 0.014489488391683762 20.99452738527385 0.018698962427925448 0.018872233129080485 0.0 
4.0  -0.0133 0.014537700799901113 21.134474454744545 0.0028800314810999324 -0.0016185479204047226 0.0 
4.1  0.02194 0.014592796711431244 21.294971586115853 0.006676161201586217 -0.019725270728861766 0.0 
4.2  -0.00252 0.014737289722777519 21.718770837308387 -0.004234612134075623 0.002881804054084558 0.0 
4.3  0.00136 0.014800857142669864 21.906537215772154 0.0037036914436205646 0.015739225938455892 0.0 
4.4  0.0209 0.014917233561842873 22.25238571385714 -0.00613918181402752 0.017711437592573542 0.0 
4.5  0.00874 0.015021833865374985 22.565549267892678 0.0061535990091667065 0.004933893913247722 0.0 
4.6  0.02213 0.015065970677846305 22.698347246572464 -0.008232588964351563 0.04066556610249972 0.0 
4.7  -0.0066 0.015206139439935656 23.12266766667667 0.011996327357967069 0.014188591670048378 0.0 
4.8  -0.01842 0.015234701441028637 23.209612799728 0.008171413485996069 0.02676360152392876 0.0 
4.9  -0.02228 0.015315475234344397 23.456378165381654 0.008525044111162164 0.030886073132047276 0.0 
5.0  -0.00422 0.01550043304395866 24.026342455024555 -0.006869725158878226 0.005838087278528636 0.0 
