#mmax= 10
#m-states: all states (FBR)
#Nr. of sites: 14
 
0.0  2.4536302420394903e-47 
0.1  0.0024809630366908956 
0.2  0.00969077597212732 
0.3  0.02090069697954881 
0.4  0.034691336520631964 
0.41  0.036124238885938714 
0.42  0.037553142552377516 
0.43  0.03897398510303612 
0.44  0.04038128853228707 
0.45  0.041770581961752956 
0.46  0.04313562261410872 
0.47  0.044471077590714087 
0.48  0.045771577419485635 
0.49  0.04702983873992728 
0.5  0.04824262278357306 
0.51  0.04940566345097805 
0.52  0.05051663320336975 
0.53  0.05157522319436266 
0.54  0.05258301764034574 
0.55  0.053543225620737336 
0.56  0.05445984533715288 
0.57  0.055338051643786565 
0.58  0.05618380534615482 
0.59  0.057001808281580794 
0.6  0.05779641464332635 
0.7  0.06501027351718763 
0.8  0.07140573046958663 
0.9  0.077175546638412 
1.0  0.08245624537953263 
1.1  0.08735912868209748 
1.2  0.09196215422058963 
1.3  0.09632123468706486 
1.4  0.10047749438908163 
1.5  0.10446039675310062 
1.6  0.10829433271448267 
1.7  0.11199425725234323 
1.8  0.11557755288064177 
1.9  0.11905413339170523 
2.0  0.12243451774047723 
2.1  0.12572604747821556 
2.2  0.1289363562643136 
2.3  0.1320713548215525 
2.4  0.13513644426441657 
2.5  0.1381379226958509 
2.6  0.14107607258437388 
2.7  0.14395730736321927 
2.8  0.1467842135052663 
2.9  0.14956018280279368 
3.0  0.15228762205277763 
3.1  0.15496930026637584 
3.2  0.15760670467451615 
3.3  0.16020195794811215 
3.4  0.16275920509221986 
3.5  0.1652770536917789 
3.6  0.16776153467504812 
3.7  0.17021033069540448 
3.8  0.17262557027511793 
3.9  0.17500853623409934 
4.0  0.17736076386306626 
4.1  0.17968352935344029 
4.2  0.1819778904721108 
4.3  0.18425039975165977 
4.4  0.1864859087072573 
4.5  0.1887011916618162 
4.6  0.19089153183869814 
4.7  0.19305873543410623 
4.8  0.19520284560362164 
4.9  0.19732384283722182 
5.0  0.19942999025482466 
