#mmax= 10
#m-states: all states (FBR)
#Nr. of sites: 14
 
0.0  4.9257553887919906e-8 
0.1  2.2862541375438057e-9 
0.2  -5.662379271079838e-9 
0.3  -5.859262390533593e-7 
0.4  -2.0353557271930854e-6 
0.41  3.501173515570444e-6 
0.42  1.7635267549408046e-6 
0.43  3.155953872268304e-5 
0.44  6.973928396107533e-6 
0.45  1.5925808859828055e-5 
0.46  4.6971371999867096e-5 
0.47  0.00011656994114467732 
0.48  1.874443948569802e-5 
0.49  3.259192071446105e-5 
0.5  -0.00010427486722386616 
0.51  -5.0590364232962864e-5 
0.52  -5.328299704464386e-5 
0.53  -1.6973345453630957e-5 
0.54  -4.371562275728372e-5 
0.55  -5.1761364227396136e-5 
0.56  -4.764415557431952e-5 
0.57  -0.00012714583664457944 
0.58  -0.00013924454850196402 
0.59  -8.746148614091601e-5 
0.6  -7.573942314111887e-5 
0.7  -9.086404249861845e-5 
0.8  0.00030095315088289707 
0.9  0.0014111245772467926 
1.0  0.005673745854793027 
1.1  -0.005970222365390918 
1.2  -0.008305568334287559 
1.3  -0.01404233709041896 
1.4  -0.01377581843636478 
1.5  -0.009338415435514686 
1.6  -0.00750745332318028 
1.7  -0.01203918611786586 
1.8  -0.012081348608949678 
1.9  -0.014137407609070089 
2.0  -0.014513295989771266 
2.1  -0.015348099621924929 
2.2  -0.015434230011465542 
2.3  -0.013206160039747417 
2.4  -0.013294729167749028 
2.5  -0.01385805085987335 
2.6  -0.013972512742795345 
2.7  -0.014332349480183039 
2.8  -0.014392558390961476 
2.9  -0.014496617400373836 
3.0  -0.014536876509877027 
3.1  -0.014649402229581325 
3.2  -0.014746252201149817 
3.3  -0.014816393677184776 
3.4  -0.014755821597906855 
3.5  -0.01477115377251422 
3.6  -0.014705659160369585 
3.7  -0.01476183020620963 
3.8  -0.014766578458234784 
3.9  -0.014832820682671385 
4.0  -0.014841759969001072 
4.1  -0.01490012724494054 
4.2  -0.014913949929483531 
4.3  -0.014955643067470107 
4.4  -0.014947639805515141 
4.5  -0.014986320507357945 
4.6  -0.015001724256422662 
4.7  -0.015024529991174615 
4.8  -0.015045251028353489 
4.9  -0.015066586907480035 
5.0  -0.015091532230304086 
