#mmax= 10
#m-states: all states (FBR)
#Nr. of sites: 14

0.0  -2.2204460492503128e-16  0.0
0.1  -0.0  6.864723830744447e-19
0.2  -0.0  1.6327533434098554e-19
0.3  0.0004501011481968575  6.709745365799699e-5
0.4  0.0030646194963336614  0.00017519357638991215
0.41  0.0036463722790126  0.00019112291544504204
0.42  0.00455873015712598  0.0002137196145991196
0.43  0.004831218826328924  0.00022005734915573634
0.44  0.005766117782205729  0.00024046524791718917
0.45  0.0065002614640698635  0.00025535617315797357
0.46  0.007749061723412512  0.00027889682829474626
0.47  0.0094201668338223  0.00030758738427987426
0.48  0.010407588556323585  0.0003233691366529262
0.49  0.012887871884555008  0.0003600943846047865
0.5  0.013175554935675491  0.00036406705898484634
0.51  0.015695747348710515  0.0003975401277455491
0.52  0.016947778083419587  0.00041318660891485025
0.53  0.01890898209200531  0.0004367925238227738
0.54  0.021553246077508973  0.0004664790452710951
0.55  0.023861302189676893  0.0005001590526937277
0.56  0.02572911866274469  0.0005097966656452379
0.57  0.028172429454890693  0.0005338248445095343
0.58  0.031234892598712857  0.0005675948547352274
0.59  0.03208883771079675  0.0005712170488806535
0.6  0.03472067047638721  0.000594127663293784
0.7  0.05585644213656167  0.0007575683149223487
0.8  0.07377537407415184  0.0008811531028565958
0.9  0.08613336963680523  0.0009537446033878526
1.0  0.09745376189927983  0.0010391888273525492
1.1  0.10932463840554758  0.0010918676517425046
1.2  0.11763414657581645  0.0011545702881785463
1.3  0.12475036867350807  0.0012047348613623795
1.4  0.13033568678449814  0.0012431600370503416
1.5  0.13603458669393456  0.0012872524189008528
1.6  0.14390659116871587  0.00134387522173255
1.7  0.14818813243182247  0.0013720411798308289
1.8  0.14975142981490047  0.001413694883844324
1.9  0.15439988068397995  0.0014319313941404108
2.0  0.15824383680211482  0.0014587333289073079
2.1  0.15985464798775542  0.0014994043326435492
2.2  0.1621143384999203  0.0015158827726798236
2.3  0.16335326658929614  0.0015369800081736372
2.4  0.16416559442648557  0.001558387804041687
2.5  0.16672737949385213  0.0015797993326746795
2.6  0.16634564868008603  0.0016186084011974502
2.7  0.16561743904075815  0.001668943929773013
2.8  0.16656599699033264  0.0016377829446071513
2.9  0.16506435906131037  0.0016916872836915283
3.0  0.169198792050804  0.0016384558522110355
3.1  0.16717992224481623  0.0017172254374175956
3.2  0.1670252190076057  0.0017633070514569951
3.3  0.16867374238317093  0.0017426216833878664
3.4  0.16769269385455537  0.0017563651435286002
3.5  0.16835482930650725  0.0017717614822017399
3.6  0.1637244960559195  0.0017818811565133653
3.7  0.16307039933332562  0.0017886663349291673
3.8  0.15843385811865499  0.001807644087674286
3.9  0.16205306043773218  0.0018039316426691177
4.0  0.160223259150417  0.0018433079594658225
4.1  0.16366884712730995  0.0018227516056445359
4.2  0.1564244240305979  0.0018357577347946888
4.3  0.15990266416335588  0.0018473846614466556
4.4  0.15629921317067766  0.0018453756369649912
4.5  0.1585443200581124  0.0018412314962356763
4.6  0.1578376935339635  0.0018190444784154155
4.7  0.1590117414289595  0.0018265243454772557
4.8  0.1554677702998112  0.0018221972734266667
4.9  0.15470073976744317  0.0018701260453652792
5.0  0.15450001912855243  0.0018421322966039786
