#mmax= 10
#m-states: all states (FBR)
#Nr. of sites: 14

0.0  1.0000000000000002  0.0
0.1  1.0  6.864723830744447e-19
0.2  1.0  1.6327533434098554e-19
0.3  0.9995500001321289  6.70672598127164e-5
0.4  0.9969400716565718  0.00017465749659993011
0.41  0.9963602676633669  0.00019042727918942514
0.42  0.9954516450812385  0.0002127475419388219
0.43  0.9951804327400375  0.00021899676796043122
0.44  0.9942504743688497  0.00023908268681088838
0.45  0.9935208195334168  0.00025370167442882697
0.46  0.9922808848528365  0.0002767439915629604
0.47  0.9906240639417115  0.00030470346463252996
0.48  0.9896463829932828  0.00032002109646022905
0.49  0.9871948211095284  0.0003554833115924679
0.5  0.986910862738305  0.00035930173527733204
0.51  0.9844267889564118  0.00039134915143787264
0.52  0.9831950276229982  0.0004062430193654891
0.53  0.9812686712000205  0.0004286108194416766
0.54  0.9786773653509252  0.0004565324830173303
0.55  0.976421127838981  0.000488365866330086
0.56  0.9745990545507315  0.0004968473483509642
0.57  0.9722207128598715  0.0005189955708713695
0.58  0.9692478771823645  0.0005501401080517518
0.59  0.9684205459932351  0.0005531783263576469
0.6  0.9658751760326684  0.0005738531613697616
0.7  0.9456748852122502  0.0007164133292546299
0.8  0.9288803210109836  0.000818485777041259
0.9  0.9174718601712711  0.0008750338353985643
1.0  0.9071442852149242  0.0009426942059920636
1.1  0.8964393516134315  0.000978793129775731
1.2  0.8890212445911967  0.0010264375145645078
1.3  0.8827172289560506  0.0010634402184485515
1.4  0.8778007153577004  0.0010912467698268953
1.5  0.8728124442697948  0.0011235299301330592
1.6  0.8659686333994182  0.0011637537892230764
1.7  0.8622688789405173  0.0011830684099929534
1.8  0.8609219493586185  0.0012170809551975612
1.9  0.8569292830210566  0.0012270639429160844
2.0  0.8536416073495082  0.001245235463582733
2.1  0.8522676587828047  0.0012778938201509114
2.2  0.8503439719274569  0.0012890217778969675
2.3  0.849291109240257  0.0013053434560218876
2.4  0.8486014865681126  0.0013224502071593923
2.5  0.8464303341519894  0.001337190077048919
2.6  0.8467535043703325  0.001370562335917202
2.7  0.8473703430010094  0.0014142135902212105
2.8  0.8465669442213107  0.0013864929027138564
2.9  0.8478391362010176  0.001434278685327271
3.0  0.8443410384148717  0.0013834155156527894
3.1  0.8460473748993254  0.0014528540734375026
3.2  0.8461782712918425  0.0014920721125585962
3.3  0.844784475799599  0.0014721397453178336
3.4  0.84561365703359  0.0014852063521055459
3.5  0.8450539315800962  0.001497234006356759
3.6  0.8489758858684879  0.0015127741333633002
3.7  0.8495313798665922  0.0015195281796332957
3.8  0.8534794126581386  0.0015427870142432065
3.9  0.8503960809548038  0.0015340563992361793
4.0  0.8519535613036769  0.0015704127806463212
4.1  0.8490231317815319  0.0015475582766841397
4.2  0.855196147538527  0.0015699329426104708
4.3  0.8522267371317005  0.0015743906022518345
4.4  0.8553032340876203  0.0015783557504026593
4.5  0.8533851408737474  0.0015712795997962633
4.6  0.853988378556376  0.0015534428446439094
4.7  0.8529863436317773  0.0015580003230030695
4.8  0.8560146655803686  0.0015598275896337877
4.9  0.8566715068414711  0.001602083697266555
5.0  0.8568434757519212  0.001578419039817022
