#mmax= 10
#m-states: all states (FBR)
#Nr. of sites: 14
 
0.0  2.1197647775231688e-23 
0.1  0.6557193374770635 
0.2  1.3483048929382448 
0.3  2.1292577778155013 
0.4  3.09374305277369 
0.41  3.206733631461848 
0.42  3.323638100842434 
0.43  3.444413434951775 
0.44  3.5702207577507536 
0.45  3.700277797648699 
0.46  3.8348521562346938 
0.47  3.974028461191181 
0.48  4.117229407160422 
0.49  4.264513037144949 
0.5  4.4146157802285035 
0.51  4.566441046130564 
0.52  4.718791353971392 
0.53  4.8702218221319615 
0.54  5.019046054924385 
0.55  5.163923091873968 
0.56  5.303912269912742 
0.57  5.438037433694463 
0.58  5.565516015133372 
0.59  5.68625852801908 
0.6  5.800283122700479 
0.7  6.645184354421181 
0.8  7.1850354571378405 
0.9  7.58320299520398 
1.0  7.898636213392464 
1.1  8.158882552889299 
1.2  8.379664466710459 
1.3  8.570741471682995 
1.4  8.73860454136295 
1.5  8.887868715757348 
1.6  9.021884206115905 
1.7  9.143253267278702 
1.8  9.253845139316335 
1.9  9.35525586716894 
2.0  9.448705576195861 
2.1  9.535226375744447 
2.2  9.615633900377372 
2.3  9.690628346331186 
2.4  9.760802725851681 
2.5  9.826625634000871 
2.6  9.888594497949269 
2.7  9.947050396186514 
2.8  10.002309664721189 
2.9  10.054654166444909 
3.0  10.104342198735173 
3.1  10.151583445259558 
3.2  10.196582539331999 
3.3  10.239503431012164 
3.4  10.280508475995479 
3.5  10.319724276710684 
3.6  10.35728711707138 
3.7  10.393308535656965 
3.8  10.427892635536171 
3.9  10.46113555734702 
4.0  10.493119740785334 
4.1  10.523921377670403 
4.2  10.553612691924947 
4.3  10.582220237184082 
4.4  10.60991667098312 
4.5  10.63664536750611 
4.6  10.662496782087109 
4.7  10.687514853139321 
4.8  10.711746150353992 
4.9  10.735230436457659 
5.0  10.757972787563222 
