#mmax= 10
#m-states: all states (FBR)
#Nr. of sites: 14
 
0.0  5.845072416659958e-56 
0.1  -0.32109581583550684 
0.2  -0.6179895959944252 
0.3  -0.8621904282618238 
0.4  -1.013289147514885 
0.41  -1.020985851978328 
0.42  -1.0270165115557486 
0.43  -1.0313585656849817 
0.44  -1.033716108010019 
0.45  -1.0342176968042094 
0.46  -1.0327470959793046 
0.47  -1.029235176344108 
0.48  -1.0237585808033558 
0.49  -1.016225905650391 
0.5  -1.0068789409800736 
0.51  -0.9958998409301362 
0.52  -0.9835235518494625 
0.53  -0.9700608454487395 
0.54  -0.9558924831425804 
0.55  -0.9413577193385712 
0.56  -0.9267301077386202 
0.57  -0.9123029810154711 
0.58  -0.898339754221999 
0.59  -0.8849554563410588 
0.6  -0.8722375834353111 
0.7  -0.7801849915224723 
0.8  -0.7245878037437427 
0.9  -0.6836562784847879 
1.0  -0.6505681065532661 
1.1  -0.6226562249116637 
1.2  -0.5984738786430007 
1.3  -0.5771565997853094 
1.4  -0.5581416405135886 
1.5  -0.5410043546381291 
1.6  -0.5254473358064781 
1.7  -0.5111959526616335 
1.8  -0.498103975105066 
1.9  -0.485997055817698 
2.0  -0.4747613833968434 
2.1  -0.46428600409145165 
2.2  -0.4544938211590978 
2.3  -0.4453112744935469 
2.4  -0.436676018171604 
2.5  -0.42855097931733044 
2.6  -0.42085541850450436 
2.7  -0.4135683259021703 
2.8  -0.40665399877639 
2.9  -0.4000829644384577 
3.0  -0.39382375113254614 
3.1  -0.38785570620136345 
3.2  -0.38215211404151667 
3.3  -0.3766960506136052 
3.4  -0.3714738928398064 
3.5  -0.3664651864276619 
3.6  -0.36166360895665833 
3.7  -0.35704654217680265 
3.8  -0.35260365812339795 
3.9  -0.34832322368272367 
4.0  -0.34419683991780975 
4.1  -0.3402161304283186 
4.2  -0.3363723337519474 
4.3  -0.3326816749652177 
4.4  -0.32906733295176605 
4.5  -0.32559160561946754 
4.6  -0.32222425530312526 
4.7  -0.3189624706908959 
4.8  -0.3157988217975358 
4.9  -0.3127272878732779 
5.0  -0.30976766105683823 
