#mmax= 10
#m-states: all states (FBR)
#Nr. of sites: 37
 
0.0  18.49999999999998 0.013513513513513709 
0.1  22.82558566607313 0.01988794318284892 
0.2  29.590579381729786 0.030538526608714478 
0.3  42.13968540049207 0.05250956387892969 
0.4  76.26099916922837 0.12468665586503647 
0.41  83.3863479410839 0.14119714773270187 
0.42  92.06647286152004 0.1617116075849082 
0.43  102.77681463032451 0.18696197709430462 
0.44  116.31459773083338 0.21839065742450348 
0.45  133.77478694266554 0.25733883137955527 
0.46  156.53431948145126 0.304428114504647 
0.47  186.3222514369343 0.35908666986934545 
0.48  224.47059050392272 0.41804235397982414 
0.49  270.66775604745084 0.4755266551241659 
0.5  321.52460331898897 0.5250366971552554 
0.51  371.65797142876977 0.5629364742268496 
0.52  416.2601693074389 0.5893097129937048 
0.53  453.84912821085425 0.6069558685791128 
0.54  484.8283991937472 0.6186440837258389 
0.55  510.6627484969889 0.6266100355848601 
0.56  532.7871817344997 0.6323045394943816 
0.57  552.0540066642686 0.6365153283802966 
0.58  569.2421402278836 0.6397798913121346 
0.59  584.6889705115673 0.6423599330753196 
0.6  598.7374380758077 0.6444555857765748 
0.7  696.8726489300313 0.6544931216488873 
0.8  757.3627392187542 0.6581031233572923 
0.9  800.9676713388241 0.6599876214149999 
1.0  834.9753335568413 0.6611609530876651 
1.1  862.7727670352667 0.6619695382478346 
1.2  886.2183077106934 0.6625647575911595 
1.3  906.4295062254762 0.6630232674925572 
1.4  924.1438372919973 0.6633885609468786 
1.5  939.8669775397829 0.6636870141838631 
1.6  953.9670991047188 0.6639357957054115 
1.7  966.7173512176089 0.6641465416484129 
1.8  978.3344638371032 0.6643275567693617 
1.9  988.9753626585895 0.6644846393071228 
2.0  998.7758062305761 0.6646223149284778 
2.1  1007.843856940465 0.6647439841456176 
2.2  1016.2646884482643 0.6648522298733555 
2.3  1024.118080539696 0.6649492405331261 
2.4  1031.4633969477118 0.6650366313426723 
2.5  1038.355694603512 0.6651157920056276 
2.6  1044.8373939167357 0.6651877810101282 
2.7  1050.9513735085106 0.6652535703392004 
2.8  1056.728710141091 0.6653138856976655 
2.9  1062.2002636649258 0.6653693893685484 
3.0  1067.3919661754246 0.6654206245939236 
3.1  1072.3281822823712 0.6654680801608228 
3.2  1077.0241530722333 0.6655120921703073 
3.3  1081.5061805468317 0.6655531062842838 
3.4  1085.7917583655767 0.6655914344071694 
3.5  1089.8832833778367 0.6656271873648238 
3.6  1093.8079824759693 0.6656607737900291 
3.7  1097.5649050086856 0.6656922387628514 
3.8  1101.1739712544772 0.6657218718535859 
3.9  1104.6427144229167 0.6657498026075295 
4.0  1107.9800002866198 0.6657761741372474 
4.1  1111.193067666275 0.6658011007412201 
4.2  1114.2899460032354 0.6658247030465787 
4.3  1117.2779325503898 0.6658470870922697 
4.4  1120.1627499280214 0.6658683388939997 
4.5  1122.9506140646736 0.6658885443802065 
4.6  1125.646737511747 0.665907777873167 
4.7  1128.2551950845527 0.6659260981905499 
4.8  1130.78170691027 0.6659435788177563 
4.9  1133.229921638254 0.6659602706330798 
5.0  1135.6042577446665 0.6659762283701083 
