#mmax= 10
#m-states: all states (FBR)
#Nr. of sites: 37
 
0.0  18.5 0.013513513513514486 
0.1  16.77337456254647 0.011019731611607853 
0.2  15.213606626499848 0.008823017357881047 
0.3  13.82064202573556 0.0069610879690357175 
0.4  12.586268394316162 0.005556742248376323 
0.41  12.469897051486292 0.005450516074692158 
0.42  12.35433291313458 0.005353881218382317 
0.43  12.239434751340982 0.0052627527853603695 
0.44  12.125100602201329 0.005182009730823611 
0.45  12.01111729075659 0.005115912238615072 
0.46  11.897179609041034 0.005064518922654582 
0.47  11.78291761731305 0.005025288945808226 
0.48  11.66841652914065 0.005006331900852312 
0.49  11.554097305640536 0.005005342711889571 
0.5  11.441732420918873 0.0050222441038612065 
0.51  11.333440761456473 0.005047550839984205 
0.52  11.230798190047917 0.005072615462925589 
0.53  11.134003426168388 0.00509237332069834 
0.54  11.04265098056389 0.005105460043802523 
0.55  10.955882970732068 0.0051130045905408705 
0.56  10.872941749164402 0.005116134550642637 
0.57  10.793370524504892 0.005116051227368468 
0.58  10.716630804175866 0.005113938766326487 
0.59  10.642561513628433 0.005110073195049858 
0.6  10.570890543754315 0.005104920149662351 
0.7  9.951881696674311 0.0050240991811522084 
0.8  9.455518528755896 0.004922317810121868 
0.9  9.039389984655909 0.004818051765950515 
1.0  8.6811269098098 0.004722447385636763 
1.1  8.366967660214977 0.004631189903276267 
1.2  8.08768082728302 0.0045417875142986786 
1.3  7.836826422934641 0.004455761053664742 
1.4  7.609606288662044 0.00437551271674963 
1.5  7.402347250251827 0.004299640618347311 
1.6  7.212161654744191 0.004227402479705544 
1.7  7.036732503819343 0.004159210726275342 
1.8  6.8741732096063295 0.004094604018114234 
1.9  6.722966704740629 0.004033947530783011 
2.0  6.581799355605096 0.003976002827621339 
2.1  6.449582043710388 0.003920651249117668 
2.2  6.325402500614188 0.003867882138392953 
2.3  6.208440154591577 0.003817437844424454 
2.4  6.098020452954129 0.003769213082518652 
2.5  5.993534208523197 0.0037230386046286368 
2.6  5.894474016513919 0.003678853594353493 
2.7  5.800353537628535 0.00363612611914077 
2.8  5.710787882017357 0.003595070322748084 
2.9  5.625413774376893 0.003555517820623688 
3.0  5.5439069003325745 0.0035173968804464995 
3.1  5.465971946072402 0.003480531599638459 
3.2  5.391392354801923 0.003444795208240925 
3.3  5.319862465605552 0.0034109309898477935 
3.4  5.251198593664426 0.003377079952154971 
3.5  5.185254224308757 0.0033449337410461633 
3.6  5.121791844096844 0.0033132485452225247 
3.7  5.06071661270289 0.003283120418608787 
3.8  5.001844987405119 0.0032544547671520263 
3.9  4.945045959178227 0.003225527265838357 
4.0  4.890206760537123 0.003198069120050495 
4.1  4.837203788119993 0.0031710719043003266 
4.2  4.785958967770164 0.0031448088179707456 
4.3  4.736358952647888 0.003119127733169469 
4.4  4.688324821759281 0.0030946552577384434 
4.5  4.641763786147066 0.003070400314330368 
4.6  4.596606423508953 0.00304677493180594 
4.7  4.552790485337526 0.0030237540238401417 
4.8  4.5102404374953355 0.0030012904136688112 
4.9  4.468897797598913 0.002979709440948941 
5.0  4.428707118624024 0.0029578592513415103 
