#mmax= 10
#m-states: all states (FBR)
#Nr. of sites: 37
 
0.0  -1.7895576034923612e-30 
0.1  0.025781441293526275 
0.2  0.056553181276374036 
0.3  0.09909034487229383 
0.4  0.16623267352425938 
0.41  0.17531217542071467 
0.42  0.18503591228688634 
0.43  0.19548717979611716 
0.44  0.20678187812639562 
0.45  0.219059913921436 
0.46  0.2324838216717652 
0.47  0.2472292065284553 
0.48  0.26335853715513025 
0.49  0.2806523913367592 
0.5  0.29839405127284496 
0.51  0.31557606397593396 
0.52  0.33134213924608796 
0.53  0.3454418064719819 
0.54  0.3579676793267177 
0.55  0.36920715977778784 
0.56  0.3794501405818114 
0.57  0.388873825382728 
0.58  0.39765032881116225 
0.59  0.40585494721926973 
0.6  0.41356899761590077 
0.7  0.4732808385189516 
0.8  0.5145386168367351 
0.9  0.5459435309033815 
1.0  0.5712058760716353 
1.1  0.5922632423177817 
1.2  0.6102604185129623 
1.3  0.625923989565885 
1.4  0.6397503463480942 
1.5  0.652090504948071 
1.6  0.6632053108927766 
1.7  0.673291481111018 
1.8  0.6825072632958499 
1.9  0.6909699146493309 
2.0  0.6987803914209528 
2.1  0.7060201603527747 
2.2  0.7127542361518473 
2.3  0.719042872843488 
2.4  0.7249320053871988 
2.5  0.7304637152062919 
2.6  0.7356713096734666 
2.7  0.7405874330882984 
2.8  0.7452368143765865 
2.9  0.7496434683786117 
3.0  0.7538276064947096 
3.1  0.7578081741969382 
3.2  0.7615981493191873 
3.3  0.7652163345472248 
3.4  0.7686774904806402 
3.5  0.7719842818980394 
3.6  0.7751569209772113 
3.7  0.7781958110265441 
3.8  0.7811161019153733 
3.9  0.7839237825374434 
4.0  0.7866260186524979 
4.1  0.789228315832386 
4.2  0.7917376086957484 
4.3  0.7941593027886316 
4.4  0.7964980873055407 
4.5  0.798758752376343 
4.6  0.8009455772025794 
4.7  0.8030619759658874 
4.8  0.805112294346829 
4.9  0.8070994472840409 
5.0  0.8090270946561486 
