#mmax= 10
#m-states: all states (FBR)
#Nr. of sites: 37
 
0.0 1.1244560045835524e-27
0.1 -0.22557402828663622
0.2 -0.9096497504170101
0.3 -2.0782314573256118
0.4 -3.793275429656717
0.41 -3.999479118756885
0.42 -4.212822112293836
0.43 -4.433610789678518
0.44 -4.662206570816675
0.45 -4.899033318720733
0.46 -5.144594394194987
0.47 -5.399480020798961
0.48 -5.66434478838864
0.49 -5.93979894275234
0.5 -6.226193840853002
0.51 -6.523383082935709
0.52 -6.830691191240092
0.53 -7.147150434549218
0.54 -7.471784728780975
0.55 -7.803756455784542
0.56 -8.142390880532577
0.57 -8.487145636797678
0.58 -8.837577800274026
0.59 -9.19331440883013
0.6 -9.554038090160331
0.7 -13.38633064581537
0.8 -17.52822602306653
0.9 -21.8945490457522
1.0 -26.43597762305619
1.1 -31.120330412883067
1.2 -35.9249504929832
1.3 -40.833014325394515
1.4 -45.83152891321792
1.5 -50.91015843584766
1.6 -56.06049077804764
1.7 -61.27553849776359
1.8 -66.54942278884617
1.9 -71.8771222691887
2.0 -77.2543090453178
2.1 -82.67721613313915
2.2 -88.14253830820935
2.3 -93.64735545766173
2.4 -99.18907090372625
2.5 -104.76536244487527
2.6 -110.37414436163466
2.7 -116.01353824042496
2.8 -121.68183366991202
2.9 -127.37747821498824
3.0 -133.09905330491821
3.1 -138.84525963827548
3.2 -144.61490032098595
3.3 -150.4068801006354
3.4 -156.22018128516387
3.5 -162.05386092862386
3.6 -167.90704564170315
3.7 -173.778921756758
3.8 -179.6687310328785
3.9 -185.57576580999782
4.0 -191.49936278775291
4.1 -197.43890108814475
4.2 -203.3937976464203
4.3 -209.36350329391846
4.4 -215.34750180697398
4.5 -221.34530588402112
4.6 -227.3564553354417
4.7 -233.38051529902324
4.8 -239.41707347674787
4.9 -245.46573957567088
5.0 -251.52614323825526
