#mmax= 10
#m-states: all states (FBR)
#Nr. of sites: 37
 
0.0  0.0 
0.1  0.022975211818085026 
0.2  0.07702444499409007 
0.3  0.16005175592742973 
0.4  0.2919682659728972 
0.41  0.31098880315453903 
0.42  0.332154175473961 
0.43  0.3560663669815668 
0.44  0.38373665822430053 
0.45  0.41658203174787906 
0.46  0.45639771996816003 
0.47  0.5051650245446548 
0.48  0.5632114314882092 
0.49  0.6265568375077768 
0.5  0.6855785590107154 
0.51  0.7304261550209906 
0.52  0.7572526529158251 
0.53  0.7697792141935955 
0.54  0.7734432545304963 
0.55  0.7727402314189272 
0.56  0.770259308474101 
0.57  0.7672208021901404 
0.58  0.764180419578156 
0.59  0.7613497940204482 
0.6  0.7587968327355421 
0.7  0.7442788179466326 
0.8  0.7384732108537574 
0.9  0.73546308619791 
1.0  0.7336324294470143 
1.1  0.7323921647627899 
1.2  0.7314845803057801 
1.3  0.7307823971911425 
1.4  0.7302251633769492 
1.5  0.7297619011978059 
1.6  0.7293725205384375 
1.7  0.7290371075140932 
1.8  0.7287445417841966 
1.9  0.7284864597915338 
2.0  0.728258253155254 
2.1  0.7280535237487251 
2.2  0.7278683795783171 
2.3  0.7276998896683141 
2.4  0.7275456850326915 
2.5  0.7274038581918205 
2.6  0.7272726695924063 
2.7  0.7271519646106698 
2.8  0.727040096845555 
2.9  0.7269355510186872 
3.0  0.7268378404338305 
3.1  0.726746307463361 
3.2  0.7266592330338992 
3.3  0.7265790155466582 
3.4  0.7265023340851897 
3.5  0.726430213033837 
3.6  0.7263617079010799 
3.7  0.7262969215923843 
3.8  0.7262351797423928 
3.9  0.7261765959290785 
4.0  0.7261204652460255 
4.1  0.7260671527689745 
4.2  0.7260160950436664 
4.3  0.7259672489546637 
4.4  0.725920433398181 
4.5  0.7258755268902712 
4.6  0.7258324225473192 
4.7  0.7257909371572555 
4.8  0.7257511112216919 
4.9  0.7257127646022175 
5.0  0.7256758160966 
