#mmax= 10
#m-states: all states (FBR)
#Nr. of sites: 37
 
0.0  -0.0 
0.1  0.006345522743270216 
0.2  0.026700909447631416 
0.3  0.06678944572991535 
0.4  0.14971406746533159 
0.41  0.16353998796562377 
0.42  0.1794394443655955 
0.43  0.19804772413618588 
0.44  0.22039133884601786 
0.45  0.24802534102372284 
0.46  0.28325467184500935 
0.47  0.3293370578746056 
0.48  0.38933175987091356 
0.49  0.46302942090765503 
0.5  0.5421764946268017 
0.51  0.612355434904802 
0.52  0.6622046243324764 
0.53  0.6916520421702698 
0.54  0.7064056998098031 
0.55  0.7128739656749717 
0.56  0.7152582394286052 
0.57  0.7157098911859444 
0.58  0.7153523515461487 
0.59  0.7146766994112714 
0.6  0.7139226811781499 
0.7  0.7090602426134597 
0.8  0.7071893701840768 
0.9  0.7062688372180539 
1.0  0.7057236160408058 
1.1  0.7053587377528217 
1.2  0.7050863326211161 
1.3  0.7048700513100821 
1.4  0.704706824053968 
1.5  0.7045668772922206 
1.6  0.7044489779813702 
1.7  0.7043470611406174 
1.8  0.7042563958226296 
1.9  0.7041761359264388 
2.0  0.7041076098709297 
2.1  0.7040461956728481 
2.2  0.7039901222877141 
2.3  0.7039389544608354 
2.4  0.7038917659687248 
2.5  0.7038481987299869 
2.6  0.7038080731359039 
2.7  0.703771583171603 
2.8  0.7037380478518506 
2.9  0.7037061954944321 
3.0  0.703676259172028 
3.1  0.7036483073126042 
3.2  0.7036215947565599 
3.3  0.7035970352138409 
3.4  0.703573518311511 
3.5  0.7035514672446775 
3.6  0.7035305056874602 
3.7  0.703510649548515 
3.8  0.7034916748348592 
3.9  0.7034737160469074 
4.0  0.703456461966123 
4.1  0.7034400815064237 
4.2  0.7034243902529554 
4.3  0.7034093722169122 
4.4  0.7033949729291814 
4.5  0.7033811471355947 
4.6  0.7033678839324491 
4.7  0.7033551013331015 
4.8  0.7033428409718214 
4.9  0.7033310252306502 
5.0  0.7033196404688569 
