0.0  -0.0  0.0
0.1  0.006599400530240391  0.0002572785628376589
0.2  0.027607509697970507  0.000534568848467245
0.3  0.06765986623799855  0.000838921569295173
0.4  0.1490729020335053  0.0012756582669928573
0.41  0.16206749638140766  0.001334980813825543
0.42  0.17924848923483916  0.0014118459265316447
0.43  0.19696513179102898  0.001484198806605884
0.44  0.2195028363253669  0.001578461907960805
0.45  0.24831004343973537  0.0016913545089836696
0.46  0.28507217353660547  0.0018352868773457598
0.47  0.3316601527499777  0.002009213252348123
0.48  0.39015383648579227  0.0022274005873558307
0.49  0.464341780502842  0.0024828055616289996
0.5  0.5419456198792527  0.002755878870959024
0.51  0.6107292918136518  0.002987001684987887
0.52  0.6649265667011349  0.003172295634330672
0.53  0.6905586833999885  0.0032501091516570087
0.54  0.7096071796684834  0.0033059961552104546
0.55  0.7135636373721139  0.003315957359084226
0.56  0.7195405793164589  0.0033271247734120565
0.57  0.7134953639718288  0.0033130308378313614
0.58  0.717279734486698  0.003316238587886485
0.59  0.7085167247442724  0.0032817090199167127
0.6  0.718970884377412  0.0033058596933414836
0.7  0.7091317926243079  0.003261838365605574
0.8  0.7082042847247909  0.003249106760878568
0.9  0.7051091502907254  0.0032411139501586717
1.0  0.7082928917996735  0.0032491306686070155
1.1  0.7087198392881114  0.0032499514920071634
1.2  0.7035644340196258  0.003230516515557342
1.3  0.7037871370371868  0.0032311307837211774
1.4  0.7029989930299411  0.003227575074354612
1.5  0.7055349189152103  0.003240687164036221
1.6  0.7040416538969804  0.003231217394046824
1.7  0.700438293029039  0.003224985622314035
1.8  0.6979897554275529  0.0032158394809833715
1.9  0.7016174874554892  0.003220378617929046
2.0  0.7085757207336572  0.003244912839657389
2.1  0.7028688062673654  0.0032283001936695616
2.2  0.7049896127883241  0.0032367664292568
2.3  0.7031728566569093  0.0032247939371375578
2.4  0.7054879847953089  0.003232977835772433
2.5  0.7041073619132248  0.0032307308273960508
2.6  0.7090386771758144  0.003241745144823818
2.7  0.7008538776754212  0.0032172312610657915
2.8  0.7073744240717053  0.0032382137763609866
2.9  0.700172054902642  0.003217578188049234
3.0  0.7063175046707497  0.0032386779783324933
3.1  0.7046887150978788  0.0032331687683340607
3.2  0.7050072572853772  0.0032347884046266743
3.3  0.7007528496791595  0.0032185986143928387
3.4  0.7025028596916678  0.00322342307877488
3.5  0.7011624746474799  0.0032200544696663444
3.6  0.7049765483173213  0.0032300576122108924
3.7  0.7067842622309493  0.0032334781123446008
3.8  0.7054943633711057  0.0032351914541431806
3.9  0.6973684742155147  0.0032074275708789276
4.0  0.7058233471704557  0.003236832412729266
4.1  0.7030269273105245  0.003227688494595807
4.2  0.7053267574831122  0.003235710219580217
4.3  0.7036268359488835  0.003227584888224925
4.4  0.7058754531929216  0.0032367227405175275
4.5  0.7028849217365792  0.0032264773073494954
4.6  0.7040095561313918  0.0032312788956657436
4.7  0.6995818410130277  0.003219010188416614
4.8  0.7032166822817845  0.0032296820626529616
4.9  0.7051865203412992  0.003233153724469439
5.0  0.7028045523120329  0.003219907899717023
0.0  -0.0  0.0
0.1  0.00628974835118233  0.00025118965047093403
0.2  0.026584590478316794  0.0005189866322522139
0.3  0.06659788331315314  0.0008297987451869437
0.4  0.14969026605696337  0.001273316943345841
0.41  0.16368124963903896  0.0013391900788973829
0.42  0.17939790126451918  0.0014097620282691372
0.43  0.19765171787109262  0.0014906667506698655
0.44  0.2215914245954976  0.0015885493851474383
0.45  0.24903687740708122  0.0017007741814141365
0.46  0.28252415833715083  0.0018329469117169428
0.47  0.3283119973826178  0.0020015809475667228
0.48  0.3877895157526665  0.002221408397676313
0.49  0.4606953146305355  0.00247340823411174
0.5  0.5369392357291334  0.0027420639189220165
0.51  0.6101172621056122  0.002983098724642792
0.52  0.6608960660061042  0.0031483560137978853
0.53  0.6971070252827267  0.003253754469193639
0.54  0.7045960526257441  0.003297181477414038
0.55  0.710793200418429  0.00330163350240354
0.56  0.7172169119845118  0.003314435319699048
0.57  0.7151343723144433  0.00330844749217225
0.58  0.7110652636152751  0.0032928854108413876
0.59  0.7168377860087718  0.0033051287046481025
0.6  0.7083555713207851  0.003279106064336231
0.7  0.7054851039601475  0.0032532821870079384
0.8  0.7092289841737616  0.0032598481768298703
0.9  0.7101387277472966  0.0032561856360165567
1.0  0.7038047241278369  0.0032343262665785106
1.1  0.7035829451763675  0.0032371849305010032
1.2  0.7022512437021364  0.0032334776150271275
1.3  0.7032007474044264  0.0032278063910324045
1.4  0.7087829884193855  0.0032421405922573397
1.5  0.7011124649905817  0.0032238410704079146
1.6  0.7051306807803083  0.0032322620551135267
1.7  0.7003247704353432  0.0032204050716880795
1.8  0.7039181269937322  0.0032314032280917884
1.9  0.6983516330141016  0.0032126232881602573
2.0  0.7022713004027764  0.003226066928449906
2.1  0.7058754663493958  0.003239762530881743
2.2  0.7020000651683238  0.0032231802988420336
2.3  0.7034346363343683  0.003229172120402094
2.4  0.6992100699726415  0.003214950701079251
2.5  0.707663511984881  0.0032436774917076008
2.6  0.7061443584593977  0.0032350767377938815
2.7  0.7038123877531  0.003229813177979393
2.8  0.7008809111684361  0.0032202073775296014
2.9  0.7069502921949086  0.003240781249627608
3.0  0.7096823995119685  0.003250585347333701
3.1  0.7032374847522193  0.003227762026091682
3.2  0.7107382976176633  0.003251100049137248
3.3  0.702263358205986  0.0032227597825652305
3.4  0.702702056912967  0.003225696586966995
3.5  0.6979131585240906  0.0032077087771321127
3.6  0.7014405097809999  0.003214881192805543
3.7  0.7030046113034918  0.00322658128124948
3.8  0.7014198345210569  0.003222737074532494
3.9  0.7027926009969482  0.0032296191931888538
4.0  0.7054793388039857  0.003237374765689882
4.1  0.7028337810262281  0.003227619566908199
4.2  0.7063619781806756  0.0032376031105018415
4.3  0.7010619299262022  0.003209870086713325
4.4  0.7037013481006121  0.0032279637704153404
4.5  0.6974569223180933  0.0032096532494256505
4.6  0.7017956082546153  0.0032241346471722763
4.7  0.7064932844886799  0.0032359445818086552
4.8  0.7032970323563836  0.0032247945030464183
4.9  0.6988006967986687  0.0032105655151222104
5.0  0.7086416620883267  0.003240413760746586
