#mmax= 10
#m-states: all states (FBR)
#Nr. of sites: 37

0.0  0.0 0.0 0.0 NaN NaN 0.0 
0.1  -0.00044 0.0020010092714380515 0.4004038104381042 -0.054118194392386056 10.199446963368528 0.0 
0.2  -0.0014 0.004009406583699329 1.6075341153411526 -0.015685104246445626 2.37330811832243 0.0 
0.3  0.00242 0.006067084104501545 3.6809509531095315 0.002072550701640491 0.9641610353034551 0.0 
0.4  -0.01 0.008170609988775375 6.675886758867592 0.00247413109972027 0.44342614474896447 0.0 
0.41  -0.00098 0.008406443783132721 7.066829707897079 0.024123301135727575 0.37295369715617 0.0 
0.42  -0.00122 0.008618417945729883 7.427712788727888 0.005014319190186005 0.3833971144154624 0.0 
0.43  -0.00346 0.008872714778165437 7.872506753467533 -0.004858860517954877 0.37228001870954763 0.0 
0.44  0.00194 0.009100219255814942 8.281399050390505 -0.0044561960532840455 0.33571966443949464 0.0 
0.45  0.01666 0.009366242667634505 8.772650170901713 0.00015482050430584067 0.27167555465857607 0.0 
0.46  0.00602 0.009611126954400993 9.23737613336133 0.012491438370845757 0.28556489145622965 0.0 
0.47  -0.01308 0.009916817663380007 9.83432725687257 0.004466232721264948 0.2491566906505609 0.0 
0.48  -0.01464 0.010193355470548325 10.390449574895747 -0.0052350203389436405 0.23209306811245067 0.0 
0.49  0.00548 0.010468695985267522 10.959359563195633 0.0018299106645383882 0.21190605303663856 0.0 
0.5  0.0137 0.010818710345736017 11.704449354493551 0.009553610390596604 0.19771045552713007 0.0 
0.51  -0.00318 0.011063160615810839 12.239352281122807 -0.016627350900029075 0.16550549891982502 0.0 
0.52  -0.0027 0.011344391303729813 12.869521405214059 -0.0023219303844204484 0.13455803928113763 0.0 
0.53  0.00376 0.01156970169036229 13.385799720397205 0.0052512140374903525 0.11020739054111495 0.0 
0.54  0.00146 0.011731741346515877 13.763375502155018 0.005758655275373746 0.11783109230344646 0.0 
0.55  -0.01516 0.01188178073821997 14.11767135111351 -0.010620784288762222 0.07024298952822372 0.0 
0.56  0.00118 0.012114761811547824 14.676745375053752 -0.001437679833507685 0.0543896023610988 0.0 
0.57  0.01766 0.012240440332267268 14.98283795277952 -0.007660563922405665 0.09853003988101117 0.0 
0.58  -0.00308 0.012358245522659113 15.2726232398324 -0.008586476073529227 0.09651819456426614 0.0 
0.59  -0.00956 0.012529607175588537 15.699105597455976 -0.0056922937391242386 0.09267276101839039 0.0 
0.6  0.02184 0.012678140143426992 16.0735237496375 -0.004238582715461191 0.08284906618970789 0.0 
0.7  -0.02394 0.013758479629727158 18.929576172161717 0.0028665437918530667 0.04082312514558106 0.0 
0.8  0.00334 0.014577846671581362 21.251361358013583 0.0022892060329929736 0.06570712029581571 0.0 
0.9  -0.00936 0.015202020751148482 23.110143491834908 0.0034605028268656535 0.057717314632619754 0.0 
1.0  0.02984 0.015946511802158694 25.42912386563865 -0.007197824055432057 0.01692759578507097 0.0 
1.1  -0.0284 0.016399445838754374 26.894182381823814 0.005661604373280696 0.02458277231980377 0.0 
1.2  -0.01354 0.016950723877003 28.732703995439955 -0.002933816398212653 0.045713692645230175 0.0 
1.3  0.00396 0.01732241449234021 30.006604384443822 0.010315385062766627 0.02078830984778568 0.0 
1.4  -0.01586 0.01767672507197226 31.246660927009263 -0.011577632923052195 1.4501877554362608e-5 0.0 
1.5  0.00912 0.018087720694227868 32.71656399123991 0.001159847184377108 0.005754759539882137 0.0 
1.6  0.0292 0.018512150080339292 34.269970059700604 -0.008718598069612232 0.011766833793292353 0.0 
1.7  -0.00078 0.018854854785213534 35.55055489714897 -0.01000966139661704 0.021546685290360745 0.0 
1.8  0.00798 0.019120591496242775 36.559701916619154 -0.012405099427103269 0.0006601492743567583 0.0 
1.9  0.02604 0.019416121884709377 37.698578904189034 -0.004287348800541065 0.008031094492004343 0.0 
2.0  -0.00106 0.01981981627097411 39.282511701517016 -0.006081998380176415 -0.026070739869845205 0.0 
2.1  0.03524 0.020117843540009128 40.472762870028696 -0.012129651686438625 0.021413853766019564 0.0 
2.2  0.00788 0.020174385966231813 40.70058491144912 -0.01578314965778387 0.038685368087847394 0.0 
2.3  -0.00082 0.020558186195921972 42.26390196661967 0.0048580051088366 -0.0015457420710052183 0.0 
2.4  -0.01324 0.020738258069989336 43.007534777747786 -0.016955041298427235 -0.0003293089175482322 0.0 
2.5  -0.01294 0.020941917562704523 43.856391120311216 -0.011496262072663486 -0.002005446271306166 1.27292e-318 
2.6  0.00928 0.021241705461579802 45.12100509165092 -0.0036562818647148444 0.018121930463644187 7.014e-320 
2.7  -0.01794 0.02141715593886558 45.86945685096852 -0.012301363399483721 -0.013256048191448322 8.3827e-319 
2.8  0.0166 0.021710171756934057 47.13315577155772 -0.0016045811085345 0.030994117705970048 3.050159935840687e-301 
2.9  0.0413 0.02185422886246943 47.760731917319184 -0.00178305883655185 0.006617765870984282 5.252107596255457e-294 
3.0  -0.01104 0.022138592601085184 49.01172823568237 0.0006585884373263007 -0.006842811757853173 9.693512589279696e-289 
3.1  -0.04886 0.02226898933680783 49.59078860828609 -0.003634586325529093 -0.005519533597157622 4.719518326523841e-286 
3.2  0.0076 0.022556819600757217 50.881011050110494 -0.009835178247520268 -0.002553020445045906 1.1822345146648087e-273 
3.3  -0.01516 0.022708070334323503 51.565645830858315 0.008084364715348957 0.020388248213528026 1.311675908726717e-286 
3.4  -0.00516 0.02285598734917346 52.23961577055771 -0.0019594394895982876 -0.008026230850163962 1.5553285498699196e-274 
3.5  0.0173 0.023107564707157413 53.39595466954669 -0.008480229559002562 -0.005821116949705996 1.037798977115416e-265 
3.6  -0.01642 0.02329334517915571 54.25799296352965 -0.00016532505660115025 0.006671787642101634 4.771225858662404e-269 
3.7  -0.02144 0.023530085845856984 55.36649399133992 -0.0062668208901979225 -0.005995978250001421 9.546244800302179e-258 
3.8  0.00408 0.023624745814974348 55.8128614822148 -0.006260407485283151 0.01864260778753213 6.218509596125907e-270 
3.9  0.00208 0.023735205715053397 56.33599903359034 -0.002356686542972729 0.024509383010464347 9.067948577191972e-245 
4.0  0.04884 0.024006072345535714 57.629150945909466 0.01691288369215534 0.005280845673218959 1.1477482899692464e-258 
4.1  0.0071 0.024074984775673682 57.96048919489195 -0.00214275707932148 0.00955935882822967 2.7696559294725716e-244 
4.2  -0.03624 0.024417633563314205 59.622082883228835 0.0006030310920945517 0.013588407630749089 5.708918170973803e-237 
4.3  -0.00266 0.024606974301523598 60.550318427584266 0.0032004153616112013 0.011783064143802147 1.3157784625224594e-231 
4.4  -0.01724 0.02455340010097512 60.286945651856506 -0.007725508304332153 -0.003017579806120274 4.211633269431878e-232 
4.5  -0.0392 0.02475121734031678 61.26227598275982 0.0006001990592166816 0.00983429585995399 3.0506325953754078e-226 
4.6  0.00784 0.024907059018677614 62.036158895988976 -0.009197462261462475 -0.01856297742745472 4.504246485826881e-226 
4.7  -0.04802 0.02508458556883752 62.92364331603316 0.0051899836589307455 -0.007807919767579996 2.0905086244626674e-219 
4.8  -0.01726 0.025189596385842724 63.45157660816608 0.007738064778665586 0.020497623450796976 2.6584927614355423e-222 
4.9  -0.03616 0.025379814142220566 64.4134965893659 0.0033695954547659536 -0.0076844218754690274 1.6335899223627016e-218 
5.0  -0.01588 0.025551923748791845 65.29008072640727 0.006011160039947563 -0.020866407064636938 4.231058873271885e-226 
