#mmax= 10
#m-states: all states (FBR)
#Nr. of sites: 37
 
0.0  -8.560151953807818e-61 
0.1  0.0024810361617156836 
0.2  0.009691445587749899 
0.3  0.02090225849280843 
0.4  0.03467204669619211 
0.41  0.036097828776926515 
0.42  0.03751743309160453 
0.43  0.03892544981314586 
0.44  0.040315725232445594 
0.45  0.04168065164329944 
0.46  0.04301086702919974 
0.47  0.04429534963463874 
0.48  0.0455209308858928 
0.49  0.04667556434271583 
0.5  0.047755326827779485 
0.51  0.04876920962741693 
0.52  0.04973548698346486 
0.53  0.05066984387455186 
0.54  0.05158196727640177 
0.55  0.05247529344995295 
0.56  0.053350344174317485 
0.57  0.05420767655282817 
0.58  0.05504724433265863 
0.59  0.0558697478167984 
0.6  0.05667559439624112 
0.7  0.06397294079621607 
0.8  0.07025816436909313 
0.9  0.07586991126895276 
1.0  0.0810016287246247 
1.1  0.08577251034753597 
1.2  0.0902598992798781 
1.3  0.09451666959568444 
1.4  0.0985806254201905 
1.5  0.1024796393952395 
1.6  0.10623493459843895 
1.7  0.10986385565476947 
1.8  0.11337815792227854 
1.9  0.11679031164946939 
2.0  0.12010889275858466 
2.1  0.12334140312162511 
2.2  0.12649570616196648 
2.3  0.1295757614181613 
2.4  0.1325874914534712 
2.5  0.1355349183785992 
2.6  0.1384228240496295 
2.7  0.14125432572993527 
2.8  0.14403315402756736 
2.9  0.14676169943283937 
3.0  0.1494430640790839 
3.1  0.15207915455681612 
3.2  0.1546731245391012 
3.3  0.157227220744237 
3.4  0.15973800958747375 
3.5  0.16221665691661863 
3.6  0.1646553915241894 
3.7  0.1670650590648728 
3.8  0.16943959849122528 
3.9  0.1717825216791109 
4.0  0.17409484852886725 
4.1  0.17638012065509825 
4.2  0.1786358348014667 
4.3  0.18086443435436145 
4.4  0.1830669455381636 
4.5  0.1852446501657226 
4.6  0.1873979511203704 
4.7  0.18952811510289977 
4.8  0.19163532309811657 
4.9  0.19372137073886897 
5.0  0.19578514203727881 
