#mmax= 10
#m-states: all states (FBR)
#Nr. of sites: 37
 
0.0  -2.9655842531529e-14 
0.1  -1.2821162595846414e-9 
0.2  -1.1700280599400912e-6 
0.3  -6.134888319099149e-6 
0.4  -1.2949214747516274e-6 
0.41  -2.939447416889456e-6 
0.42  5.540171657606893e-7 
0.43  -2.2218237686594786e-6 
0.44  3.8786269028671025e-6 
0.45  1.7620010611728626e-5 
0.46  -5.4995713950592444e-5 
0.47  0.00026497773021910063 
0.48  -0.00036243855116952346 
0.49  0.00011525909451091308 
0.5  0.0005948566360556149 
0.51  0.002019927587408137 
0.52  0.005626883776085941 
0.53  0.004817137938238781 
0.54  0.004744094813470203 
0.55  0.005380268202957663 
0.56  0.008995711995662872 
0.57  0.010384238964333764 
0.58  0.010590238994524211 
0.59  0.01661435783921759 
0.6  0.01758676684034212 
0.7  -0.04204877659252955 
0.8  0.12888468547917237 
0.9  0.1187581345617041 
1.0  0.0858272538611998 
1.1  -0.006154062901169172 
1.2  -0.004786367545614514 
1.3  -0.07386393366326693 
1.4  -0.019621557194976345 
1.5  -0.019714395326686 
1.6  -0.019055546649225694 
1.7  -0.02392681631505516 
1.8  -0.05102746694646663 
1.9  -0.06816151265632603 
2.0  -0.059467046866799135 
2.1  -0.048876627819900376 
2.2  -0.04399638755127254 
2.3  -0.04044590486563662 
2.4  -0.04197943154307535 
2.5  -0.045246813964090984 
2.6  -0.046444337981778175 
2.7  -0.0404110872587383 
2.8  -0.02780972412373992 
2.9  -0.024200747334651163 
3.0  -0.02473314596600538 
3.1  -0.02248748479796585 
3.2  -0.023482609077361022 
3.3  -0.023964011247942632 
3.4  -0.02364788752411605 
3.5  -0.021695687698105266 
3.6  -0.019671391934627098 
3.7  -0.018798687019346862 
3.8  -0.0193175743160243 
3.9  -0.018424331330464536 
4.0  -0.018374450262361418 
4.1  -0.018457465004602196 
4.2  -0.018254168787042693 
4.3  -0.018110606542163343 
4.4  -0.018030261646994283 
4.5  -0.01829638613043695 
4.6  -0.018130731047773352 
4.7  -0.01830903001460008 
4.8  -0.018131474621826453 
4.9  -0.01824237980311893 
5.0  -0.018229931700956676 
