#mmax= 10
#m-states: all states (FBR)
#Nr. of sites: 37

0.0  -0.0  0.0
0.1  -0.0  6.502755767249816e-19
0.2  -0.0  2.350618981797552e-19
0.3  -0.0  2.6322955280514483e-19
0.4  -0.0  3.2972854151641046e-19
0.41  -0.0  3.0327535068371657e-19
0.42  1.0000050000287824e-5  1.000010000100001e-5
0.43  -0.0  3.223622802068009e-19
0.44  1.0000050000287824e-5  1.000010000100001e-5
0.45  3.0000450008974692e-5  1.73208544936447e-5
0.46  5.000125004166272e-5  2.2361350619988902e-5
0.47  1.0000050000287824e-5  1.000010000100001e-5
0.48  0.00011000605044375778  3.3168238039299147e-5
0.49  6.000180007195222e-5  2.4495754786904505e-5
0.5  0.00015001125112511004  3.873293219155276e-5
0.51  0.0002000200026670447  4.472605598772201e-5
0.52  0.00026003380585984734  5.0997080140215285e-5
0.53  0.00030004500900199243  5.478074734232656e-5
0.54  0.00040008002133969133  6.325852240340958e-5
0.55  0.00040008002133969133  6.325852240340955e-5
0.56  0.0004901200892307414  7.001750639360674e-5
0.57  0.0006502113415863559  8.064919584821733e-5
0.58  0.0005901741184899538  7.683451106386598e-5
0.59  0.0008203363839024809  9.05914542676111e-5
0.6  0.0007803043582765984  8.835251445710159e-5
0.7  0.0019819627913113497  0.00014085268961826515
0.8  0.003516174502400412  0.0001876805455958913
0.9  0.0057967688128971314  0.00024111533942927722
1.0  0.007487964965074985  0.0002741558870623656
1.1  0.00966657111623877  0.0003116655332101263
1.2  0.012457270602306584  0.00035405241067836495
1.3  0.013673051563000806  0.00037104033303518943
1.4  0.01615987019776565  0.00040362494964190764
1.5  0.01792978216140319  0.00042534299815850376
1.6  0.021601644553504155  0.00046729934253362745
1.7  0.024241464361805708  0.0004953576761220587
1.8  0.0262515770901429  0.0005157465536811006
1.9  0.029500903619896546  0.0005471806396979842
2.0  0.03154226785761796  0.0005660858353710108
2.1  0.03367054372067359  0.0005851850540982947
2.2  0.036103975080564066  0.0006063332908066179
2.3  0.03921911295647994  0.0006324455358211469
2.4  0.039749652782617946  0.0006367939069003718
2.5  0.043607119112877936  0.0006676250996958909
2.6  0.04590782165505995  0.0006854076679252663
2.7  0.04864417451658802  0.0007060256383463398
2.8  0.0526099500463606  0.0007349760882937645
2.9  0.052462398361336544  0.0007339173847818285
3.0  0.05749141024300115  0.0007692643504950378
3.1  0.05825430796229212  0.0007745006359485654
3.2  0.06070587485233574  0.0007911192100185561
3.3  0.06384542771458308  0.0008119623272343477
3.4  0.06491192384233781  0.0008189365516119089
3.5  0.06856796132865223  0.0008424613731074986
3.6  0.06981106301176875  0.0008503310339485515
3.7  0.07513311251199954  0.0008833369700092394
3.8  0.07544578938043235  0.0008852431903823977
3.9  0.07596353852590214  0.0008883919362839823
4.0  0.07729149533068413  0.0008964248582590344
4.1  0.0799527113315265  0.0009123413485397231
4.2  0.08432770813750325  0.0009380098959922581
4.3  0.08547074572097349  0.0009446194368339987
4.4  0.08544896138945825  0.0009444938324426434
4.5  0.0891263386350582  0.0009655034693199734
4.6  0.0925868908158667  0.0009849336369381742
4.7  0.09571826234012387  0.0010022474050996291
4.8  0.09622459717139771  0.001005024022399571
4.9  0.09727109982658509  0.0010107430356401353
5.0  0.10036191761986112  0.001027482487330058
