#mmax= 10
#m-states: all states (FBR)
#Nr. of sites: 37

0.0  1.0  0.0
0.1  1.0  6.502755767249816e-19
0.2  1.0  2.350618981797552e-19
0.3  1.0  2.6322955280514483e-19
0.4  1.0  3.2972854151641046e-19
0.41  1.0  3.0327535068371657e-19
0.42  0.99999  1.0e-5
0.43  1.0  3.223622802068009e-19
0.44  0.99999  1.0e-5
0.45  0.99997  1.732033486800989e-5
0.46  0.99995  2.23602325524579e-5
0.47  0.99999  1.0e-5
0.48  0.99989  3.316458953311482e-5
0.49  0.99994  2.4494285041617293e-5
0.5  0.99985  3.872712225172403e-5
0.51  0.9998  4.471711077652447e-5
0.52  0.99974  5.0983820899378824e-5
0.53  0.9997  5.476431311812386e-5
0.54  0.9996  6.323321899444821e-5
0.55  0.9996  6.323321899444818e-5
0.56  0.99951  6.998319781547388e-5
0.57  0.99935  8.059677387091598e-5
0.58  0.99941  7.67891787023383e-5
0.59  0.99918  9.051716927511166e-5
0.6  0.99922  8.828359949582505e-5
0.7  0.9980200000000011  0.00014057380129282114
0.8  0.9964900000001691  0.00018702178688088144
0.9  0.9942200000340822  0.00023972169277559373
1.0  0.9925400000008224  0.00027211068414510585
1.1  0.9903800000005265  0.000308667310780809
1.2  0.9876200000000452  0.0003496692418341828
1.3  0.9864200000240185  0.0003660016053214834
1.4  0.9839700000017304  0.0003971548416998463
1.5  0.9822300000044981  0.0004177846530831404
1.6  0.9786300000041658  0.0004573131555856305
1.7  0.9760500000109597  0.00048349385978436435
1.8  0.9740900000528327  0.0005023835605024716
1.9  0.9709300002891315  0.0005312740986601709
2.0  0.968950000147533  0.0005485088702662572
2.1  0.9668900001514201  0.000565809577045709
2.2  0.9645400001449871  0.0005848327124025257
2.3  0.9615400001904632  0.0006081216806339232
2.4  0.9610300002255463  0.0006119780484920909
2.5  0.9573300002579681  0.0006391375368640932
2.6  0.9551300004356852  0.0006546534261640815
2.7  0.9525200002950971  0.0006725035412460017
2.8  0.9487500002143575  0.0006973085639262567
2.9  0.9488900002039189  0.0006964068673952888
3.0  0.9441300001988685  0.0007262855513858624
3.1  0.9434100002530816  0.000730671645156248
3.2  0.9411000002494472  0.0007445222887458057
3.3  0.9381500003135019  0.0007617424575494551
3.4  0.9371500003137627  0.0007674663896000522
3.5  0.9337300004157142  0.0007866314582618878
3.6  0.9325700002290924  0.000792993212524205
3.7  0.9276200002815478  0.0008194010403686721
3.8  0.927330000305269  0.0008209125680075462
3.9  0.9268500002605715  0.0008234060663762986
4.0  0.9256200003698313  0.0008297487776332534
4.1  0.9231600003616636  0.0008422370396478914
4.2  0.9191300003553022  0.0008621530360366412
4.3  0.9180800004298116  0.000867236212974566
4.4  0.9181000004067408  0.0008671397879497551
4.5  0.9147300005342214  0.0008831749890068519
4.6  0.9115700004621192  0.0008978359558788882
4.7  0.9087200006532307  0.0009107622626168337
4.8  0.9082600005318944  0.000912823119119201
4.9  0.9073100012048471  0.0009170572648844418
5.0  0.904510000683891  0.0009293681853175967
