#mmax= 10
#m-states: all states (FBR)
#Nr. of sites: 37
 
0.0  -6.4424073725725e-29 
0.1  1.817077739666052 
0.2  3.745000125647257 
0.3  5.944847470685893 
0.4  8.752245497853819 
0.41  9.094488776555156 
0.42  9.454056052924049 
0.43  9.83335965883771 
0.44  10.2357813282851 
0.45  10.665394249399977 
0.46  11.126919647053706 
0.47  11.62543328297541 
0.48  12.16247420464197 
0.49  12.731021480255322 
0.5  13.309116094126743 
0.51  13.86638142877599 
0.52  14.377401029827555 
0.53  14.835230978871063 
0.54  15.24320494383071 
0.55  15.610381046536084 
0.56  15.94576979416536 
0.57  16.254909769383705 
0.58  16.543147019876837 
0.59  16.81287386438886 
0.6  17.066651105868033 
0.7  19.03246884111593 
0.8  20.388952644242654 
0.9  21.41895022638823 
1.0  22.245406696251674 
1.1  22.932746104180147 
1.2  23.519029011701342 
1.3  24.028418296499304 
1.4  24.47738761518535 
1.5  24.877579340688413 
1.6  25.23761694485873 
1.7  25.56401665024235 
1.8  25.861952743404032 
1.9  26.135331662987078 
2.0  26.38745602341313 
2.1  26.62099687077083 
2.2  26.83810862004093 
2.3  27.04073031241112 
2.4  27.23038237477717 
2.5  27.40843106464789 
2.6  27.57597938634249 
2.7  27.734076669957343 
2.8  27.883542859766973 
2.9  28.025152631471393 
3.0  28.15956858288146 
3.1  28.28739950418952 
3.2  28.409090583342415 
3.3  28.52522783178889 
3.4  28.63625217155834 
3.5  28.742349213376528 
3.6  28.844073017938992 
3.7  28.94153179025617 
3.8  29.03514438435277 
3.9  29.125125143564865 
4.0  29.211705868837257 
4.1  29.295079963027632 
4.2  29.375450271912943 
4.3  29.452998842703963 
4.4  29.52787932136195 
4.5  29.600247322711297 
4.6  29.67023921479782 
4.7  29.737969708382394 
4.8  29.803573604782045 
4.9  29.867151602891603 
5.0  29.92881224955339 
