#mmax= 10
#m-states: all states (FBR)
#Nr. of sites: 37
 
0.0  0.0 
0.1  -0.8889458530991061 
0.2  -1.7090855996977916 
0.3  -2.377595055283315 
0.4  -2.767869250980481 
0.41  -2.783250461409428 
0.42  -2.79276321059614 
0.43  -2.795821186177492 
0.44  -2.7916337157348567 
0.45  -2.779237348228281 
0.46  -2.7575020668701584 
0.47  -2.725181847951019 
0.48  -2.681566867057281 
0.49  -2.6275353921319913 
0.5  -2.5669302483043244 
0.51  -2.505643125642367 
0.52  -2.4490840169683885 
0.53  -2.3993259458797156 
0.54  -2.356368488068872 
0.55  -2.3189232945357223 
0.56  -2.285564733220149 
0.57  -2.2554520556054944 
0.58  -2.227735182674996 
0.59  -2.202095764495149 
0.6  -2.1781671916956054 
0.7  -1.994358654433673 
0.8  -1.8655624381201885 
0.9  -1.7649831138664924 
1.0  -1.6819951576728032 
1.1  -1.6112693807400031 
1.2  -1.549653945234699 
1.3  -1.495154672127446 
1.4  -1.4463751466539552 
1.5  -1.402321162557856 
1.6  -1.362225752718773 
1.7  -1.3255233302457023 
1.8  -1.2916912647534349 
1.9  -1.2604147356111652 
2.0  -1.2313619322588298 
2.1  -1.2042710980709406 
2.2  -1.1789561185744313 
2.3  -1.1551868900455513 
2.4  -1.1328301808380146 
2.5  -1.1117373172213778 
2.6  -1.0918122380976927 
2.7  -1.0729290787786003 
2.8  -1.055017542209857 
2.9  -1.037987769841371 
3.0  -1.0217747490719133 
3.1  -1.00630523309974 
3.2  -0.9915572078516711 
3.3  -0.9774397880887942 
3.4  -0.963862514255293 
3.5  -0.9509150650471097 
3.6  -0.938423862759383 
3.7  -0.9264825933005854 
3.8  -0.9149647153993327 
3.9  -0.9038689722169002 
4.0  -0.8931691973473308 
4.1  -0.8828605930617396 
4.2  -0.8728963588660005 
4.3  -0.863263942313229 
4.4  -0.8539481783624815 
4.5  -0.8449322371629501 
4.6  -0.8361984355049618 
4.7  -0.8277385736104488 
4.8  -0.8195310082962037 
4.9  -0.8115715006661306 
5.0  -0.8038368419320365 
