#mmax= 10
#m-states: all states (FBR)
#Nr. of sites: 45
 
0.0  22.50000000000005 0.011111111111113181 
0.1  27.791472642636247 0.016378606589183553 
0.2  36.0928746703553 0.025198039418616758 
0.3  51.58909542919204 0.043485041619982456 
0.4  94.62906158563679 0.10521411613077458 
0.41  103.82811562707548 0.11988899990512547 
0.42  115.24954874114896 0.13871769567252124 
0.43  129.50649403152192 0.16237729208586038 
0.44  148.06291620812902 0.19335772839922294 
0.45  173.0607182167343 0.2341938655332807 
0.46  207.14143732986034 0.2863276044399614 
0.47  254.4441066016005 0.3501296815185093 
0.48  318.7197164732493 0.4212037814417916 
0.49  399.63661682965716 0.4899840404917991 
0.5  487.9595970220572 0.5454874563996213 
0.51  569.249697929241 0.5830600799982979 
0.52  636.4699253941112 0.6063263192774383 
0.53  689.7615809239074 0.6203858903608748 
0.54  732.9205115276991 0.6293007285015801 
0.55  768.8540021208211 0.6352655504940368 
0.56  799.8779430933243 0.6395445245010826 
0.57  827.1783748926757 0.642748661423348 
0.58  851.6249526389943 0.6452455065425695 
0.59  873.818984663405 0.6472549202502036 
0.6  894.0764741106959 0.6488980088908975 
0.7  1036.2960947957006 0.6568400178291127 
0.8  1124.494049094952 0.6597252308450157 
0.9  1188.3048631257957 0.6612408536487058 
1.0  1238.1661197033013 0.6621877048027516 
1.1  1278.9934725091987 0.662842205918079 
1.2  1313.4595927414896 0.6633247814040616 
1.3  1343.1989009799415 0.663697189058562 
1.4  1369.2791882985168 0.6639942106476855 
1.5  1392.4376243493352 0.6642370807098972 
1.6  1413.2124949021622 0.6644396618836494 
1.7  1432.0069664976286 0.6646114108020515 
1.8  1449.1266925736843 0.6647588839424377 
1.9  1464.8090011618099 0.6648868918312472 
2.0  1479.2565460083517 0.6649991389962635 
2.1  1492.6262371824846 0.6650983658839809 
2.2  1505.0480128490256 0.6651867080438013 
2.3  1516.6292917121582 0.6652658517064098 
2.4  1527.462536737235 0.6653371599048019 
2.5  1537.6261899538274 0.6654017437405224 
2.6  1547.1859169387303 0.66546049000202 
2.7  1556.2005989190504 0.6655141525053447 
2.8  1564.7205616996946 0.6655633637899321 
2.9  1572.7896262674858 0.6656086507528455 
3.0  1580.4467098457524 0.6656504643969066 
3.1  1587.7249641295655 0.665689178630724 
3.2  1594.651572852809 0.6657251049736099 
3.3  1601.2615066340556 0.6657585724320817 
3.4  1607.5800378397826 0.6657898366007708 
3.5  1613.6139523646063 0.6658190106678183 
3.6  1619.3965709815066 0.6658463819976037 
3.7  1624.9413141789255 0.6658720851716967 
3.8  1630.2643631199778 0.6658962689466126 
3.9  1635.379178681922 0.6659190559595811 
4.0  1640.3000119756578 0.6659405694179106 
4.1  1645.03829211952 0.6659609085340918 
4.2  1649.6049477743477 0.6659801646467466 
4.3  1654.0107860806147 0.6659984258879584 
4.4  1658.2652815051335 0.6660157671047857 
4.5  1662.3759792524677 0.6660322503474836 
4.6  1666.350846080356 0.6660479374279963 
4.7  1670.19738817527 0.6660628847407865 
4.8  1673.9219100748408 0.6660771407244013 
4.9  1677.5321988386245 0.6660907589583904 
5.0  1681.033057472112 0.6661037763472715 
