#mmax= 10
#m-states: all states (FBR)
#Nr. of sites: 45
 
0.0  22.50000000000006 0.011111111111115846 
0.1  20.390433550296333 0.009050383770074277 
0.2  18.486970414504093 0.007235263348449261 
0.3  16.78577638409167 0.005694273064731248 
0.4  15.279229275488904 0.004532815026592196 
0.41  15.137123775537713 0.004445452466913191 
0.42  14.995863355295652 0.004365415966403496 
0.43  14.855383465225673 0.004287652299922673 
0.44  14.715555670078041 0.004224869128355402 
0.45  14.575893224445924 0.004171311062297511 
0.46  14.435979982195569 0.0041313472342835444 
0.47  14.295183629638641 0.004102638230942923 
0.48  14.153289255828746 0.004088831046176522 
0.49  14.011128267930763 0.0040962320523662 
0.5  13.872052334131553 0.004118452689562679 
0.51  13.739819836510653 0.0041430934395618735 
0.52  13.61600587509332 0.004163724578793548 
0.53  13.49999937731457 0.004177274684061372 
0.54  13.390339374634296 0.004184659539044899 
0.55  13.28599186435182 0.004188078596372824 
0.56  13.186007395829137 0.004188596179595883 
0.57  13.089828896139304 0.004187093160082478 
0.58  12.997048921756676 0.004184223709718382 
0.59  12.907332165031553 0.00418016491052009 
0.6  12.820487653160432 0.004175306878394736 
0.7  12.069920242396472 0.0041055491609715 
0.8  11.467517200700218 0.004018425679309101 
0.9  10.962341073379452 0.003932419605519599 
1.0  10.527337019878495 0.0038529707519646683 
1.1  10.145827760989992 0.003777552302720699 
1.2  9.806644371950233 0.003702109713899615 
1.3  9.501999048975689 0.0036310373989775213 
1.4  9.226056731809768 0.003564026226264727 
1.5  8.97437806594853 0.0035015048156318285 
1.6  8.743423315948052 0.003441886763536739 
1.7  8.530402559151481 0.0033855799270186004 
1.8  8.33303482277052 0.003332269511973518 
1.9  8.149465892640471 0.003282047570839386 
2.0  7.978087346298016 0.0032344299228661555 
2.1  7.817597143719861 0.0031888635947077137 
2.2  7.666836847026154 0.0031453994515944217 
2.3  7.524862573331954 0.0031038765633725207 
2.4  7.390828856065508 0.00306418022365218 
2.5  7.2640181868233356 0.0030262818370163647 
2.6  7.143788405450889 0.002989916380105706 
2.7  7.029573900964161 0.0029548492139196414 
2.8  6.920886384465583 0.002921153759471995 
2.9  6.817285581540742 0.002888658624324192 
3.0  6.718378095838621 0.002857398978996728 
3.1  6.623824022754863 0.0028271649102464824 
3.2  6.533337967706059 0.0027980723846323663 
3.3  6.446554848688077 0.00276980069068955 
3.4  6.363244994525631 0.002742228193091667 
3.5  6.283237387980045 0.002715851398691682 
3.6  6.206273329799665 0.002690561529705371 
3.7  6.132172149082842 0.0026657976417328033 
3.8  6.0607445441982595 0.002641744069126095 
3.9  5.991845433293311 0.002618403668670055 
4.0  5.925324705038573 0.0025957043769221366 
4.1  5.86104719814767 0.0025737425619841714 
4.2  5.7988800176888065 0.0025521378504834713 
4.3  5.7387252487758715 0.002531571292190282 
4.4  5.680456628335685 0.002511237956659529 
4.5  5.623986201171223 0.0024914502817159345 
4.6  5.569224192286083 0.0024721566969482245 
4.7  5.516081649212512 0.002453344292024262 
4.8  5.464479792491351 0.0024352356987530355 
4.9  5.414341942312826 0.002417320686672997 
5.0  5.365603177541191 0.002399816254812004 
