#mmax= 10
#m-states: all states (FBR)
#Nr. of sites: 45
 
0.0  -6.979278667631538e-30 
0.1  0.02578564158815688 
0.2  0.05659197970441028 
0.3  0.09925755979905454 
0.4  0.16687053437772795 
0.41  0.17604930227753285 
0.42  0.18590248232281156 
0.43  0.19650872227357022 
0.44  0.2080107543703342 
0.45  0.2205766309785551 
0.46  0.2344187522603377 
0.47  0.2497885070105574 
0.48  0.26683061582008 
0.49  0.28526365727922687 
0.5  0.3039666946020141 
0.51  0.3213980541893116 
0.52  0.3368349776516501 
0.53  0.3503201288211835 
0.54  0.36229149752008655 
0.55  0.3730914409060629 
0.56  0.3830087321441718 
0.57  0.3921975729252415 
0.58  0.40077926734382513 
0.59  0.40884508689758126 
0.6  0.41644492159427954 
0.7  0.47544149300133315 
0.8  0.5163279874400828 
0.9  0.5475065451552502 
1.0  0.5726098511215484 
1.1  0.5935540331594898 
1.2  0.611462508818541 
1.3  0.6270572756006328 
1.4  0.6408274456846936 
1.5  0.6531205829932006 
1.6  0.6641949160916448 
1.7  0.6742478206590887 
1.8  0.6834310834386728 
1.9  0.6918641471881636 
2.0  0.6996488982244805 
2.1  0.7068659100201036 
2.2  0.7135813175697566 
2.3  0.7198510552458329 
2.4  0.7257229765174903 
2.5  0.7312380227744953 
2.6  0.7364305982440995 
2.7  0.7413315190034443 
2.8  0.7459672929937536 
2.9  0.7503610431635632 
3.0  0.7545332609320319 
3.1  0.7585017728529206 
3.2  0.7622814920386588 
3.3  0.765889460603796 
3.4  0.769339822604827 
3.5  0.7726370953702605 
3.6  0.7757982567847246 
3.7  0.7788307776659356 
3.8  0.7817430194343192 
3.9  0.784542465702702 
4.0  0.7872367432191442 
4.1  0.7898319835540939 
4.2  0.7923339587213484 
4.3  0.7947486735755042 
4.4  0.7970809835260653 
4.5  0.7993351386861393 
4.6  0.8015154711603152 
4.7  0.8036259450817288 
4.8  0.8056699287861321 
4.9  0.8076516805170262 
5.0  0.8095738265376083 
