#mmax= 10
#m-states: all states (FBR)
#Nr. of sites: 45
 
0.0 1.8940660389144987e-27
0.1 -0.27570849409887005
0.2 -1.1119145772297543
0.3 -2.5407723813068133
0.4 -4.639208758336451
0.41 -4.891685550066954
0.42 -5.152963386137299
0.43 -5.423435393611896
0.44 -5.703568830198478
0.45 -5.993926824162301
0.46 -6.295186705700576
0.47 -6.6081875917764545
0.48 -6.93390259674195
0.49 -7.273261735047557
0.5 -7.626704942902245
0.51 -7.993734183062312
0.52 -8.373066544233922
0.53 -8.763239003092503
0.54 -9.163006118339771
0.55 -9.571403087266273
0.56 -9.987685073296987
0.57 -10.411255733673558
0.58 -10.841619966548109
0.59 -11.278355051312218
0.6 -11.721089742005443
0.7 -16.420233578155205
0.8 -21.4942122434054
0.9 -26.84046831558068
1.0 -32.399447273966175
1.1 -38.13221664032944
1.2 -44.01132767315864
1.3 -50.016372830519
1.4 -56.131577888971194
1.5 -62.3443844476743
1.6 -68.64456408681843
1.7 -75.02361679790963
1.8 -81.47438771969985
1.9 -87.99076380560861
2.0 -94.56747428362857
2.1 -101.19993067318728
2.2 -107.88410611190857
2.3 -114.6164421550022
2.4 -121.39377468962
2.5 -128.21327098884157
2.6 -135.07239256500114
2.7 -141.96884636297304
2.8 -148.90054815957222
2.9 -155.86560510399568
3.0 -162.862287471557
3.1 -169.88901096645785
3.2 -176.94431593428857
3.3 -184.02686725283274
3.4 -191.13542355425156
3.5 -198.26883506558326
3.6 -205.4260365723133
3.7 -212.60603566297715
3.8 -219.8079080060932
3.9 -227.03079000679804
4.0 -234.27387332469542
4.1 -241.5364002795344
4.2 -248.81765979295335
4.3 -256.1169823588923
4.4 -263.4337381005404
4.5 -270.76733273054583
4.6 -278.11720509570927
4.7 -285.48282455267156
4.8 -292.8636887591594
4.9 -300.25932138359906
5.0 -307.66927046694116
