0.0  -0.0  0.0
0.1  0.006460829389178703  0.0002545939363769447
0.2  0.026603614424084578  0.0005191530226220994
0.3  0.06616996852456093  0.0008331295377079273
0.4  0.15069935941016546  0.0012806570056190908
0.41  0.16778273401564767  0.0013589417028080208
0.42  0.18081416144193938  0.0014168877795663149
0.43  0.19625419746622463  0.0014823406794417149
0.44  0.22013338370318952  0.0015747720017224042
0.45  0.2498137620841488  0.0017026840948080471
0.46  0.28508512098466143  0.0018332053911481563
0.47  0.3361093918154738  0.0020270675569857405
0.48  0.40765941658329247  0.0022818651209266507
0.49  0.4949269780994535  0.0026057172335765704
0.5  0.5902448448071871  0.0029294947674392076
0.51  0.6534905454892449  0.0031481564909654324
0.52  0.6941774260011891  0.003268803306251336
0.53  0.70957574522927  0.0033122540781039956
0.54  0.7163846367522488  0.003329205217846351
0.55  0.717365663647353  0.0033284337390963067
0.56  0.7149075715436478  0.0033105446415696914
0.57  0.7156567988760736  0.0033124230253425133
0.58  0.7195621910101526  0.0033178230668367047
0.59  0.7127605571816972  0.0032957613451267027
0.6  0.7168194042004109  0.003309065700054273
0.7  0.7092662621966891  0.003265071776037283
0.8  0.7094368312318596  0.0032571226580780733
0.9  0.7043244214109163  0.003242593727819291
1.0  0.6976485516556648  0.00321882713212348
1.1  0.7147155769872005  0.003264373562759827
1.2  0.7022789944247358  0.0032269665657443263
1.3  0.7022942918356488  0.0032265504792146566
1.4  0.7060350506841804  0.0032433230582098104
1.5  0.699808307412607  0.003217005576343214
1.6  0.7007350358895974  0.0032213585150920165
1.7  0.6996996393441773  0.0032203716442312635
1.8  0.7077884517969222  0.003244439061448166
1.9  0.6981776911306867  0.0032146514075628956
2.0  0.7022308551038392  0.0032271411747334298
2.1  0.7013944713399399  0.0032232687901262353
2.2  0.7064816746499194  0.0032428569370596787
2.3  0.7044394648029549  0.0032293756923048506
2.4  0.70730992400777  0.003242891435786828
2.5  0.7036137322114949  0.003228665965566374
2.6  0.700689757918951  0.0032200077832132403
2.7  0.69845369648497  0.003212315898239768
2.8  0.7033105671238836  0.0032265159249236265
2.9  0.7026468606523103  0.003224500175108004
3.0  0.6969247785785718  0.0032081358222297456
3.1  0.6995231525954454  0.0032143571022808736
3.2  0.7004530490346237  0.0032211359924202636
3.3  0.7026515420459457  0.0032250808546306245
3.4  0.7042592540290388  0.003233319548307683
3.5  0.7030212299195889  0.0032235487506630622
3.6  0.7049567684847966  0.003228535894638918
3.7  0.6944312986078511  0.0032021100352415907
3.8  0.702849108962436  0.0032236592723851785
3.9  0.7080010084353836  0.003237066857579438
4.0  0.7038895101379097  0.003227045695793461
4.1  0.7064202475334818  0.0032355190769705615
4.2  0.7066833365171407  0.0032395742229096667
4.3  0.7059663481597817  0.003234798946600757
4.4  0.700932721645946  0.0032210869109201303
4.5  0.7002288196890483  0.0032178488552524567
4.6  0.7012993351806979  0.0032185734704622774
4.7  0.7100245826007902  0.003247262492155116
4.8  0.7051298708945761  0.0032311890002682322
4.9  0.7035989658678873  0.003226613177728122
5.0  0.6980413759119353  0.0032084301729571104
0.0  -0.0  0.0
0.1  0.00632880529535118  0.0002519513376207589
0.2  0.02810962763318078  0.0005338227487552935
0.3  0.06671953058239112  0.0008302412752566194
0.4  0.1504308738636837  0.0012764651923545935
0.41  0.16358571797839658  0.0013410784628528703
0.42  0.17806693630270315  0.0014057109953248908
0.43  0.19924354881945827  0.0014968735742521124
0.44  0.22163445100179818  0.0015984350663710435
0.45  0.2504370977233513  0.001698712075864863
0.46  0.2850849328203936  0.0018383710718842432
0.47  0.33938958026571486  0.002034659667384612
0.48  0.41121159531660656  0.0022897460646370675
0.49  0.5006429643586064  0.002613722240157747
0.5  0.5905220478919506  0.002922866547392134
0.51  0.6543281718001936  0.003148481529995746
0.52  0.6980814353301502  0.00328618987765673
0.53  0.7156781038484394  0.003339754364518879
0.54  0.7149265035236689  0.003329673199904712
0.55  0.7165847853527315  0.003323622693438436
0.56  0.7159219036337181  0.003317619102107663
0.57  0.7217694749149552  0.003336154825452232
0.58  0.7135902224326659  0.0033050102255172296
0.59  0.7196533261762637  0.0033143786519127653
0.6  0.711517080870632  0.003285879161399494
0.7  0.7061764378922717  0.0032553966112597193
0.8  0.707588850810049  0.0032551334938560467
0.9  0.7028321130056132  0.003232930796127522
1.0  0.7113157390246762  0.003253947468123152
1.1  0.7064669834453964  0.0032392929629846065
1.2  0.7022444199022493  0.00322967355413639
1.3  0.7017561537217779  0.003225619182107696
1.4  0.7015692356048152  0.0032226555328166455
1.5  0.7008475657462452  0.0032236596100326228
1.6  0.7094719470905366  0.0032466493178647414
1.7  0.7068947249667314  0.0032397193235553824
1.8  0.7063762172340124  0.003237499793281909
1.9  0.7007790858211156  0.0032183526326808303
2.0  0.7019074106904736  0.003224820239082825
2.1  0.701198017588264  0.003221978970858441
2.2  0.7067414636092147  0.0032374659662267225
2.3  0.702117103780502  0.003226047047765334
2.4  0.701823523393738  0.0032237112630681434
2.5  0.7038437549004801  0.0032315664437408994
2.6  0.7064099730158566  0.0032371583582913852
2.7  0.7019126254069308  0.003220450291262513
2.8  0.7079001064707329  0.0032438033144926784
2.9  0.7028055791658664  0.0032231197132220435
3.0  0.7012188989202331  0.003216234650646178
3.1  0.709767987279802  0.0032391089916898007
3.2  0.707226538563977  0.0032384345776373794
3.3  0.7017921561746597  0.003226812789505824
3.4  0.7037689826220562  0.0032258215568278475
3.5  0.6992579051212172  0.003213883146530251
3.6  0.7047556276863077  0.003231293247676103
3.7  0.7073538197127097  0.003244182514187327
3.8  0.7007303541061399  0.003220038956505062
3.9  0.702209008918928  0.0032190038496089832
4.0  0.7060196618362613  0.0032347274784700316
4.1  0.7103061404685259  0.003249086601827297
4.2  0.7043318779020435  0.0032305808682135903
4.3  0.7003529294848245  0.0032161281533260124
4.4  0.7061467181467301  0.003236740311894051
4.5  0.6976312579482583  0.003205684715543064
4.6  0.7047489075159024  0.0032342089370171936
4.7  0.7040819007471272  0.0032277355010168467
4.8  0.7007809285574882  0.003219702395659285
4.9  0.7051191281148461  0.0032344286673082483
5.0  0.7039792457143883  0.003229165592171537
