#mmax= 10
#m-states: all states (FBR)
#Nr. of sites: 45
 
0.0  -0.0 
0.1  0.006345563657154133 
0.2  0.026700598587429788 
0.3  0.06678858813672107 
0.4  0.14972006490244916 
0.41  0.16354669143498737 
0.42  0.17947992927085488 
0.43  0.19814913468113213 
0.44  0.2207212491467486 
0.45  0.24908696816518253 
0.46  0.2862745956901029 
0.47  0.33720678592238224 
0.48  0.40738980549046955 
0.49  0.4967651624594735 
0.5  0.5889321229584218 
0.51  0.6579888413961174 
0.52  0.6963010273851411 
0.53  0.7126121728024241 
0.54  0.7181170206481498 
0.55  0.7190887304054668 
0.56  0.7184580441855963 
0.57  0.717342382670701 
0.58  0.7161737115950557 
0.59  0.7150928140999375 
0.6  0.7141342293868225 
0.7  0.7090319859551251 
0.8  0.7072028925062568 
0.9  0.7060402714314258 
1.0  0.7053746149672597 
1.1  0.705021509266512 
1.2  0.7049122668566664 
1.3  0.704504577046245 
1.4  0.7044056634977729 
1.5  0.7041972244185423 
1.6  0.7041031170912455 
1.7  0.7040174598421471 
1.8  0.7038569640868988 
1.9  0.7037248295466264 
2.0  0.703660877739116 
2.1  0.7035718716517737 
2.2  0.7035435029350323 
2.3  0.703459346947526 
2.4  0.703391899795217 
2.5  0.7033626306862989 
2.6  0.7033382691371238 
2.7  0.7033067757717194 
2.8  0.7032983912174892 
2.9  0.7032851673895655 
3.0  0.703251257931772 
3.1  0.7032265301510255 
3.2  0.7031987276017592 
3.3  0.7031768303827708 
3.4  0.703152792566877 
3.5  0.7031327004705066 
3.6  0.7031135304626703 
3.7  0.7030956840357256 
3.8  0.703076594155739 
3.9  0.7030587397823609 
4.0  0.7030419444627881 
4.1  0.7030255967850347 
4.2  0.7030101738910907 
4.3  0.7029952891806778 
4.4  0.7029817528729557 
4.5  0.7029677631550019 
4.6  0.7029550188199057 
4.7  0.7029420727780177 
4.8  0.702930258252843 
4.9  0.7029188131986273 
5.0  0.7029078010403236 
