#mmax= 10
#m-states: all states (FBR)
#Nr. of sites: 45
 
0.0  0.0 
0.1  0.022975334797313552 
0.2  0.07702358765291628 
0.3  0.16004943629490964 
0.4  0.29197951097944047 
0.41  0.31100182956001554 
0.42  0.33221752746693844 
0.43  0.35621797383392767 
0.44  0.3842225509764913 
0.45  0.41812795235266226 
0.46  0.4604975454618383 
0.47  0.5148668440971096 
0.48  0.5827972338037123 
0.49  0.6579866010179439 
0.5  0.723156138766904 
0.51  0.7631404687179474 
0.52  0.7799822493709455 
0.53  0.7831957436149818 
0.54  0.780773782122273 
0.55  0.7765825679006522 
0.56  0.7722232221604314 
0.57  0.7682110455967058 
0.58  0.764677629098661 
0.59  0.7615979950540143 
0.6  0.7589191114316367 
0.7  0.7442628433586859 
0.8  0.7384799846900202 
0.9  0.7353501290960697 
1.0  0.7334577340960726 
1.1  0.7322235430225155 
1.2  0.7313975222338527 
1.3  0.7305996428783664 
1.4  0.7300745692408249 
1.5  0.7295767869897315 
1.6  0.7291995102201685 
1.7  0.7288722226158636 
1.8  0.7285447678185054 
1.9  0.728261098515718 
2.0  0.7280349899231848 
2.1  0.7278165126817372 
2.2  0.7276450294972568 
2.3  0.7274600128259874 
2.4  0.7272956966651781 
2.5  0.7271604727634619 
2.6  0.7270377347752652 
2.7  0.7269195489536412 
2.8  0.7268203287984591 
2.9  0.7267250432312551 
3.0  0.726625310225355 
3.1  0.7265353416363073 
3.2  0.726448237813212 
3.3  0.7263689598081118 
3.4  0.7262919164798742 
3.5  0.726220922401903 
3.6  0.7261533761292975 
3.7  0.7260894699022771 
3.8  0.7260276781243187 
3.9  0.7259690774864477 
4.0  0.7259132754487004 
4.1  0.7258598743484491 
4.2  0.7258088669295139 
4.3  0.7257601397369936 
4.4  0.7257136888595197 
4.5  0.725668713103106 
4.6  0.72562588281961 
4.7  0.725584366799916 
4.8  0.7255447632990598 
4.9  0.7255065990596175 
5.0  0.7254698406866381 
