#mmax= 10
#m-states: all states (FBR)
#Nr. of sites: 45

0.0  0.0 0.0 0.0 NaN NaN 0.0 
0.1  0.00176 0.00221016240855253 0.48848178721787194 0.02290799910767397 8.06114310386902 0.0 
0.2  0.0127 0.004444297989316895 1.9751784617846189 0.01453383799723387 1.9727726862490176 0.0 
0.3  0.00056 0.006691400795980324 4.477484461244612 -0.021532280021928866 0.7928129165384705 0.0 
0.4  -0.00284 0.00900488368738332 8.108793022330223 0.012332772088698726 0.33812936808544336 0.0 
0.41  -0.0086 0.009294822447860064 8.639372433724336 0.01681768576427909 0.3345356722577981 0.0 
0.42  -0.00686 0.00956757256509967 9.153844478844789 0.003142266735258364 0.3062372518172398 0.0 
0.43  -0.00026 0.009836776247616365 9.676216694566948 0.01578084306964477 0.28139869549806695 0.0 
0.44  -0.0157 0.010113305982198843 10.22789578895789 -0.003980108197047709 0.2649743922207195 0.0 
0.45  0.018 0.010339759625169781 10.691062910629112 0.006319972992618991 0.23052534772158984 0.0 
0.46  -0.01714 0.010574619635230589 11.18225804298043 -0.004492017109208543 0.20624688000656066 0.0 
0.47  0.00378 0.01099875751358618 12.097266684266843 0.0025862923996829907 0.2164848448425647 0.0 
0.48  -0.00546 0.01130959685195761 12.79069809538095 -0.006988671031231 0.15968412439757262 0.0 
0.49  0.00086 0.011643717119781107 13.557614836548364 0.0016374771852133375 0.15224683672873107 0.0 
0.5  0.00682 0.011968816457848872 14.3252567401674 0.015707343957444417 0.12530949424076887 0.0 
0.51  -0.00438 0.012278213049998644 15.0754515701157 0.0038065785437948287 0.0932266419400265 0.0 
0.52  -0.02608 0.012568738125515254 15.797317806778068 -0.003358865139560606 0.11457553585360403 0.0 
0.53  0.01108 0.012801359735751154 16.387481108411087 -0.006320304310368413 0.11837432006832582 0.0 
0.54  0.0053 0.012973365106325414 16.83082021820218 0.010744872658696274 0.0872226147442543 0.0 
0.55  0.01026 0.01319043165324289 17.398748719887195 0.006434289610535878 0.07623629359047968 0.0 
0.56  0.00034 0.013362476731573533 17.855578440184406 -0.005853644309577619 0.047691415460377584 0.0 
0.57  -0.00536 0.01357482800861781 18.42759554635546 0.02247371708457111 0.06936807082453988 0.0 
0.58  -0.00624 0.013701499477607527 18.773108793487935 -0.02196947326611239 0.060786447420334344 0.0 
0.59  0.0222 0.013866773037514704 19.228739447394478 -0.0030455244453884292 0.057135488706334225 0.0 
0.6  0.00702 0.01401266108712786 19.635467074270736 -0.007160774462438151 0.05174062590935202 0.0 
0.7  0.04626 0.015266739365604841 23.30733308573085 -0.011212323832277072 0.012607340300390568 0.0 
0.8  -0.01186 0.01614110277384998 26.05351987559876 -0.00490399462880778 0.018583002377588365 0.0 
0.9  -0.00192 0.016904934809226835 28.577682090420915 -0.0016513488721135634 0.02550091464703419 0.0 
1.0  -0.01121 0.017537414831388053 30.75609189681897 -0.00596435892846362 0.03893411847537376 0.0 
1.1  0.00563 0.01808648816773291 32.712105424154245 0.005232642768435124 0.021273660739926203 0.0 
1.2  0.00693 0.018566600845003087 34.47186669376694 -0.006839508153147112 -0.002266284110676864 0.0 
1.3  -0.01958 0.019076273359282015 36.390420527805276 0.014077985655838239 0.006710336158549435 0.0 
1.4  0.00798 0.019504906244575387 38.044136760967596 0.012165958659701317 0.04679160730889054 0.0 
1.5  -0.01845 0.02002962575371987 40.11859078340783 0.009433284719136705 0.0038419398163096474 0.0 
1.6  -0.03929 0.020401578987991397 41.6224425203252 -0.0003785907610419972 -0.017141872356619015 0.0 
1.7  -0.01051 0.020822721514161223 43.35857312563127 0.017096655120515586 0.00544671953360476 0.0 
1.8  0.07312 0.02109963948990281 44.51947866038661 -0.004202920869112862 0.0003212297771040262 1.10522000628415e-306 
1.9  0.00129 0.021425724584614163 45.906167397573974 -0.0037658461782233608 0.01805709060582661 3.064558056923349e-304 
2.0  -0.00517 0.021857497803113288 47.77502102131022 -0.007256113826999129 -0.011081142355994444 4.687843582515937e-298 
2.1  -0.03362 0.022111290917715784 48.89091860478606 0.0028209047889941755 -0.009741507190127674 3.067815416518827e-287 
2.2  -0.01017 0.0224078443145669 50.211148682586824 -0.005296838565584936 0.0239348313185066 6.034270923881078e-280 
2.3  0.01221 0.02266913646472844 51.38897480564806 0.0007197117322142457 -0.022960198028995293 5.791580812095136e-279 
2.4  -0.01217 0.022918055573798415 52.52372712837126 0.0035561038320580177 0.004067645349099536 4.499480272793456e-267 
2.5  -0.03883 0.02315592330870965 53.61967842788429 0.0023057588839613045 0.034549787118156594 2.383387927622718e-268 
2.6  -0.02908 0.02352729646331658 55.35336788727887 0.0158967803026616 -0.0029371451689357286 2.1089127175468364e-268 
2.7  -0.02655 0.02374628160015581 56.388588983389845 0.0023646834345101056 0.05125042549664949 8.859543337003239e-249 
2.8  0.01599 0.023984055027204125 57.523489554795546 0.00017739163279543999 0.06817694595162305 3.309556593608754e-254 
2.9  0.01762 0.024233748535909195 58.72745681016811 0.003856180738483776 0.015726346076163633 3.435892685342449e-247 
3.0  0.04488 0.024435139218271014 59.70760286162862 -0.0037045030477375657 -0.019232497856712882 2.7918653618756998e-238 
3.1  0.0081 0.02470755448304193 61.04632485324853 -0.0059080973719634255 -0.010001560140071142 4.3965016491719805e-228 
3.2  -0.00699 0.024845220551422815 61.72849842488425 0.012544081957963998 0.007992040282191137 1.5619356454714952e-230 
3.3  0.00098 0.025040644175711762 62.70338607346074 -0.004717599749101661 -0.01030790056531794 1.5124662135054089e-229 
3.4  -0.01164 0.025367043185456205 64.34868799728 0.0062117121565478176 0.01189283160323873 1.0052536574851294e-217 
3.5  -0.00445 0.025538383348701628 65.22090240652406 0.00047881983090470215 -0.013243949646390973 5.257016329004201e-223 
3.6  -0.02363 0.025747561935073698 66.29369456004561 0.0033611077431338304 9.607864916638675e-5 3.1590281935169805e-208 
3.7  -0.04699 0.025800784410629107 66.5680476203762 0.0027029195977889046 0.019800095408227136 1.3275933260198069e-213 
3.8  0.01166 0.026095134604069394 68.09560500044999 -0.0010942578983938046 -0.011117652610891593 1.7097827738089954e-210 
3.9  0.00053 0.02628472191325334 69.08866060570605 0.0011498408563222554 0.0017337100722629728 4.8549559512400354e-206 
4.0  -0.02534 0.026470700516304027 70.06979858238583 0.007619411850636457 -0.012139571191795984 3.072498937136894e-208 
4.1  0.0001 0.026774334138306512 71.68649685496855 -0.004199959883073234 0.0093555225748716 1.5926208080169943e-194 
4.2  0.02503 0.026853455011812927 72.11080460714608 0.013224683417781519 0.008812516027523198 9.106957502958755e-197 
4.3  -0.00364 0.026968944004973714 72.73239407434076 -0.002283288513447899 -0.02466358201254204 3.3189526751885906e-194 
4.4  -0.008 0.02717637108871336 73.85551455514555 0.0009908555764916996 0.012872393573486907 5.068394452052536e-198 
4.5  0.02996 0.027415793627786934 75.16257402414026 0.015707792967622706 0.006136990931151942 2.8830896924253657e-200 
4.6  0.01969 0.027474500387099223 75.48481715207153 -0.006230029206028925 0.01649394315137309 3.957523312247458e-189 
4.7  0.06615 0.02772235969514988 76.85292270672706 -0.012301046639096022 0.020044246478820416 9.181022959767451e-185 
4.8  0.00563 0.027936592268257694 78.04531875628756 -0.0035939657443246724 0.0032582657047224295 1.9307908208308407e-185 
4.9  0.02032 0.02787749347632289 77.71546425224253 -0.0010341769019297658 0.0057138653357000635 9.158778829746332e-190 
5.0  0.0299 0.028086892826289747 78.88735486354865 0.009094209198992337 -0.00420429290825286 1.1952026412812119e-175 
