#mmax= 10
#m-states: all states (FBR)
#Nr. of sites: 45
 
0.0  -5.688839183356033e-58 
0.1  0.002481042825228418 
0.2  0.009691576786020352 
0.3  0.02090250230797923 
0.4  0.0346700744136301 
0.41  0.036095065133608314 
0.42  0.0375138720984653 
0.43  0.038920517670326976 
0.44  0.04030918561325883 
0.45  0.04167180820782939 
0.46  0.04299856083706748 
0.47  0.04427727158892308 
0.48  0.04549241235875179 
0.49  0.04663059078895065 
0.5  0.047690511555807676 
0.51  0.04869072194608621 
0.52  0.04965316429728885 
0.53  0.05059142307441414 
0.54  0.05150896917813155 
0.55  0.05240668739365901 
0.56  0.05328427333362215 
0.57  0.05414243169757604 
0.58  0.05498169396962116 
0.59  0.05580289046909002 
0.6  0.056606905267047834 
0.7  0.06387988171451142 
0.8  0.07014319236009642 
0.9  0.07573611620850346 
1.0  0.08085211791163562 
1.1  0.08560940389298005 
1.2  0.09008508865127617 
1.3  0.09433135066809212 
1.4  0.09838569065387971 
1.5  0.10227578521537523 
1.6  0.10602353057603159 
1.7  0.10964430794297293 
1.8  0.11315211038787522 
1.9  0.11655850196870846 
2.0  0.11987126840020833 
2.1  0.1230973237238116 
2.2  0.12624483355659222 
2.3  0.12931912920078073 
2.4  0.13232532963492918 
2.5  0.13526736221154395 
2.6  0.13814999288031207 
2.7  0.14097672148599452 
2.8  0.14375044518507554 
2.9  0.14647421869545524 
3.0  0.14915077418778377 
3.1  0.15178232960064447 
3.2  0.15437096547857407 
3.3  0.15691983395160053 
3.4  0.1594273253385753 
3.5  0.16190193202615688 
3.6  0.16433877541875044 
3.7  0.166741039748444 
3.8  0.16911129686286908 
3.9  0.17145052212058384 
4.0  0.17375911566904434 
4.1  0.176038836779056 
4.2  0.1782914364505548 
4.3  0.18051598169055705 
4.4  0.18271469154896225 
4.5  0.18488854951487402 
4.6  0.18703813460022253 
4.7  0.18916446488925895 
4.8  0.19126899705440997 
4.9  0.19335056291487407 
5.0  0.19541074362645208 
