#mmax= 10
#m-states: all states (FBR)
#Nr. of sites: 45
 
0.0  -5.157400437728362e-14 
0.1  -1.683195482978175e-8 
0.2  -4.70428757898e-7 
0.3  7.2606987192136e-7 
0.4  -9.295483409970877e-7 
0.41  -2.359942077216606e-5 
0.42  4.33794561616602e-6 
0.43  2.050652424316912e-5 
0.44  -2.276223948295929e-5 
0.45  9.447220311040538e-5 
0.46  5.151654553432895e-5 
0.47  -3.4970413065721044e-5 
0.48  0.0019842467547303458 
0.49  -0.0008700523746677266 
0.5  -0.0037738860636999474 
0.51  -0.011916976123770195 
0.52  -0.01696053273793774 
0.53  -0.022902892547730036 
0.54  -0.02645295255863556 
0.55  -0.028778399583631008 
0.56  -0.03020778979347171 
0.57  -0.03070897515623581 
0.58  -0.03401343646223525 
0.59  -0.02590360311451443 
0.6  -0.024812081817305435 
0.7  0.1771590676213039 
0.8  -0.0979636552789884 
0.9  -0.540313039794949 
1.0  -0.6644947430014415 
1.1  -0.6558903011689878 
1.2  -0.4775782338025398 
1.3  -0.7056717796650738 
1.4  -0.6420032832080803 
1.5  -0.717126313088818 
1.6  -0.6989531745918606 
1.7  -0.6871352472785646 
1.8  -0.7628614712324505 
1.9  -0.8169799722658745 
2.0  -0.8157805851934226 
2.1  -0.8432095034432987 
2.2  -0.8212571425694779 
2.3  -0.8539389825482323 
2.4  -0.8749729223548764 
2.5  -0.8654221804347849 
2.6  -0.8541691394452849 
2.7  -0.8516603079407328 
2.8  -0.8299034072187945 
2.9  -0.8140746090164798 
3.0  -0.8198996089746166 
3.1  -0.8185690706970816 
3.2  -0.8216680208153707 
3.3  -0.8206442171813559 
3.4  -0.8227235684886655 
3.5  -0.8223507213184152 
3.6  -0.8220108428802088 
3.7  -0.8213556494222359 
3.8  -0.8228395059882669 
3.9  -0.8239596992369645 
4.0  -0.8248066439829902 
4.1  -0.8259099161071491 
4.2  -0.8267645740063613 
4.3  -0.8277447384605271 
4.4  -0.8279218999217484 
4.5  -0.8291301907271436 
4.6  -0.829604367467206 
4.7  -0.8307594587531779 
4.8  -0.8312380105347773 
4.9  -0.831757628007836 
5.0  -0.8322655153938473 
