#mmax= 10
#m-states: all states (FBR)
#Nr. of sites: 45

0.0  -0.0  0.0
0.1  -0.0  1.7635868225678847e-19
0.2  -0.0  2.818647118726726e-19
0.3  -0.0  2.914471605353984e-19
0.4  -0.0  3.113889340339897e-19
0.41  -0.0  3.031960861228298e-19
0.42  -0.0  3.014224578950322e-19
0.43  -0.0  3.1125431873224116e-19
0.44  1.0000050000287824e-5  1.000010000100001e-5
0.45  -0.0  3.0519373785485576e-19
0.46  -0.0  3.1230001647764437e-19
0.47  1.0000050000287824e-5  1.000010000100001e-5
0.48  -0.0  3.0386004885405764e-19
0.49  3.0000450008974692e-5  1.7320854493644703e-5
0.5  1.0000050000287824e-5  1.000010000100001e-5
0.51  8.000320017064589e-5  2.8285544114272713e-5
0.52  1.0000050000287824e-5  1.0000100001000012e-5
0.53  5.000125004166272e-5  2.2361350619988824e-5
0.54  0.00011000605044375778  3.3168238039299147e-5
0.55  0.00010000500033334732  3.1624515982084405e-5
0.56  0.00012000720057606084  3.464326801619994e-5
0.57  0.0002000200026670447  4.4726055987721985e-5
0.58  0.00015001125112511004  3.873293219155275e-5
0.59  0.00019001805228668268  4.359334894687213e-5
0.6  0.00034005781310468206  5.8319725694465744e-5
0.7  0.0008503614548381633  9.223511381042413e-5
0.8  0.001431023425781421  0.00011966879915059995
0.9  0.0022425125521557195  0.00014983495299556666
1.0  0.003375691132005213  0.00018388661995660794
1.1  0.004610612549049118  0.00021497218381703734
1.2  0.005474960264911967  0.00023430813332796257
1.3  0.007316701823363229  0.0002709909158336601
1.4  0.008506074139705578  0.0002922745087998856
1.5  0.009888732548672513  0.0003152441403695477
1.6  0.011799303504251386  0.0003445181063881415
1.7  0.013358832716041796  0.0003667232550230182
1.8  0.014413374824004057  0.000381023528454892
1.9  0.016271665610581985  0.000405030014488618
2.0  0.018367654349603905  0.000430552663085403
2.1  0.019723227188337973  0.0004463094327089616
2.2  0.0222251418691308  0.00047406926950943504
2.3  0.02302299935240228  0.00048260024038576915
2.4  0.024343910753074  0.0004964159184722913
2.5  0.026272100088443908  0.0005159506821666648
2.6  0.028142285938852107  0.0005342498098063781
2.7  0.03001598772593897  0.0005520080962024155
2.8  0.03265747177036035  0.0005761673736576098
2.9  0.03497309712339567  0.0005965811722961976
3.0  0.03630093714736669  0.0006080146975534123
3.1  0.03766029738368372  0.0006195061080318169
3.2  0.03830392177736648  0.0006248755371217321
3.3  0.04034263810354812  0.0006416194963617511
3.4  0.042855250391595386  0.0006617187584775683
3.5  0.044432569223334675  0.0006740536106115579
3.6  0.04744796347226521  0.0006970797224891993
3.7  0.048224166216100324  0.0007028954312355727
3.8  0.0501570202504184  0.0007171932292791581
3.9  0.05212508724050932  0.0007314910160165865
4.0  0.052883725636996184  0.0007369346715300612
4.1  0.055745169859917135  0.0007571568607363853
4.2  0.05667597963841956  0.0007636308942176072
4.3  0.05736412199920156  0.0007683862585190495
4.4  0.06016392299432722  0.0007874709479303565
4.5  0.06230082532384824  0.0008017661054214418
4.6  0.06298198792012431  0.0008062745887332673
4.7  0.06443159931503656  0.0008158002839849184
4.8  0.06706912153604931  0.0008328832353435752
4.9  0.06893180432991199  0.0008447690725172981
5.0  0.06879263446082118  0.0008438867821532462
