#mmax= 10
#m-states: all states (FBR)
#Nr. of sites: 45

0.0  1.0  0.0
0.1  1.0  1.7635868225678847e-19
0.2  1.0  2.818647118726726e-19
0.3  1.0  2.914471605353984e-19
0.4  1.0  3.113889340339897e-19
0.41  1.0  3.031960861228298e-19
0.42  1.0  3.014224578950322e-19
0.43  1.0  3.1125431873224116e-19
0.44  0.99999  1.0e-5
0.45  1.0  3.0519373785485576e-19
0.46  1.0  3.1230001647764437e-19
0.47  0.99999  1.0e-5
0.48  1.0  3.0386004885405764e-19
0.49  0.99997  1.7320334868009895e-5
0.5  0.99999  1.0e-5
0.51  0.99992  2.828328127074357e-5
0.52  0.99999  1.0000000000000003e-5
0.53  0.99995  2.2360232552457827e-5
0.54  0.99989  3.316458953311482e-5
0.55  0.9999  3.16213535304862e-5
0.56  0.99988  3.4639110824037994e-5
0.57  0.9998  4.471711077652444e-5
0.58  0.99985  3.872712225172402e-5
0.59  0.99981  4.3585066210572226e-5
0.6  0.99966  5.829989698772962e-5
0.7  0.9991500000000008  9.215671396368534e-5
0.8  0.9985700000000008  0.0001194976727678147
0.9  0.9977600000006229  0.00014949932270094993
1.0  0.9966300001075474  0.0001832669220671307
1.1  0.9954000000085944  0.00021398331177332653
1.2  0.994540000015274  0.0002330288109235707
1.3  0.9927100000764552  0.0002690153920779514
1.4  0.9915300001529321  0.00028979894375504874
1.5  0.990160000199713  0.0003121421380912697
1.6  0.988270035292893  0.0003404769211592493
1.7  0.9867300004804858  0.00036185683760506807
1.8  0.9856900006039989  0.0003755710819928403
1.9  0.9838600028180862  0.0003984928311961812
2.0  0.9818000029538249  0.0004227166058890258
2.1  0.9804700031961899  0.0004375930109146453
2.2  0.9780200170073129  0.00046364923502826205
2.3  0.9772400076274926  0.0004716162625956188
2.4  0.975950012332537  0.0004844771217551004
2.5  0.9740700090105554  0.0005025720856270853
2.6  0.9722500194522223  0.0005194243879765971
2.7  0.970430018455305  0.0005356852269851879
2.8  0.9678700256239524  0.0005576551307056761
2.9  0.9656313941703673  0.0005760775091401694
3.0  0.9643500410610257  0.0005863389985513403
3.1  0.9630400325497824  0.00059660918244375
3.2  0.9624203959207557  0.0006013929618378923
3.3  0.9604602924733001  0.0006162500491321791
3.4  0.9580500574014083  0.0006339596945430229
3.5  0.9565400981607495  0.0006447593068599872
3.6  0.9536600970015754  0.0006647771157668811
3.7  0.95292015062895  0.0006698032202094026
3.8  0.9510800739441113  0.0006821081895350377
3.9  0.9492101253412786  0.0006943386789991233
4.0  0.9484902911753033  0.0006989753811767242
4.1  0.9457801184643565  0.0007161039054433588
4.2  0.9449001866698676  0.0007215549744930951
4.3  0.9442501844973742  0.0007255488663718596
4.4  0.9416101693742198  0.0007414906526579804
4.5  0.9396001887407888  0.0007533395839799539
4.6  0.9389603861662941  0.0007570598991930586
4.7  0.9376002445676966  0.0007648945457826558
4.8  0.9351305614419844  0.0007788545674824539
4.9  0.9333903310868978  0.0007884992842888926
5.0  0.933520239936575  0.0007877853913550026
