#mmax= 10
#m-states: all states (FBR)
#Nr. of sites: 45
 
0.0  -3.0708826137578763e-28 
0.1  2.2210271665464925 
0.2  4.578650259111535 
0.3  7.272031238895908 
0.4  10.720456272725675 
0.41  11.142392786331488 
0.42  11.586611825048614 
0.43  12.055893720454764 
0.44  12.555374718034425 
0.45  13.091076662780901 
0.46  13.670613150318577 
0.47  14.302967315524208 
0.48  14.993014369710696 
0.49  15.729773796850033 
0.5  16.471366211713608 
0.51  17.161068030449716 
0.52  17.77299583672083 
0.53  18.309573035535635 
0.54  18.78755423010168 
0.55  19.219964495820946 
0.56  19.617734054315765 
0.57  19.986776152598747 
0.58  20.3317379086269 
0.59  20.656147916042954 
0.6  20.961973945505857 
0.7  23.337267949775512 
0.8  24.98105267016201 
0.9  26.23138720099128 
1.0  27.23558322001211 
1.1  28.071503026889925 
1.2  28.784861997579632 
1.3  29.404985643339856 
1.4  29.9517366730461 
1.5  30.439211425410043 
1.6  30.877862787593187 
1.7  31.275643798503438 
1.8  31.63868816628065 
1.9  31.971827058900438 
2.0  32.27912095049006 
2.1  32.56379388452038 
2.2  32.82852327469947 
2.3  33.07554519508747 
2.4  33.30677379443193 
2.5  33.52384038070376 
2.6  33.7281282161869 
2.7  33.92086238900139 
2.8  34.10309757215288 
2.9  34.275756217373 
3.0  34.43965433469396 
3.1  34.59550069671004 
3.2  34.74389548593207 
3.3  34.88550553793554 
3.4  35.02086054015537 
3.5  35.15022901681203 
3.6  35.27419988647513 
3.7  35.39309311617452 
3.8  35.50724904370595 
3.9  35.61696261917548 
4.0  35.72252855829851 
4.1  35.824194887357436 
4.2  35.92219479850207 
4.3  36.016751436821444 
4.4  36.10806486116783 
4.5  36.196305596469955 
4.6  36.28164288562993 
4.7  36.36423440398399 
4.8  36.444218378479924 
4.9  36.521748047264154 
5.0  36.59693491125255 
