#mmax= 10
#m-states: all states (FBR)
#Nr. of sites: 45
 
0.0  8.405650297084704e-94 
0.1  -1.0864589366675899 
0.2  -2.088603152117482 
0.3  -2.904698607737508 
0.4  -3.3781527601056456 
0.41  -3.3962234861200433 
0.42  -3.406902602844906 
0.43  -3.409509940417674 
0.44  -3.4029015257397206 
0.45  -3.3857048997244763 
0.46  -3.356188050863717 
0.47  -3.3122730070596824 
0.48  -3.2524672736271745 
0.49  -3.1781728765640507 
0.5  -3.0968316492249888 
0.51  -3.019553646120006 
0.52  -2.952256820048227 
0.53  -2.895487367403561 
0.54  -2.846728339217873 
0.55  -2.8039410959541793 
0.56  -2.7653498399722043 
0.57  -2.7300829438881205 
0.58  -2.6974501454985917 
0.59  -2.666964092549379 
0.6  -2.638397395357557 
0.7  -2.4178422577168512 
0.8  -2.2626212227983693 
0.9  -2.141099214160267 
1.0  -2.040749770663978 
1.1  -1.9551255678723716 
1.2  -1.8805116095638268 
1.3  -1.8144655169120103 
1.4  -1.7553290629195795 
1.5  -1.7019057737092134 
1.6  -1.653286479560814 
1.7  -1.6087396895035322 
1.8  -1.5677204949790482 
1.9  -1.5298045826212405 
2.0  -1.4945694286129214 
2.1  -1.4616938436358207 
2.2  -1.4309453016301792 
2.3  -1.4020987642708267 
2.4  -1.3749628276623589 
2.5  -1.349367378625962 
2.6  -1.3251818934465234 
2.7  -1.3022755528498409 
2.8  -1.280536680427724 
2.9  -1.2598703181762207 
3.0  -1.2401908536845616 
3.1  -1.2214226911815307 
3.2  -1.2035098362310865 
3.3  -1.1863692713685186 
3.4  -1.169908345542981 
3.5  -1.154196820520565 
3.6  -1.1390765879472513 
3.7  -1.1245388988733556 
3.8  -1.110556188595898 
3.9  -1.0970941282565914 
4.0  -1.084111856656165 
4.1  -1.0715876109773055 
4.2  -1.0595006147627384 
4.3  -1.0478097994992635 
4.4  -1.0365015860209628 
4.5  -1.0255594942798232 
4.6  -1.014962154576063 
4.7  -1.0046928203879197 
4.8  -0.9947415118901085 
4.9  -0.9850741045149978 
5.0  -0.9756865435977873 
