#mmax= 5
#m-states: all states (FBR)
#Nr. of sites: 35
 
0.0  17.500000000000014 0.014285714285713014 
0.1  15.869120693419484 0.011653621370228295 
0.2  14.39234652019787 0.009331214978651303 
0.3  13.07928100351173 0.00737059875713475 
0.4  11.912914971546373 0.005886801596619917 
0.41  11.80292312579902 0.005775555354270656 
0.42  11.693730041518343 0.005666073227238888 
0.43  11.58528278396001 0.005569807844948205 
0.44  11.477406152121505 0.005488917759456924 
0.45  11.369880358334902 0.005421226416753244 
0.46  11.262341075813206 0.005357500626565925 
0.47  11.15472824667635 0.005318965343757753 
0.48  11.046906063553445 0.005294716732308857 
0.49  10.939455076690626 0.005293647924252798 
0.5  10.8337238698627 0.005309031821417509 
0.51  10.731532949357229 0.005334605876862408 
0.52  10.634313681144926 0.005360225998850776 
0.53  10.542454754493162 0.005382447749140318 
0.54  10.455669709139036 0.005400256383122137 
0.55  10.37329521242752 0.00540966759153827 
0.56  10.294630839940478 0.005414339200893514 
0.57  10.219182393568053 0.005415462405678251 
0.58  10.14648348229047 0.005413899923461751 
0.59  10.076289436045233 0.00541044464642193 
0.6  10.008397881726728 0.00540536617489884 
0.7  9.422279882711956 0.005318282254368034 
0.8  8.952475142281523 0.0052132791496313224 
0.9  8.558590487541716 0.005102081962178651 
1.0  8.219468338725665 0.004995541439006046 
1.1  7.9221723203988095 0.004902134264792468 
1.2  7.657853657406354 0.004806215119377066 
1.3  7.420447879728431 0.0047158178795653205 
1.4  7.2054814553853905 0.004637914166958912 
1.5  7.0093277224021575 0.004558080119457464 
1.6  6.829322987197009 0.004482306576221062 
1.7  6.663294862304817 0.004410701283734553 
1.8  6.509435530884644 0.004340520485868193 
1.9  6.366345476881679 0.004278055520746449 
2.0  6.232745902057758 0.004217222192798409 
2.1  6.107615263826906 0.0041589496236214 
2.2  5.990097507550716 0.004104695752719656 
2.3  5.879406843944918 0.00405174175266354 
2.4  5.774904308583058 0.004001131550775416 
2.5  5.676021024719125 0.003952656081722017 
2.6  5.582273666937533 0.003906276771243444 
2.7  5.493234016736081 0.00386218337208033 
2.8  5.408487285684303 0.003819453686850549 
2.9  5.327722689468526 0.0037785058985047026 
3.0  5.250614811548256 0.003739117908881595 
