#mmax= 5
#m-states: all states (FBR)
#Nr. of sites: 35
 
0.0  17.500000000000036 0.014285714285713236 
0.1  21.584168772225382 0.021013472038199588 
0.2  27.966378900383845 0.03225026313718837 
0.3  39.793829392015105 0.055417191215841766 
0.4  71.73329502340296 0.13082201456331 
0.41  78.32163879827705 0.14782211104740328 
0.42  86.27776428676916 0.16845967731754374 
0.43  96.07658316327225 0.19384132049560854 
0.44  108.45504594778282 0.22535078547106469 
0.45  124.16493240980878 0.26361706418333963 
0.46  144.34172407733212 0.30910309362906985 
0.47  170.437526271809 0.3613709484453721 
0.48  203.25138509801536 0.41711284465827936 
0.49  242.6877842221227 0.47176572259747906 
0.5  286.18873093651877 0.5195933556717678 
0.51  329.52239793437184 0.5570689039057999 
0.52  368.82122200144823 0.5839679214248088 
0.53  402.5741408587987 0.6025094648951214 
0.54  430.656035261924 0.6150111643712894 
0.55  454.27805747738535 0.6236793482328504 
0.56  474.3990849847919 0.6298492003644353 
0.57  491.93118511071754 0.6344284424031754 
0.58  507.47180598419254 0.6379461162830377 
0.59  521.4531652854133 0.6407321918135193 
0.6  534.1792938597496 0.642997072528986 
0.7  622.5442357957963 0.6537283140491867 
0.8  676.8982456203953 0.6575744595743163 
0.9  716.0474615329607 0.6595797461893677 
1.0  746.5550419508935 0.6608266182866898 
1.1  771.4855147140021 0.6616858149530982 
1.2  792.5018504342953 0.6623176148896406 
1.3  810.6176713099363 0.662804253186114 
1.4  826.4910872127533 0.6631918764261251 
1.5  840.5800855472869 0.6635084410992395 
1.6  853.2138188162563 0.663772270241654 
1.7  864.6382769258362 0.663995759684612 
1.8  875.0421562346044 0.6641875772937269 
1.9  884.5739629472249 0.6643541247375342 
2.0  893.352342535411 0.6645000642469866 
2.1  901.4739289152573 0.6646290257158615 
2.2  909.0169325030884 0.6647437970007284 
2.3  916.049823562472 0.6648466176799483 
2.4  922.6285060055354 0.6649392659121629 
2.5  928.8016075591622 0.6650231995325266 
2.6  934.6065312031201 0.6650995310372521 
2.7  940.0790493546637 0.665169260567521 
2.8  945.2526748215023 0.6652332341612042 
2.9  950.1502176508932 0.6652920800479334 
3.0  954.7981741644674 0.6653464316715679 
