#mmax= 5
#m-states: all states (FBR)
#Nr. of sites: 35
 
0.0  2.2832357734105278e-32 
0.1  0.02578027797322347 
0.2  0.05654182623711009 
0.3  0.09903736833776022 
0.4  0.1660279518533607 
0.41  0.1750756610053376 
0.42  0.18475458610622084 
0.43  0.19515165281612462 
0.44  0.20638319757466958 
0.45  0.21857045035855308 
0.46  0.23186153209912574 
0.47  0.24642424842203384 
0.48  0.2622810209426375 
0.49  0.27925891023893845 
0.5  0.2967252468820544 
0.51  0.3137567839180577 
0.52  0.3295462486043069 
0.53  0.3437906323478328 
0.54  0.3564804046792183 
0.55  0.367892782918335 
0.56  0.3782518031437303 
0.57  0.3877756404336425 
0.58  0.3966127259753123 
0.59  0.40487465079444157 
0.6  0.41264442692763037 
0.7  0.4725921382304056 
0.8  0.5139647382388297 
0.9  0.5454431638611192 
1.0  0.570752938369596 
1.1  0.591848052364592 
1.2  0.6098716506921157 
1.3  0.6255577462483425 
1.4  0.6394017801131329 
1.5  0.6517575884316293 
1.6  0.6628858850653133 
1.7  0.6729848764578568 
1.8  0.6822086688149644 
1.9  0.6906802164144082 
2.0  0.6984985162962472 
2.1  0.705744905308046 
2.2  0.7124859184674442 
2.3  0.7187795802859778 
2.4  0.7246738737407354 
2.5  0.7302105796144047 
2.6  0.7354224094072981 
2.7  0.7403404181426256 
2.8  0.7449931769810553 
2.9  0.7494012662429805 
3.0  0.753587297705475 
