#mmax= 5
#m-states: all states (FBR)
#Nr. of sites: 35
 
0.0 1.7979707642722577e-28
0.1 -0.21304037999476932
0.2 -0.8590842750745864
0.3 -1.9625980638251797
0.4 -3.5817944986449355
0.41 -3.7764297793638555
0.42 -3.9777884438270377
0.43 -4.186156726358945
0.44 -4.401868207262456
0.45 -4.625312339354462
0.46 -4.856949853022648
0.47 -5.09731388719899
0.48 -5.346985343039929
0.49 -5.606505172864495
0.5 -5.876197477540423
0.51 -6.155973404887746
0.52 -6.445283464270261
0.53 -6.743290052678866
0.54 -7.04910360393621
0.55 -7.361933608640211
0.56 -7.681127413513138
0.57 -8.006157259612088
0.58 -8.336591866602955
0.59 -8.672070776288194
0.6 -9.012286343290395
0.7 -12.627857364696983
0.8 -16.53673049789324
0.9 -20.658070562972853
1.0 -24.94511244086097
1.1 -29.36736024574116
1.2 -33.90335782792165
1.3 -38.5371758164042
1.4 -43.25651664492162
1.5 -48.05160317658519
1.6 -52.9144717611084
1.7 -57.83851566948877
1.8 -62.818174746524086
1.9 -67.84869970406479
2.0 -72.92599959137551
2.1 -78.04651109653422
2.2 -83.20710859040317
2.3 -88.40503139754875
2.4 -93.63782407691714
2.5 -98.90329146538514
2.6 -104.19946084223741
2.7 -109.52454687430725
2.8 -114.87694411428451
2.9 -120.25517807290774
3.0 -125.65790713951799
