#mmax= 5
#m-states: all states (FBR)
#Nr. of sites: 35
 
0.0  -0.0 
0.1  0.006344242110865609 
0.2  0.026587644481590126 
0.3  0.06505085619352355 
0.4  0.13253768783668046 
0.41  0.14176136404730208 
0.42  0.15160954846166705 
0.43  0.16215500796593166 
0.44  0.17349802660740266 
0.45  0.18575273009727902 
0.46  0.1990773512376137 
0.47  0.21370132470063588 
0.48  0.22985052895098707 
0.49  0.2477407855113444 
0.5  0.26729493660774756 
0.51  0.2880325492311377 
0.52  0.3091858798775686 
0.53  0.33014172490713845 
0.54  0.3503718863179896 
0.55  0.3697879751346677 
0.56  0.38827104852395017 
0.57  0.40586652509514765 
0.58  0.4225937338139216 
0.59  0.43847470140267086 
0.6  0.4535362001464325 
0.7  0.5653140683198561 
0.8  0.6267656928013469 
0.9  0.6602796865260382 
1.0  0.6788921476701535 
1.1  0.6894996964915879 
1.2  0.6956872423707828 
1.3  0.6993769157860139 
1.4  0.7016140441218992 
1.5  0.7029871134195538 
1.6  0.7038351655988723 
1.7  0.7043586380628136 
1.8  0.7046777665850675 
1.9  0.7048665263556877 
2.0  0.7049717291810081 
2.1  0.7050230559326257 
2.2  0.7050397553930116 
2.3  0.7050341069381081 
2.4  0.7050139767490768 
2.5  0.7049844192529716 
2.6  0.7049499729940417 
2.7  0.7049129412253703 
2.8  0.7048738293409318 
2.9  0.7048354210953542 
3.0  0.7047970337444476 
