#mmax= 5
#m-states: all states (FBR)
#Nr. of sites: 35
 
0.0  0.0 
0.1  0.022971460664179284 
0.2  0.07677192200911101 
0.3  0.15694464210733255 
0.4  0.2674608836204487 
0.41  0.2806566007283398 
0.42  0.29434690458212776 
0.43  0.308577853329407 
0.44  0.32342146358458246 
0.45  0.3389531652143534 
0.46  0.35528469616509456 
0.47  0.3725843694206224 
0.48  0.39098062184590665 
0.49  0.4105533608014591 
0.5  0.4310465917556446 
0.51  0.45183293797019924 
0.52  0.4721124861225307 
0.53  0.4913565571578105 
0.54  0.5091952868335601 
0.55  0.5256804116921567 
0.56  0.5408291297673389 
0.57  0.5547838653598429 
0.58  0.5676484920432207 
0.59  0.5795156657236887 
0.6  0.5904705238811692 
0.7  0.663505119948594 
0.8  0.6979633329648341 
0.9  0.714973957134504 
1.0  0.7236809550057458 
1.1  0.7282338151007612 
1.2  0.7306118623312062 
1.3  0.7318171369773154 
1.4  0.7323744148267138 
1.5  0.7325684404022178 
1.6  0.7325581198373461 
1.7  0.7324358064693799 
1.8  0.7322530618730205 
1.9  0.7320405976249359 
2.0  0.7318165498915353 
2.1  0.7315916503200075 
2.2  0.7313723971138628 
2.3  0.7311616657034381 
2.4  0.7309603917174424 
2.5  0.7307681500215587 
2.6  0.7305881339167373 
2.7  0.730419533752758 
2.8  0.7302590927102058 
2.9  0.7301098960249611 
3.0  0.7299686056015964 
