#mmax= 5
#m-states: all states (FBR)
#Nr. of sites: 35

0.0  -0.0  0.0
0.1  0.008536331022286335  0.001464156168506214
0.2  0.0304233001212823  0.002781223746798541
0.3  0.06368377698768929  0.00405452942052818
0.4  0.12891399967929412  0.005973878985473244
0.41  0.13378564654088018  0.00615483138313238
0.42  0.1534588531179652  0.006448282712044702
0.43  0.16453881702927964  0.006684576971477112
0.44  0.17113164414728455  0.006896213051977478
0.45  0.17644918443954385  0.007141914678604788
0.46  0.1970768531662874  0.007357683446208353
0.47  0.2162177152657039  0.007849462511376694
0.48  0.2183394367448468  0.007933287939580227
0.49  0.258809533650275  0.008611789814883357
0.5  0.2728098314711749  0.008860274899963109
0.51  0.30082508169671635  0.009384917341367682
0.52  0.30400353376294653  0.009536379819687585
0.53  0.3300894198489203  0.010005730931743322
0.54  0.34792219622649206  0.01039277086200099
0.55  0.3664959562494134  0.010633739194018272
0.56  0.3856575771145217  0.011020241938758944
0.57  0.3913550250663038  0.011194759636963751
0.58  0.3912057878102981  0.011049582050178008
0.59  0.4276631171879968  0.01170419178165129
0.6  0.45961614286339003  0.012273261564706124
0.7  0.582388764242723  0.01419006298734602
0.8  0.6099142190735526  0.014743624559225696
0.9  0.6483586763421604  0.015341217503005263
1.0  0.6606303512142897  0.015471128571652436
1.1  0.6659626999773323  0.015545631592529318
1.2  0.6654665466874853  0.015558684270839625
1.3  0.6972931250814346  0.016137493736421017
1.4  0.724537611235985  0.01651038141223329
1.5  0.7017359615991654  0.01611058256044007
1.6  0.6630053838125842  0.01568589814561759
1.7  0.7075169052750128  0.01627227137581925
1.8  0.6993608785878054  0.016163173856247864
1.9  0.6997401743287782  0.016126734706205396
2.0  0.6865871165380626  0.01600417629555033
2.1  0.6925889166983364  0.015952247353034563
2.2  0.7089993466307093  0.016322248419351513
2.3  0.7151203460058742  0.016288936734937712
2.4  0.7226151533379842  0.016516858343499887
2.5  0.6752493856912671  0.015829533192136494
2.6  0.71415893688136  0.01630428282668239
2.7  0.7352825944044262  0.01658813854068817
2.8  0.7102609710917251  0.016235323653802584
2.9  0.6888613947171123  0.0159760089525206
3.0  0.6955406125869664  0.016025428806386882
