#mmax= 5
#m-states: all states (FBR)
#Nr. of sites: 35

0.0  0.0 0.0 0.0 NaN NaN 0.0 
0.1  -0.0035 0.009527309688861637 0.3630785196299074 -0.04658820219699456 10.204533028123604 0.0 
0.2  0.019 0.019659765425715247 1.5460255063765942 0.19977753107969326 2.5686382167757884 0.0 
0.3  0.0075 0.02934196951967989 3.4438047011752944 -0.07880900097750183 1.029905473030686 1.0782601234328118e-223 
0.4  -0.028 0.039581506716122865 6.266782695673918 0.014940612224276974 0.5255652008068954 7.224438351554458e-113 
0.41  -0.0505 0.04043539529667295 6.540084771192803 -0.00019714462123416427 0.3312483099928216 6.752149612042659e-100 
0.42  -0.04 0.042232048097050875 7.134183545886473 -0.0932397632200936 0.6300227573322346 1.1902731108774983e-97 
0.43  -0.0405 0.04245339220989922 7.209162040510127 -0.06606141720777668 0.20544181463819555 5.509752446934176e-88 
0.44  -0.061 0.044867282269539836 8.052292073018256 -0.01920102732263174 0.3582988104260374 1.1771763440482726e-83 
0.45  0.031 0.045450810708374735 8.263104776194046 0.06585665147979206 0.31240743125947734 2.067980034591559e-80 
0.46  0.043 0.04586462297795795 8.414254563640913 0.01814683693108263 0.2698771770037576 9.061467680092526e-74 
0.47  0.037 0.04914022222538365 9.659045761440357 0.012798655853029844 0.23515439747895073 1.632589030920368e-64 
0.48  0.0745 0.0487642997153828 9.511827706926733 -0.007085349554203515 0.2583699893313778 5.158831580498213e-68 
0.49  0.0115 0.04953110406671262 9.813321080270061 -0.022013624556304467 0.11282703640356395 1.6493584005476142e-56 
0.5  -0.084 0.051729150159692955 10.703619904976247 0.08390829682802652 -0.027427974787311182 2.0887172555460932e-59 
0.51  0.0455 0.05259205185652694 11.063695673918476 -0.047515126634709526 0.19858912772207704 4.168878728892542e-51 
0.52  -0.0925 0.053584781138793704 11.485315078769686 -0.11387637594204905 0.05997501109668901 6.714064178652203e-61 
0.53  -0.024 0.05554392209612549 12.340509127281832 0.0418210908187052 0.3035716032116129 1.0027867449485316e-51 
0.54  -0.0835 0.057583295290163095 13.263343585896475 -0.016397904505269796 0.026820338089486473 6.500326525075768e-43 
0.55  -0.056 0.057166712414236855 13.072132033008248 0.04325834504394853 0.03233267852337063 5.083817608507471e-44 
0.56  -0.0185 0.058881501299634195 13.868124781195293 -0.02627590729595971 0.1297045621917392 3.8062034689647347e-44 
0.57  -0.0755 0.05942817399572459 14.126831457864462 -0.01956868826653157 0.23392507357461767 3.730015368237023e-45 
0.58  0.0055 0.060437203785419696 14.610622405601397 -0.05701623204070086 -0.017000656413695747 1.8229649308276928e-40 
0.59  0.006 0.061785478563658784 15.269781445361355 0.002233358316806977 0.062289449812876985 1.1079514878399564e-43 
0.6  0.0585 0.06150479776031204 15.13136059014754 -0.039313205690302035 -0.10655397651186016 6.750595268784625e-41 
0.7  -0.028 0.06699198445706303 17.951703925981494 0.027193705410444323 0.06308381703143517 2.8039916946087147e-32 
0.8  0.0025 0.07103527250588257 20.184039759939985 0.021342969295357683 -0.031040580689618125 6.783094091957319e-30 
0.9  -0.079 0.07440311623800769 22.143294823705933 -0.030538226333070843 0.05045033443965208 2.2742753377700783e-26 
1.0  0.1075 0.07750395250026472 24.027450612653162 -0.05828570425993322 0.001926638920422885 1.4805764687303225e-27 
1.1  -0.0555 0.07961824353548576 25.35625881470368 -0.019438989289192746 -0.07082057216184445 1.4754445114254415e-21 
1.2  0.0895 0.08130129096440054 26.439599649912473 0.01883756795054725 -0.007837098389445352 1.3161045084668022e-22 
1.3  0.005 0.08423341122673192 28.381070267566905 -0.011893649676533362 -0.09423093885082157 9.141638397421387e-21 
1.4  0.093 0.08525640687789061 29.074619654913732 0.04197071645430626 0.05537155146219419 1.9908239472788573e-19 
1.5  0.0745 0.08869514724485321 31.46731657914477 -0.04428172391576934 0.03699095819830234 4.377518815090463e-19 
1.6  -0.0605 0.09063326395222483 32.85755413853463 0.08443221367272419 -0.002116505656530432 3.50412903693874e-21 
1.7  0.0915 0.09090777190784247 33.05689197299325 -0.0069825580185244145 0.08903944673888464 1.1855792137564263e-18 
1.8  0.054 0.09292432260949285 34.53971892973242 -0.08522852750900041 -0.013471957716887584 5.519702009520098e-21 
1.9  0.0595 0.09456796874564964 35.772402850712666 -0.060773864066827894 0.015729699124408913 1.4783975614607138e-20 
2.0  -0.02 0.09468971187718256 35.86456614153539 -0.04003999892192465 0.218690728088486 5.780290060972744e-19 
2.1  0.004 0.09831791598254505 38.66565041260315 -0.12643729247546612 0.036862575948215515 7.488308931678737e-19 
2.2  0.075 0.09879288313658838 39.04013503375844 -0.047778376886122756 -0.040907160296915546 8.532222956201778e-15 
2.3  0.12 0.09834285855850115 38.68527131782946 0.03929386480755297 0.03178201841965489 9.728043371371524e-17 
2.4  0.005 0.09931243371236287 39.45183795948988 -0.005117459836576397 0.10403962528213251 2.2404588766949546e-16 
2.5  0.2465 0.10225787796498358 41.8266944236059 -0.04455542739722333 0.05452220797024854 3.509634664406609e-14 
2.6  -0.084 0.10262245778683411 42.125475368842196 -0.029001730488745728 0.05099270965627101 1.994296589808199e-14 
2.7  -0.1525 0.1048316906204397 43.95873343335834 -0.08365515740738147 0.10015480997576365 8.413202784999608e-15 
2.8  0.1595 0.10569381596471618 44.684730932733174 -0.012118125918079276 0.1087363196585267 1.0396818980630864e-13 
2.9  0.036 0.10630851976837905 45.20600550137535 -0.03834070640380775 0.1348396379618242 3.4774881369644403e-14 
3.0  -0.105 0.1059223708059789 44.87819454863716 -0.03326686546234885 0.09965027790584635 1.2031587895582653e-16 
