#mmax= 5
#m-states: all states (FBR)
#Nr. of sites: 35
 
0.0  8.21291378145542e-62 
0.1  0.0024810388113506126 
0.2  0.009691730350731448 
0.3  0.02090238436897181 
0.4  0.03467297963512788 
0.41  0.03609893960531372 
0.42  0.03751867372781298 
0.43  0.03892699752355112 
0.44  0.04031788615770375 
0.45  0.041683521746848466 
0.46  0.043014860419100555 
0.47  0.044301472692047705 
0.48  0.045530156283353725 
0.49  0.046689693875313854 
0.5  0.047775423735500214 
0.51  0.04879467342840621 
0.52  0.04976380244531955 
0.53  0.05069815523559781 
0.54  0.05160916120379065 
0.55  0.05250037464006174 
0.56  0.05337419454674458 
0.57  0.054230570981863395 
0.58  0.05506992239316275 
0.59  0.05589251949795935 
0.6  0.056698737038856334 
0.7  0.06400291783293932 
0.8  0.07029507263298385 
0.9  0.0759127351080329 
1.0  0.08104978894239023 
1.1  0.08582490029297003 
1.2  0.09031617184543819 
1.3  0.09457640540853887 
1.4  0.09864362251644576 
1.5  0.10254556948198693 
1.6  0.10630350625446694 
1.7  0.10993402265909792 
1.8  0.11345090531473467 
1.9  0.11686489945391028 
2.0  0.120185211448753 
2.1  0.12341955254991786 
2.2  0.12657500077894313 
2.3  0.12965683615258516 
2.4  0.13266996853695945 
2.5  0.13561827137611676 
2.6  0.1385072689990602 
2.7  0.14133965337582888 
2.8  0.14411857447989918 
2.9  0.14684791408733228 
3.0  0.14952929016009825 
