#mmax= 5
#m-states: all states (FBR)
#Nr. of sites: 35
 
0.0  -2.2247721408507593e-15 
0.1  -1.4892534746358903e-9 
0.2  -1.6677913850110662e-9 
0.3  -4.557631090772089e-7 
0.4  2.5869746960411145e-7 
0.41  -1.3163072847669936e-6 
0.42  -1.1385671651428854e-5 
0.43  1.1496286125017156e-5 
0.44  1.1018498471332631e-5 
0.45  -2.512633667714576e-6 
0.46  -2.4073133459732413e-5 
0.47  -2.7941929908525967e-6 
0.48  8.062672789147906e-5 
0.49  -0.0001258337400616345 
0.5  8.604346139287714e-5 
0.51  2.3132643571148215e-5 
0.52  0.00013161222595253535 
0.53  0.0001292465922261173 
0.54  0.00041300705279065424 
0.55  0.00012350780645822628 
0.56  0.0004918853821874953 
0.57  -8.020156118052902e-5 
0.58  -0.0005323054029119229 
0.59  -0.0011493668488208458 
0.6  -0.00010433953381786837 
0.7  -0.006042899492497538 
0.8  -0.052301357275420034 
0.9  -0.06014476202266552 
1.0  -0.06554817739701818 
1.1  -0.0637708047170664 
1.2  -0.06832056254908328 
1.3  -0.07070380137636258 
1.4  -0.07197124458185064 
1.5  -0.07536627782131518 
1.6  -0.076826026080272 
1.7  -0.07608972720173941 
1.8  -0.07510148365900124 
1.9  -0.07581022158950905 
2.0  -0.07647346591723016 
2.1  -0.07686143018504349 
2.2  -0.0769864433483752 
2.3  -0.07676211759307515 
2.4  -0.07658970500207161 
2.5  -0.07627590379340904 
2.6  -0.07659858177362293 
2.7  -0.07707665220499198 
2.8  -0.07855684985975231 
2.9  -0.07771482898857726 
3.0  -0.07751696317040152 
