#mmax= 5
#m-states: all states (FBR)
#Nr. of sites: 35

0.0  -0.0  0.0
0.1  -0.0  1.6389595057593526e-18
0.2  -0.0  1.8253551468591543e-18
0.3  -0.0  1.2039236056199739e-18
0.4  -0.0  1.4413334841667768e-18
0.41  -0.0  1.6006646612812107e-18
0.42  -0.0  1.5430634051881119e-18
0.43  -0.0  1.5133135984981422e-18
0.44  -0.0  1.5302764053811782e-18
0.45  -0.0  1.5048885058287135e-18
0.46  0.0005001250416822429  0.00035368602561708915
0.47  0.00025003125520928253  0.00025006251562890714
0.48  0.00025003125520928253  0.0002500625156289069
0.49  0.0005001250416822429  0.0003536860256170889
0.5  -0.0  1.5398140577306424e-18
0.51  0.00025003125520928253  0.00025006251562890714
0.52  0.0007502813907041774  0.00043322933010246
0.53  0.0015011261262670914  0.0006129088507538125
0.54  0.0007502813907041774  0.00043322933010246
0.55  0.0007502813907041774  0.0004332293301024601
0.56  0.002252535053293755  0.000750939049751733
0.57  0.002252535053293755  0.0007509390497517333
0.58  0.0010005003335835344  0.000500312730656901
0.59  0.002252535053293755  0.0007509390497517331
0.6  0.0010005003335835344  0.0005003127306569009
0.7  0.00526382967509901  0.0011488067422065326
0.8  0.007276408970710316  0.0013513671368399324
0.9  0.011566636371108472  0.0017056302165366509
1.0  0.012072581233890446  0.001742755446386081
1.1  0.016129381927501178  0.0020164466676524766
1.2  0.02071304159258439  0.002287699662923892
1.3  0.027371196780300897  0.0026342061516511266
1.4  0.025574251094374778  0.0025451206040279233
1.5  0.035368143765814535  0.0030004182359085565
1.6  0.030201508685006456  0.0027690191328146947
1.7  0.04290749904949775  0.003311053272567756
1.8  0.03926071366917419  0.0031643172240054464
1.9  0.049978369582178515  0.0035798453963268987
2.0  0.04656763419475671  0.003452566198917763
2.1  0.05260994980614988  0.0036753214937002127
2.2  0.0518197482301373  0.0036468886071950157
2.3  0.053664524139289016  0.003712962346822817
2.4  0.06400532879215867  0.004065544463883305
2.5  0.061875402136041924  0.003995176632650812
2.6  0.06293979841741636  0.004030476651633929
2.7  0.07364653890552555  0.004371652245594731
2.8  0.07526247988134194  0.004421160837539967
2.9  0.07445418425416268  0.0043964563087975726
3.0  0.0812100534106719  0.004599452387871227
