#mmax= 5
#m-states: all states (FBR)
#Nr. of sites: 35

0.0  1.0  0.0
0.1  1.0  1.6389595057593526e-18
0.2  1.0  1.8253551468591543e-18
0.3  1.0  1.2039236056199739e-18
0.4  1.0  1.4413334841667768e-18
0.41  1.0  1.6006646612812107e-18
0.42  1.0  1.5430634051881119e-18
0.43  1.0  1.5133135984981422e-18
0.44  1.0  1.5302764053811782e-18
0.45  1.0  1.5048885058287135e-18
0.46  0.9995  0.0003535091826042806
0.47  0.99975  0.00024999999999999995
0.48  0.99975  0.0002499999999999997
0.49  0.9995  0.00035350918260428034
0.5  1.0  1.5398140577306424e-18
0.51  0.99975  0.00024999999999999995
0.52  0.99925  0.0004329044081048831
0.53  0.9985  0.0006119894874776818
0.54  0.99925  0.0004329044081048831
0.55  0.99925  0.00043290440810488324
0.56  0.99775  0.0007492494368897916
0.57  0.99775  0.0007492494368897919
0.58  0.999  0.0004998124179262442
0.59  0.99775  0.0007492494368897917
0.6  0.999  0.000499812417926244
0.7  0.99475  0.0011427755068099483
0.8  0.9927500000000654  0.0013415697250979313
0.9  0.9885000000003529  0.0016860154690470812
1.0  0.9880000000003742  0.0017218423810301002
1.1  0.9840000000023443  0.0019841835209747642
1.2  0.9795000000048556  0.00224080181984506
1.3  0.9730000000154037  0.0025630825855971224
1.4  0.9747500000244229  0.0024808563088383776
1.5  0.9652500000694756  0.00289615370241919
1.6  0.9702500000466835  0.0026866408137427252
1.7  0.958000001879384  0.003171989041342651
1.8  0.9615000002731895  0.0030424910117456947
1.9  0.9512500002131399  0.0034053279340189703
2.0  0.9545000015477962  0.003295474442210874
2.1  0.9487500004422574  0.003486961268773515
2.2  0.9495000004744264  0.003462720734261848
2.3  0.9477500004230792  0.003518960065772202
2.4  0.938000001110361  0.003813480711636762
2.5  0.9400000014871228  0.003755466040633082
2.6  0.9390000012737139  0.0037846175810179335
2.7  0.9290000011731161  0.004061264941285961
2.8  0.9275000042843126  0.004100626695759954
2.9  0.9282500015509061  0.004081010575459837
3.0  0.9220000018577114  0.004240695110161726
