#mmax= 5
#m-states: all states (FBR)
#Nr. of sites: 35
 
0.0  7.763001629595794e-31 
0.1  1.71609763560375 
0.2  3.5366613768588753 
0.3  5.613096973095559 
0.4  8.260248846985506 
0.41  8.582579355975312 
0.42  8.920899860155197 
0.43  9.277586464952673 
0.44  9.655856993391302 
0.45  10.059012022319383 
0.46  10.491108854445645 
0.47  10.956724582660605 
0.48  11.456169132258605 
0.49  11.984171861826491 
0.5  12.52240898795793 
0.51  13.044569255680512 
0.52  13.528006072031943 
0.53  13.96461931780325 
0.54  14.35466177472666 
0.55  14.706396674977842 
0.56  15.026487368765922 
0.57  15.321330535582026 
0.58  15.595306290358398 
0.59  15.85171187419507 
0.6  16.093012344116314 
0.7  17.95656317887017 
0.8  19.241064482814433 
0.9  20.215981221384794 
1.0  20.99790160852535 
1.1  21.64812104618189 
1.2  22.202576667545873 
1.3  22.684289680977155 
1.4  23.10879848665574 
1.5  23.48717999572553 
1.6  23.827577999445136 
1.7  24.136174503354443 
1.8  24.41777416118096 
1.9  24.676194216611812 
2.0  24.91451162459037 
2.1  25.135247578652976 
2.2  25.340469893642755 
2.3  25.531962458572444 
2.4  25.711206496390577 
2.5  25.87948308969358 
2.6  26.037824608765156 
2.7  26.187179924973645 
2.8  26.328416295779515 
2.9  26.462187267306316 
3.0  26.589171268854063 
