#mmax= 5
#m-states: all states (FBR)
#Nr. of sites: 35
 
0.0  0.0 
0.1  -0.839568184514152 
0.2  -1.614239284797132 
0.3  -2.2458264496117115 
0.4  -2.6152984839712428 
0.41  -2.6300068817938334 
0.42  -2.639243932543689 
0.43  -2.6424302692044352 
0.44  -2.6388282758525357 
0.45  -2.6276167101285774 
0.46  -2.6078167630753706 
0.47  -2.5783001363114546 
0.48  -2.5386144202089307 
0.49  -2.489368913702585 
0.5  -2.4337505939680786 
0.51  -2.3768386024665498 
0.52  -2.3234336194855074 
0.53  -2.2757378179769336 
0.54  -2.234328015633237 
0.55  -2.198042055754452 
0.56  -2.1659260618790914 
0.57  -2.1369587608381826 
0.58  -2.1104736071977808 
0.59  -2.085973747184056 
0.6  -2.0631018285768814 
0.7  -1.8884304790363784 
0.8  -1.7662633826942218 
0.9  -1.6709136501067416 
1.0  -1.5923017039590865 
1.1  -1.5252872657857584 
1.2  -1.4669405440139422 
1.3  -1.415326308533512 
1.4  -1.3691379628092226 
1.5  -1.327421989050132 
1.6  -1.289457907224485 
1.7  -1.2546887037873142 
1.8  -1.2226794214721683 
1.9  -1.1930668585219326 
2.0  -1.1655620705179661 
2.1  -1.1399207981794093 
2.2  -1.1159486657496518 
2.3  -1.0934567288492008 
2.4  -1.0722947892055703 
2.5  -1.0523233828038192 
2.6  -1.0334626889170222 
2.7  -1.0156057081243737 
2.8  -0.9986482784236368 
2.9  -0.9825442150449782 
3.0  -0.9672031468679141 
