#mmax= 5
#m-states: all states (FBR)
#Nr. of sites: 50
 
0.0  24.99999999999998 0.009999999999998677 
0.1  22.651111549952287 0.008141032856456731 
0.2  20.526482745492928 0.006499590526609089 
0.3  18.63890424917125 0.005112460746474645 
0.4  16.962132944981054 0.00406294507879057 
0.41  16.803818588995462 0.003984454398581083 
0.42  16.646551077144046 0.003907809111765248 
0.43  16.490178312797457 0.0038406337575247473 
0.44  16.33445445888094 0.0037853832409776578 
0.45  16.17875989757166 0.0037363726227835903 
0.46  16.022537466519342 0.0036979383454923687 
0.47  15.864970276984312 0.0036718258574033324 
0.48  15.705636084716017 0.0036652307408593376 
0.49  15.5459769242465 0.0036752796496675177 
0.5  15.390236686006103 0.003698231384466788 
0.51  15.243279972662187 0.0037213624162482084 
0.52  15.106542133356257 0.0037386094528440994 
0.53  14.97854440087232 0.0037507607899052164 
0.54  14.857513600852238 0.0037579941509319204 
0.55  14.742104232545174 0.003761088969247539 
0.56  14.631514803205228 0.0037611800865230416 
0.57  14.524976063781297 0.0037594038059524104 
0.58  14.422184794195683 0.0037565411300273244 
0.59  14.322707248982578 0.003752839682473641 
0.6  14.226453118895755 0.0037482565095395826 
0.7  13.39356557808211 0.003680999300635257 
0.8  12.724993378330756 0.0036042527097587262 
0.9  12.164097304961878 0.0035236605567465773 
1.0  11.68102048325358 0.0034471013765404734 
1.1  11.257465056314123 0.0033807020513327846 
1.2  10.880856818775628 0.0033123351833072023 
1.3  10.542597010187087 0.0032480717242610035 
1.4  10.23632604589307 0.0031933264435318742 
1.5  9.956864771276773 0.003136666389188636 
1.6  9.700433979339497 0.003083040830559214 
1.7  9.463936865901744 0.003032513638153378 
1.8  9.24480350078753 0.002983424005331914 
1.9  9.041020645900547 0.0029393062301690254 
2.0  8.85078613740721 0.0028965012763850773 
2.1  8.672621923894651 0.002855588574834589 
2.2  8.505294983070442 0.002817195047154608 
2.3  8.347717694424132 0.0027801493960324386 
