#mmax= 5
#m-states: all states (FBR)
#Nr. of sites: 50
 
0.0  0.0 
0.1  0.022971460663952 
0.2  0.07677190643571619 
0.3  0.15694486768206026 
0.4  0.26746061887359845 
0.41  0.2806558037943157 
0.42  0.29434770845733405 
0.43  0.3085815643119045 
0.44  0.323424874867152 
0.45  0.3389638051448254 
0.46  0.35532834668950103 
0.47  0.37272390377178355 
0.48  0.3914310993536818 
0.49  0.41160753585954923 
0.5  0.43284794788332837 
0.51  0.4539753220387607 
0.52  0.47408744743441905 
0.53  0.4928300510331552 
0.54  0.5101948884931206 
0.55  0.5262936733276882 
0.56  0.5412003880943169 
0.57  0.555003758557605 
0.58  0.5677732780694165 
0.59  0.579585679810772 
0.6  0.5905105967414058 
0.7  0.6635014297959515 
0.8  0.6979611229128297 
0.9  0.7149768252657578 
1.0  0.723684631805509 
1.1  0.7282363401541964 
1.2  0.7306147973802937 
1.3  0.7318201781868662 
1.4  0.7323775266267608 
1.5  0.7325716197264284 
1.6  0.7325615976580742 
1.7  0.7324391784859742 
1.8  0.7322562879662495 
1.9  0.7320438639336501 
2.0  0.7318209505860002 
2.1  0.7315959470851803 
2.2  0.7313760209759769 
2.3  0.73116494497091 
