#mmax= 5
#m-states: all states (FBR)
#Nr. of sites: 50
 
0.0  6.249894035087378e-15 
0.1  1.6767485214604353e-8 
0.2  6.261877179924568e-8 
0.3  -1.1423058393778434e-7 
0.4  -2.332887331432705e-6 
0.41  -2.6038708450410522e-5 
0.42  -7.63703735122212e-6 
0.43  1.2208956779705431e-5 
0.44  4.177339599578109e-6 
0.45  -2.8011370419922387e-7 
0.46  -3.4282205551144544e-8 
0.47  -3.1341692873156646e-5 
0.48  -0.00013715532326092052 
0.49  -0.00025464905732200025 
0.5  -0.002494683381529095 
0.51  -0.0038904269742432965 
0.52  -0.0036667347447297788 
0.53  -0.013717731998468395 
0.54  -0.01476177589138934 
0.55  -0.012351330361545756 
0.56  -0.004792403480914415 
0.57  -0.004128201471631374 
0.58  -0.0035271544975467193 
0.59  -0.001820444864488684 
0.6  -0.0020965961288693866 
0.7  -0.144232610800281 
0.8  -0.07987382984540627 
0.9  0.013467449855010284 
1.0  0.01581949728817687 
1.1  0.018454613929787013 
1.2  0.0007204987072285526 
1.3  -0.015855007095256245 
1.4  -0.010308356920326812 
1.5  -0.005611099435026454 
1.6  -0.002672280567847624 
1.7  0.000369263058504491 
1.8  -0.00026009769296508466 
1.9  -0.0003790419562606979 
2.0  0.0016286653240843542 
2.1  0.0021399475106920213 
2.2  0.002502730223183032 
2.3  0.0013889726704746615 
