#mmax= 5
#m-states: all states (FBR)
#Nr. of sites: 50
 
0.0  1.2392535821862877e-29 
0.1  2.473521782847369 
0.2  5.099762897845612 
0.3  8.10154532992939 
0.4  11.950651419632663 
0.41  12.422647158726098 
0.42  12.919439053856363 
0.43  13.44520544284307 
0.44  14.00547358647505 
0.45  14.607362110810945 
0.46  15.260831279214056 
0.47  15.978046008504403 
0.48  16.767389420455928 
0.49  17.612520764856217 
0.5  18.45506063554904 
0.51  19.221920682543466 
0.52  19.890838615941338 
0.53  20.47582873474886 
0.54  20.997922767766728 
0.55  21.47299215390203 
0.56  21.910821124915515 
0.57  22.318011779989256 
0.58  22.699128815084947 
0.59  23.05760752420635 
0.6  23.396108511740632 
0.7  26.027834087480816 
0.8  27.851264804774264 
0.9  29.239161626472715 
1.0  30.354506192698025 
1.1  31.283252596473655 
1.2  32.07606018929097 
1.3  32.7653700177248 
1.4  33.373215689663155 
1.5  33.91525241822038 
1.6  34.40305113954616 
1.7  34.84540243553488 
1.8  35.24914366067015 
1.9  35.619715784140574 
2.0  35.96147653056094 
2.1  36.27809136521857 
2.2  36.57250815191421 
2.3  36.84723111295834 
