#mmax= 10
#m-states: all states (FBR)
#Nr. of sites: 25
 
0.0  12.500000000000002 0.02000000000000035 
0.1  15.375760386993344 0.02929989934451316 
0.2  19.837094756219418 0.04475274545853947 
0.3  27.973264354519248 0.07613009310244145 
0.4  48.75588149980441 0.16993877264195922 
0.41  52.74286252295179 0.18858133609376915 
0.42  57.460917719258646 0.2104794714726077 
0.43  63.03096923302174 0.23570605804012812 
0.44  69.66116767564358 0.26456701004078576 
0.45  77.61698109385789 0.2972897956044166 
0.46  87.13355562196253 0.3334404813616695 
0.47  98.49241435112991 0.37244983840706314 
0.48  111.75461385835554 0.4126498927767801 
0.49  126.86906707056963 0.4522931350232491 
0.5  143.4274089336422 0.48927476439139783 
0.51  160.6924203836454 0.5218622848418484 
0.52  177.7194524583075 0.5489675385909959 
0.53  193.81940764639646 0.5706990683571742 
0.54  208.3916685846852 0.587460050206762 
0.55  221.292795566586 0.6002041244605052 
0.56  232.6391848915718 0.609911522990493 
0.57  242.57086641700883 0.6173100416335913 
0.58  251.37023005726098 0.6230775061946823 
0.59  259.2193919091434 0.6276349148723626 
0.6  266.27122964283296 0.6312877476561024 
0.7  313.758174177363 0.6478487199952819 
0.8  342.3570984576815 0.6535422614939224 
0.9  362.8120072282164 0.6564813536297389 
1.0  378.6778977930343 0.6582962560552157 
1.1  391.60226129049335 0.6595400556917134 
1.2  402.4734751450448 0.6604514694401764 
1.3  411.8265994764632 0.661151187970678 
1.4  420.0114659861832 0.6617071377759682 
1.5  427.2710127882384 0.6621606669449565 
1.6  433.7753460867093 0.6625380947523498 
1.7  439.65304592184094 0.6628574066130286 
1.8  445.00484788119365 0.6631313473741377 
1.9  449.9059443879115 0.6633689664705312 
2.0  454.41634512062035 0.6635769722800682 
2.1  458.5911055295884 0.6637608453662618 
2.2  462.46811525031944 0.6639244282790693 
2.3  466.08509061630224 0.6640710840257191 
2.4  469.4641175986039 0.6642029725204426 
2.5  472.63582317408344 0.6643224911997503 
2.6  475.61956867485134 0.664431228886063 
2.7  478.4327737488445 0.6645305324746766 
2.8  481.09123327907554 0.6646215805681668 
2.9  483.609144449193 0.6647053692570267 
3.0  485.99820700691396 0.6647827137390812 
3.1  488.2697355933756 0.6648543489497576 
3.2  490.43290059137087 0.6649208857314897 
3.3  492.4956296488634 0.6649827951665717 
3.4  494.4661971157966 0.665040592792683 
3.5  496.3507316675931 0.6650946309671442 
3.6  498.1553671033999 0.6651452752604337 
3.7  499.88609638999856 0.6651928481712668 
3.8  501.5473917423155 0.6652375987068381 
3.9  503.14396089245747 0.6652797762757976 
4.0  504.6799434728246 0.6653195953461265 
4.1  506.1590777219148 0.6653572474975101 
4.2  507.58469025693 0.6653928960410711 
4.3  508.9601085659075 0.6654267023610957 
4.4  510.2881180031238 0.6654588014246059 
4.5  511.57139941280855 0.665489318767692 
4.6  512.810597623476 0.6655183057907923 
4.7  514.011706233708 0.6655459901999238 
4.8  515.1749979910676 0.6655724034640489 
4.9  516.3020975424957 0.6655976211957809 
5.0  517.3954479607418 0.6656217378257374 
