#mmax= 10
#m-states: all states (FBR)
#Nr. of sites: 25
 
0.0  12.49999999999997 0.019999999999997575 
0.1  11.347774879641824 0.016358948024168596 
0.2  10.306096496324269 0.01315721547472315 
0.3  9.372911494770566 0.010442758528587004 
0.4  8.546859968818602 0.008395734506218333 
0.41  8.469071664805021 0.008239170124663908 
0.42  8.3919567672568 0.008095299865362948 
0.43  8.315467858670402 0.007960787062174735 
0.44  8.23945969511992 0.00784315014730319 
0.45  8.163895600757282 0.007739403017037572 
0.46  8.088731524112667 0.007653553101131805 
0.47  8.01388114959869 0.007587439975111465 
0.48  7.93944018137438 0.007539220984473238 
0.49  7.865637860676256 0.00751548219116549 
0.5  7.7928437312815655 0.007511170712273474 
0.51  7.721573713299288 0.007522958048077677 
0.52  7.652638226745339 0.007545270701396656 
0.53  7.586383884350763 0.007572036863524811 
0.54  7.523085025584128 0.007597877596316693 
0.55  7.462752018700746 0.007619441268202354 
0.56  7.4051355441894104 0.007635724422573209 
0.57  7.35001523739794 0.007646385551556278 
0.58  7.2970704071412475 0.007652292997509469 
0.59  7.246093162896891 0.007654172098124468 
0.6  7.196900180555149 0.007652398959929418 
0.7  6.774823404785123 0.0075589579083024105 
0.8  6.437475145067296 0.007416223835694735 
0.9  6.154956064807572 0.007270324909853909 
1.0  5.9118420484524306 0.00713440400164389 
1.1  5.698695358623678 0.007002941862748635 
1.2  5.509245419192836 0.006873413825679964 
1.3  5.339077758435769 0.006749371686098793 
1.4  5.184938910177819 0.006632503382929089 
1.5  5.0443282903718565 0.006523031181239869 
1.6  4.915262467014908 0.006417413823635698 
1.7  4.796211965138549 0.006317340711351815 
1.8  4.685874288180789 0.006222526077807711 
1.9  4.58322913706653 0.006133216738444691 
2.0  4.487406650711714 0.006048696857984037 
2.1  4.3976175337262005 0.0059671051687002485 
2.2  4.3132752370390355 0.0058892117595710225 
2.3  4.2338111106853935 0.005814545046285313 
2.4  4.158804701807932 0.0057431897641729845 
2.5  4.087809945385544 0.0056747287610147135 
2.6  4.020487009429112 0.005609131642007825 
2.7  3.9565219525912707 0.00554573053175389 
2.8  3.895643307615848 0.00548472623192342 
2.9  3.837605245238012 0.005425884395020453 
3.0  3.782190872720516 0.005369108293085345 
3.1  3.7291985320259475 0.005314135699210465 
3.2  3.678463124025952 0.005261350429172751 
3.3  3.6298207981069033 0.005208394977877173 
3.4  3.5831272404098886 0.005160261056358584 
3.5  3.538260042796631 0.005110347241080282 
3.6  3.495096736169724 0.005063653019622527 
3.7  3.453537505848569 0.005018451961737225 
3.8  3.413474243536366 0.0049744529331138265 
3.9  3.374825743504389 0.004931691312545006 
4.0  3.337506503108104 0.004890146976243459 
4.1  3.3014425324620604 0.004850572675286102 
4.2  3.2665622325815455 0.004811117970594081 
4.3  3.2328020509488917 0.00477271897844489 
4.4  3.2001004940282054 0.004735353206284265 
4.5  3.168406118474001 0.004698975484674017 
4.6  3.1376775254669256 0.004663452943754476 
4.7  3.107849983087179 0.004628984046825102 
4.8  3.0788773205256446 0.00459516019937245 
4.9  3.050728604183253 0.004562975781525314 
5.0  3.0233612561783016 0.004530656219119522 
