#mmax= 10
#m-states: all states (FBR)
#Nr. of sites: 25
 
0.0  3.67293128044722e-31 
0.1  0.02576945621035301 
0.2  0.056447240411151595 
0.3  0.09863215088889483 
0.4  0.1644794201973351 
0.41  0.17326767347964844 
0.42  0.1826479501128242 
0.43  0.19266877398292762 
0.44  0.20339940959648786 
0.45  0.2149323522034223 
0.46  0.22733201174291376 
0.47  0.24067134721476804 
0.48  0.25491477716133387 
0.49  0.2699630343786424 
0.5  0.28554419687222876 
0.51  0.30124584873821403 
0.52  0.3165618681631127 
0.53  0.3311285336160322 
0.54  0.3446367285167455 
0.55  0.35701659740224684 
0.56  0.3683383147854758 
0.57  0.3786853120313802 
0.58  0.38822152273860366 
0.59  0.3970552141855606 
0.6  0.405278800763454 
0.7  0.46734531900851534 
0.8  0.5096216257780101 
0.9  0.5416565466007089 
1.0  0.5673452238259875 
1.1  0.588716130104863 
1.2  0.6069526385401126 
1.3  0.6228053774188653 
1.4  0.6367852371512959 
1.5  0.6492574758586898 
1.6  0.6604839391466824 
1.7  0.6706673643521891 
1.8  0.6799672650945014 
1.9  0.6885061252757058 
2.0  0.6963820331009519 
2.1  0.7036840898286362 
2.2  0.710476558643982 
2.3  0.71682129491837 
2.4  0.7227571016983972 
2.5  0.7283340327067277 
2.6  0.7335854696170389 
2.7  0.7385410781622089 
2.8  0.7432278190662099 
2.9  0.7476699435833534 
3.0  0.7518875340059514 
3.1  0.7558998141115034 
3.2  0.759722854662703 
3.3  0.7633704035977168 
3.4  0.7668561354789695 
3.5  0.7701916300193891 
3.6  0.7733867087852656 
3.7  0.7764522645294858 
3.8  0.7793957172492738 
3.9  0.7822255463247553 
4.0  0.7849488322447166 
4.1  0.7875720626887591 
4.2  0.7901011652237134 
4.3  0.7925418573470928 
4.4  0.7948989533445263 
4.5  0.7971772503229465 
4.6  0.7993781554010502 
4.7  0.8015116883334955 
4.8  0.80357825090659 
4.9  0.8055809523051102 
5.0  0.8075240924456554 
