#mmax= 10
#m-states: all states (FBR)
#Nr. of sites: 25
 
0.0 7.667534655377254e-28
0.1 -0.15037222587228385
0.2 -0.6062519788762445
0.3 -1.3844208414149919
0.4 -2.5243760587327557
0.41 -2.6611695082614784
0.42 -2.8026105361559686
0.43 -2.948875312771129
0.44 -3.1001659829450423
0.45 -3.2567090450127796
0.46 -3.418757118023669
0.47 -3.586583371362721
0.48 -3.760466083000381
0.49 -3.940657112872367
0.5 -4.127336168999031
0.51 -4.320550801355854
0.52 -4.520183818989097
0.53 -4.72595624827693
0.54 -4.937472351246264
0.55 -5.154286065890148
0.56 -5.375954876382558
0.57 -5.602073900291671
0.58 -5.8322892741148
0.59 -6.066296369005084
0.6 -6.303835183018162
0.7 -8.835483460938166
0.8 -11.579248306028905
0.9 -14.475669977560102
1.0 -17.490772687012026
1.1 -20.602500468399025
1.2 -23.795384977014745
1.3 -27.057976452262054
1.4 -30.381455075867038
1.5 -33.75881942654763
1.6 -37.184380641769735
1.7 -40.65342122739739
1.8 -44.161975401987206
1.9 -47.70665999787532
2.0 -51.2845610360915
2.1 -54.89314412810229
2.2 -58.530186508881705
2.3 -62.19372540253251
2.4 -65.88201619676458
2.5 -69.59349891049057
2.6 -73.326772461833
2.7 -77.08057627713171
2.8 -80.85376201938581
2.9 -84.64528799736267
3.0 -88.45420214770522
3.1 -92.27963268414702
3.2 -96.12077644341362
3.3 -99.97689931680983
3.4 -103.84731773677929
3.5 -107.73139963364572
3.6 -111.62855918783632
3.7 -115.53825039715635
3.8 -119.45996546831421
3.9 -123.39322912060372
4.0 -127.33759693584676
4.1 -131.29265237192556
4.2 -135.25800418264464
4.3 -139.23328495731982
4.4 -143.218147617181
4.5 -147.2122656338075
4.6 -151.2153307774334
4.7 -155.22705114564343
4.8 -159.24715042041598
4.9 -163.27536695659262
5.0 -167.31145217656135
