#mmax= 10
#m-states: all states (FBR)
#Nr. of sites: 25
 
0.0  -0.0 
0.1  0.006345413264002089 
0.2  0.02670107945252099 
0.3  0.06678895149324889 
0.4  0.14963385559811263 
0.41  0.16332349135156657 
0.42  0.17898655891633214 
0.43  0.19707590710179396 
0.44  0.21825340260560727 
0.45  0.24344118369213508 
0.46  0.2736276327348191 
0.47  0.31005028395619005 
0.48  0.35332414637587484 
0.49  0.40342572936537635 
0.5  0.45852203844700234 
0.51  0.5147908796700844 
0.52  0.5670627994516602 
0.53  0.6115148504646103 
0.54  0.6456759681127039 
0.55  0.6699774881072081 
0.56  0.6863083399277492 
0.57  0.6966569355063741 
0.58  0.7030361982168463 
0.59  0.7067958324891365 
0.6  0.70888515947544 
0.7  0.7089978348279583 
0.8  0.7072095767127597 
0.9  0.7062845928334319 
1.0  0.7057268145461411 
1.1  0.705350775296073 
1.2  0.7050742946499547 
1.3  0.70486057703329 
1.4  0.7046985085502623 
1.5  0.7045603322473908 
1.6  0.7044418479647511 
1.7  0.7043403727734975 
1.8  0.704253552107072 
1.9  0.7041752635431728 
2.0  0.7041063008901424 
2.1  0.7040446291190212 
2.2  0.7039880827780491 
2.3  0.7039372982589989 
2.4  0.7038905087536302 
2.5  0.7038482868287385 
2.6  0.7038086426715503 
2.7  0.7037719324862514 
2.8  0.7037378618286075 
2.9  0.7037059525593314 
3.0  0.7036760197412089 
3.1  0.703647961046082 
3.2  0.7036215594031432 
3.3  0.703596814339362 
3.4  0.7035732802619019 
3.5  0.7035511165546747 
3.6  0.7035301576495474 
3.7  0.7035102569123034 
3.8  0.7034913148611687 
3.9  0.7034732761491317 
4.0  0.7034560768852272 
4.1  0.7034396550083959 
4.2  0.703423958937885 
4.3  0.7034089333095287 
4.4  0.703394537327394 
4.5  0.7033807263833071 
4.6  0.7033675215075275 
4.7  0.7033547699402589 
4.8  0.7033425036072519 
4.9  0.7033306882296687 
5.0  0.7033193047664614 
