0.0  -0.0  0.0
0.1  0.006632008821454304  0.0002579544487474064
0.2  0.026721052502727966  0.0005203053123008411
0.3  0.06653285608900952  0.0008339886012349662
0.4  0.15013422543596677  0.0012806300039312204
0.41  0.16457627844987563  0.0013418382452880459
0.42  0.1781085430949651  0.0014056219905072907
0.43  0.1968807862340192  0.0014865550248057495
0.44  0.2174369179031155  0.0015712436898302588
0.45  0.243234668983932  0.001671534732938434
0.46  0.2716137158478032  0.0017838531545605954
0.47  0.31152828598007554  0.001935378075679903
0.48  0.35472321537499535  0.0020906257062445577
0.49  0.4001677930482028  0.0022581243505233966
0.5  0.45733724067860576  0.0024566272254171635
0.51  0.5125420014744719  0.002640953673921424
0.52  0.5671733650348295  0.0028221361065884185
0.53  0.614754538325983  0.002980026657608745
0.54  0.6444515043651262  0.0030826514676608402
0.55  0.6702678301550292  0.003166435947249992
0.56  0.6901559623609125  0.0032247673737287393
0.57  0.6982164685557216  0.003254897876687481
0.58  0.7054618783631155  0.0032702163042249294
0.59  0.7104331458352338  0.003286068080643632
0.6  0.7105511559081406  0.003279219923023769
0.7  0.7131174613038109  0.0032751849403742975
0.8  0.7073272394175297  0.0032527985361010194
0.9  0.7085187308324268  0.0032512829255218136
1.0  0.7119486279559295  0.0032636534822198878
1.1  0.7057553798785178  0.0032376042344813456
1.2  0.7028178543444621  0.003227158012278824
1.3  0.7012036621257833  0.0032253189249448954
1.4  0.7050616761821565  0.0032380925890135247
1.5  0.7050482563598044  0.003237174457994354
1.6  0.6988860112624398  0.0032125291214305397
1.7  0.7047541062557765  0.0032350637956638784
1.8  0.7048665978713292  0.003235076615863901
1.9  0.7049254548892899  0.0032401021807160857
2.0  0.7035288633670743  0.0032325984512551016
2.1  0.7010851838556699  0.003220704515642876
2.2  0.7108446833049467  0.003253142364892664
2.3  0.703007581895023  0.00322740914102775
2.4  0.703811362251147  0.003236331886260481
2.5  0.7030945564427247  0.003231350170535006
2.6  0.7025436242769012  0.003226179409041237
2.7  0.70327226947278  0.003229819098357343
2.8  0.7042012691362715  0.0032345118723368315
2.9  0.7047181726852946  0.003231080287108087
3.0  0.7083613549355662  0.0032378484032142604
3.1  0.6988628321410558  0.003218136622326275
3.2  0.7060542493137654  0.003235646095460439
3.3  0.7084982323332093  0.0032407638712090413
3.4  0.7027548297146982  0.0032250278371053686
3.5  0.7053086711557454  0.003237171489772624
3.6  0.70677415592731  0.0032378751955860637
3.7  0.7028917009437868  0.003226235250009832
3.8  0.7007671014185661  0.0032228334687051077
3.9  0.7041543590055311  0.0032295298722727207
4.0  0.7016896201474981  0.003218262833912762
4.1  0.7098647159094099  0.003247692199997667
4.2  0.704819784169706  0.0032363249211933534
4.3  0.7003320503063617  0.003218933180585348
4.4  0.6983748281140071  0.0032145968988938544
4.5  0.6996719664510548  0.0032160995847495626
4.6  0.7013255751717762  0.003225297679000075
4.7  0.7015245849224822  0.003223739356308714
4.8  0.7046856293443343  0.0032312191254596483
4.9  0.7046920453626604  0.0032333091075894002
5.0  0.7003050900030737  0.0032180323998505208
0.0  -0.0  0.0
0.1  0.006278534053569714  0.00025094446999578195
0.2  0.026991161914840325  0.0005244633680502456
0.3  0.06789935131309316  0.000844247281133394
0.4  0.1490695039188303  0.0012722623444460918
0.41  0.16358716753150213  0.0013420643042193574
0.42  0.18005693849443602  0.0014094491123511678
0.43  0.1945980585089443  0.0014734955296824357
0.44  0.22212309958726648  0.0015839727406093908
0.45  0.24490569689547928  0.0016835820771876815
0.46  0.2725573029730016  0.0017850969488960933
0.47  0.3073150503486305  0.001926761283928879
0.48  0.3544448649038702  0.002090936473229671
0.49  0.40403278494718164  0.002266946709873706
0.5  0.4562560145031939  0.0024453373249831386
0.51  0.5145198120052091  0.0026605279731983797
0.52  0.5701111229150051  0.002835581037525974
0.53  0.6104389002467178  0.0029738485613629052
0.54  0.6423709447779592  0.0030841734934525518
0.55  0.6696676821600354  0.003159695571933424
0.56  0.6857507750655566  0.0032084242701328532
0.57  0.6900459243986506  0.0032186220281873526
0.58  0.6998864714351696  0.00325880839574643
0.59  0.7044776474039353  0.003264930854949901
0.6  0.7091839810649175  0.003280763713795277
0.7  0.7107807068383842  0.003267594681090403
0.8  0.710015566064975  0.0032581061807475053
0.9  0.7080085730005502  0.0032505883432999193
1.0  0.7036405656044445  0.00323801024964301
1.1  0.7063475894056701  0.0032433497161874106
1.2  0.7088205760449647  0.0032505502210472023
1.3  0.703935298314291  0.0032352887212676283
1.4  0.705479904174007  0.00324110618504686
1.5  0.6981040654895307  0.0032113569233000417
1.6  0.7077345937748348  0.0032450741850851288
1.7  0.7011665254685517  0.003220252185259673
1.8  0.6991991931238887  0.003217393072734457
1.9  0.694626328511582  0.0032030534770731193
2.0  0.6998692390208449  0.003215318171888218
2.1  0.7008167963141044  0.003224012669524653
2.2  0.7037776956384624  0.003227536998633379
2.3  0.7033723393310676  0.003229848200845783
2.4  0.7001706418766706  0.0032210972265719414
2.5  0.7035066398338907  0.0032284903190864236
2.6  0.705078581273483  0.0032322435648744745
2.7  0.7037756976585506  0.003228849089683357
2.8  0.7019869602889887  0.003220410639824646
2.9  0.7031589296823306  0.0032316360059009563
3.0  0.702135958296692  0.0032211012621359844
3.1  0.7058214959626752  0.003229684795241847
3.2  0.710216094695938  0.003249947988485031
3.3  0.7007071430489971  0.0032197958378758526
3.4  0.7039156949332918  0.003231610110187183
3.5  0.7031992917700342  0.003229379317377239
3.6  0.706539325585641  0.0032335301747652883
3.7  0.6997027264956271  0.003222400748278633
3.8  0.6982492750482513  0.0032132562617102228
3.9  0.7019765787071863  0.003223778684534066
4.0  0.7031064055639333  0.0032258037965094593
4.1  0.6988171322534144  0.0032121122181248333
4.2  0.6999511738037364  0.003217409991204987
4.3  0.69830065436067  0.0032132419797763247
4.4  0.7096203094114089  0.00324874658913653
4.5  0.6992081213001018  0.0032138770707529282
4.6  0.6987548396572163  0.0032129803720233876
4.7  0.6998156233186626  0.0032108059224789775
4.8  0.7078652619337137  0.0032427156995037698
4.9  0.7037610651768387  0.0032302027475971705
5.0  0.7068553585589468  0.0032390323071735594
