#mmax= 10
#m-states: all states (FBR)
#Nr. of sites: 25
 
0.0  0.0 
0.1  0.02297488242909566 
0.2  0.07702477996709259 
0.3  0.16004978204277867 
0.4  0.2918454567636286 
0.41  0.3106443919699402 
0.42  0.33144480124482395 
0.43  0.3545949963095537 
0.44  0.38062560382381927 
0.45  0.41023208534117844 
0.46  0.4439001960535202 
0.47  0.4821223265642502 
0.48  0.5243041047253817 
0.49  0.5691596654456037 
0.5  0.6140120025286985 
0.51  0.6553674879166834 
0.52  0.689949806826526 
0.53  0.7164436309973308 
0.54  0.7346868296815439 
0.55  0.7461415148800471 
0.56  0.7526691595793262 
0.57  0.7558090747776557 
0.58  0.7568853980048237 
0.59  0.7567208423861272 
0.6  0.7558580014218429 
0.7  0.7442420438623983 
0.8  0.7384832222611324 
0.9  0.7354720123076015 
1.0  0.7336332957874714 
1.1  0.732387998070788 
1.2  0.7314784246906026 
1.3  0.7307776778396222 
1.4  0.7302210588174074 
1.5  0.7297586552746148 
1.6  0.729368962653841 
1.7  0.7290337394698567 
1.8  0.7287431289274455 
1.9  0.7284860143959575 
2.0  0.7282578297329793 
2.1  0.728052895592482 
2.2  0.7278675201800315 
2.3  0.7276989556703567 
2.4  0.7275450870181275 
2.5  0.7274033367678653 
2.6  0.7272728564668756 
2.7  0.7271521493287741 
2.8  0.7270400620646679 
2.9  0.7269354861119186 
3.0  0.7268377415842715 
3.1  0.7267461526521444 
3.2  0.726659562543475 
3.3  0.7265786857778338 
3.4  0.7265022234595077 
3.5  0.7264299680257104 
3.6  0.726361552615411 
3.7  0.726296635697856 
3.8  0.7262349369994039 
3.9  0.7261762044017254 
4.0  0.7261202220683518 
4.1  0.7260667884140676 
4.2  0.7260157245095565 
4.3  0.7259668639488741 
4.4  0.7259200596028955 
4.5  0.7258751730221819 
4.6  0.7258322410836348 
4.7  0.7257908160234665 
4.8  0.7257509806994349 
4.9  0.7257125920082118 
5.0  0.7256756528362214 
