#mmax= 10
#m-states: all states (FBR)
#Nr. of sites: 25

0.0  0.0 0.0 0.0 NaN NaN 0.0 
0.1  0.00144 0.001647302765147925 0.27136064000640003 0.005289705406423597 14.19169119828813 0.0 
0.2  0.0025 0.0032745755035496244 1.0722844728447274 0.010409301681145226 3.4421908736492037 0.0 
0.3  0.00074 0.004942371778244524 2.4427038794387936 0.001743794190791096 1.353100822171366 0.0 
0.4  -0.00514 0.006687703870375137 4.4725383057830586 -0.015130649518705927 0.6697664829581087 0.0 
0.41  0.00056 0.00681489994736628 4.6442861292612925 0.00591869666057581 0.6043281830074738 0.0 
0.42  0.00606 0.0070342396582200465 4.948052756927568 0.01321823543849859 0.6245369657731445 0.0 
0.43  -0.02008 0.007215406333456594 5.206208855688553 -0.0020181193791119255 0.5352050257564578 0.0 
0.44  -0.0005 0.007403522514415432 5.48121456214562 -0.013990986020458578 0.492190555551272 0.0 
0.45  -0.00964 0.007617273195344208 5.802285093250935 0.006362294019265869 0.3873207106055281 0.0 
0.46  -0.01302 0.007838017551727694 6.14345191411914 0.003354783884032164 0.40878861822113377 0.0 
0.47  0.00702 0.008043963839397995 6.470535424954253 -0.005348343427742546 0.4051856628001551 0.0 
0.48  -0.00582 0.00824518896735612 6.7983141107411065 0.001727330564003438 0.34776414221326046 0.0 
0.49  0.00152 0.008414219208390573 7.0799084886848895 0.003908902728614181 0.3256866150102895 0.0 
0.5  0.00012 0.008669853027561378 7.516635151951519 -0.010449801486414174 0.24897293449750668 0.0 
0.51  -0.00196 0.008867104817215055 7.862554783947842 0.01508773990577171 0.25483543909749296 0.0 
0.52  -0.00072 0.009127673743089178 8.331442796027961 0.009890159621542747 0.22565360426279257 0.0 
0.53  -0.0189 0.009303423748112003 8.655369343693438 0.006709203079042744 0.2105622612026692 0.0 
0.54  -0.0089 0.009483739099799887 8.994130731307315 -0.0042686243080140174 0.16183643365704325 0.0 
0.55  0.00368 0.009615611742156176 9.245998917589175 0.005856318395522165 0.17708451976694617 0.0 
0.56  -0.00096 0.009826095679646268 9.655215630556306 -0.010576738430695115 0.12227625969754508 0.0 
0.57  -0.00496 0.009968668302610798 9.937434772747725 0.004975664957367961 0.11953139469456442 0.0 
0.58  -0.00424 0.01008880756404743 10.178403806438064 -0.004221811756290234 0.17386812538861207 0.0 
0.59  0.00424 0.010191764270458252 10.387205894458944 0.005220239938047463 0.13209010115716868 0.0 
0.6  0.00234 0.010308472626440782 10.626460789007892 -0.007135041465827298 0.08807177436417302 0.0 
0.7  -0.01394 0.011223462764457511 12.596611642516425 0.005768863723528552 0.07350774094077739 0.0 
0.8  0.00818 0.011908129530345608 14.180354891148912 -0.0012476704695571993 0.05923279038478846 0.0 
0.9  -0.00768 0.012497558644220103 15.618897206572065 -0.00046112974944780146 0.0269384630489804 0.0 
1.0  -0.0048 0.012971439865432127 16.82582521825218 0.0055135379198168214 0.04062463012935513 0.0 
1.1  0.02984 0.013404122218516378 17.967049244892443 0.00628885846836825 0.06183890196091202 0.0 
1.2  0.00714 0.013786427777343504 19.006559085990855 0.002657268665671715 0.06142487316772094 0.0 
1.3  0.00226 0.01409930270713301 19.87903368273682 -0.009666787592928097 0.03047783146403349 0.0 
1.4  0.02522 0.01451160037285529 21.05865453814538 0.0044544644127220735 -0.006116058721617357 0.0 
1.5  0.01128 0.014853744778786914 22.06337339533395 -0.009334972465466555 0.006409999406945754 0.0 
1.6  0.00496 0.015042513644872243 22.62772167561676 -0.01107793862570086 0.023533728939338694 0.0 
1.7  0.00414 0.015448268999928462 23.864901509415073 0.004841904642025832 -0.015748435016478712 0.0 
1.8  -0.0224 0.015666774935460353 24.54478368783688 -0.003210830080932906 0.020187247792529117 0.0 
1.9  0.02846 0.01589189811848346 25.255242580825815 -0.011263194018531606 0.030876114202133653 0.0 
2.0  0.0126 0.01611293296287447 25.96266086660867 -0.002139142092304695 0.031053738740055792 0.0 
2.1  0.0234 0.016413714341981987 26.941001850018512 -0.004304892976704505 0.02958720090663247 0.0 
2.2  -0.01976 0.016635181475313916 27.67292627166272 0.009403785389137111 0.022834852588574872 0.0 
2.3  -0.03504 0.016841334813178642 28.363055828958284 0.0042535203856023645 0.00662210002434005 0.0 
2.4  -0.0146 0.016994256572370692 28.88047564475645 0.00705344344322356 0.012977857233589685 0.0 
2.5  0.00688 0.017141833772401683 29.384246508065086 0.009841663591627667 0.03142854730769962 0.0 
2.6  -0.02928 0.017380150963454695 30.20696475124751 0.0043567571938982015 0.008251085154802329 0.0 
2.7  0.03758 0.01760008451871043 30.976297506575058 -0.008253621487175754 0.02032980271374729 0.0 
2.8  -0.00908 0.01780626704751621 31.706314616746166 0.0008916808487564276 0.028997310998879477 0.0 
2.9  0.00812 0.01800549312387268 32.41977826338263 -0.004981297147379436 -0.002811024487537228 0.0 
3.0  -0.00136 0.018175722408555067 33.03568850728507 0.0019274977648819599 -0.0023596790155213654 0.0 
3.1  -0.00494 0.018280533300289066 33.41778977429774 -0.001216038509291366 0.018523651454759982 0.0 
3.2  -0.01398 0.018436036571629073 33.98874444704447 -0.008717614234237498 -0.012850308670619981 0.0 
3.3  0.03122 0.018674189148913632 34.872534036940365 -0.019869312569950916 0.0059870811677011915 0.0 
3.4  0.03202 0.01877984222566154 35.26824740207402 -0.0056038992127295075 0.02232174944897558 0.0 
3.5  -0.00388 0.018931799533756316 35.84130335863359 -0.005163493936979161 0.0006743746875912393 0.0 
3.6  -0.01092 0.018994736521893516 36.08000155361554 0.007434068952224327 0.008151861042680508 0.0 
3.7  0.00926 0.019238233900762205 37.010964362043616 0.006713503241092583 0.023630751949379913 0.0 
3.8  0.00268 0.019353688894594184 37.45652738287383 -0.0005298772790001554 -0.0034442978061361984 0.0 
3.9  0.0024 0.019531936856481327 38.149655736557364 0.013153051437307715 0.003389628366616826 0.0 
4.0  0.00926 0.01972655656454869 38.91370338943389 0.008621564217682585 0.011003801709189798 0.0 
4.1  0.02954 0.01978194093449557 39.132518713587146 -0.007664229579545432 0.004284334068521467 0.0 
4.2  -2.0e-5 0.019927558081002064 39.71075710717107 -0.0025726456736688335 -0.010322781711918694 0.0 
4.3  -0.01206 0.02007262251589828 40.29101746657466 -0.004779634048722872 -0.003238047220581297 0.0 
4.4  0.0174 0.020135327827335396 40.543142671426715 -0.0033246606640786017 0.008096019859485715 0.0 
4.5  0.01702 0.02030105476383543 41.21328245242453 0.007555905358310807 -0.0009763967356848369 0.0 
4.6  -0.02506 0.020418028526840912 41.689588892288924 0.006099998135728189 -0.008923012622730653 0.0 
4.7  -0.03336 0.020534426890733454 42.16626877308772 0.009906013100120402 0.00796773692118835 0.0 
4.8  -0.00836 0.020605192230199368 42.457394684346845 0.0233952226994339 0.016165508175443932 0.0 
4.9  -0.00068 0.020790486233351498 43.22443178191782 -0.01123072615422667 0.026459871045469097 0.0 
5.0  -0.00872 0.020859482035657264 43.51179907959081 -0.0033118243149721344 -0.0212779643265697 7.7767148562e-313 
