#mmax= 10
#m-states: all states (FBR)
#Nr. of sites: 25
 
0.0  -1.3803820528834172e-59 
0.1  0.002481003292357796 
0.2  0.009691247164925068 
0.3  0.02090188562176587 
0.4  0.034677428309450094 
0.41  0.03610510386089981 
0.42  0.037527402309330694 
0.43  0.038938686962586226 
0.44  0.040333543480445225 
0.45  0.04170503274231252 
0.46  0.0430449784050811 
0.47  0.044345044535933464 
0.48  0.045595026832398834 
0.49  0.046786462036500914 
0.5  0.04791370981249831 
0.51  0.048975410769877575 
0.52  0.04997743562219653 
0.53  0.05092946085956828 
0.54  0.05184344524918353 
0.55  0.05272915389637834 
0.56  0.053592970499459935 
0.57  0.05443981872103518 
0.58  0.05527079038458114 
0.59  0.056087549506951495 
0.6  0.05689062297282066 
0.7  0.06423009455220854 
0.8  0.07057426389555582 
0.9  0.0762368240876699 
1.0  0.0814123212035407 
1.1  0.08622094854628208 
1.2  0.09074064885634298 
1.3  0.09502673048910541 
1.4  0.09911711968963716 
1.5  0.10303901512204389 
1.6  0.10681672565090593 
1.7  0.11046560178517563 
1.8  0.11399976246577564 
1.9  0.11743002391828615 
2.0  0.12076706697601948 
2.1  0.12401675939352728 
2.2  0.12718647966243948 
2.3  0.13028043367529576 
2.4  0.1333084714491907 
2.5  0.13627087453504905 
2.6  0.13917237447387407 
2.7  0.1420179867984677 
2.8  0.14481055918324656 
2.9  0.1475524828444273 
3.0  0.15024699131258593 
3.1  0.15289606342570453 
3.2  0.15550126244084264 
3.3  0.15806560660823457 
3.4  0.160592317704409 
3.5  0.16307984635242345 
3.6  0.16553353018667397 
3.7  0.16795147927106746 
3.8  0.17033779131532775 
3.9  0.17269210737511154 
4.0  0.17501610205615145 
4.1  0.17731121561043042 
4.2  0.17957802192836073 
4.3  0.1818175243203185 
4.4  0.18403131336617698 
4.5  0.1862196549100793 
4.6  0.18838783965450334 
4.7  0.19052690344374223 
4.8  0.1926444199833421 
4.9  0.19474080915000336 
5.0  0.19681407917635066 
