#mmax= 10
#m-states: all states (FBR)
#Nr. of sites: 25
 
0.0  -4.832257836691056e-15 
0.1  2.325205083933298e-8 
0.2  -2.3171952489389705e-6 
0.3  3.446335590907649e-7 
0.4  -3.14790657766007e-7 
0.41  -1.1424371632088312e-5 
0.42  -1.3164785993089878e-5 
0.43  3.851178484368845e-6 
0.44  -1.4385031020436627e-6 
0.45  5.397218573631338e-5 
0.46  0.0003044338270509601 
0.47  0.00016507403403593583 
0.48  -7.999161461131976e-6 
0.49  8.643477601358402e-5 
0.5  4.161360177090598e-5 
0.51  0.0003174005797531828 
0.52  0.0005504439259158454 
0.53  0.00027464357062986577 
0.54  0.0008318742072830737 
0.55  0.000823387459260338 
0.56  0.0006006095626680956 
0.57  0.0006717399436396053 
0.58  0.0008938634748527068 
0.59  0.0010125978354938688 
0.6  0.0011861362800958007 
0.7  0.0027282272185857707 
0.8  -0.014979424208435172 
0.9  -0.028168455365408896 
1.0  0.04487472429269575 
1.1  0.05559090307944187 
1.2  0.06933044695783157 
1.3  0.07975859667824252 
1.4  0.060534313800434475 
1.5  0.054463882398311146 
1.6  0.05700499599981037 
1.7  0.05648334351268315 
1.8  0.04946391276783771 
1.9  0.05001363462220987 
2.0  0.04743095536535483 
2.1  0.042833243492394 
2.2  0.04306780570494295 
2.3  0.03862626139711416 
2.4  0.03738002230161314 
2.5  0.028764420587480386 
2.6  0.0262952642675783 
2.7  0.024047676622311193 
2.8  0.02127474052266428 
2.9  0.019900385310062097 
3.0  0.019981428477022712 
3.1  0.020088278912460223 
3.2  0.018607729105084365 
3.3  0.01796039197834633 
3.4  0.01933203389442265 
3.5  0.01932028868627214 
3.6  0.018794618369157634 
3.7  0.018392755343073528 
3.8  0.018368450456555007 
3.9  0.01835712644465181 
4.0  0.018346018997497018 
4.1  0.018348526363955144 
4.2  0.018311017568878398 
4.3  0.018324854709439314 
4.4  0.01830005005292086 
4.5  0.018306117298988782 
4.6  0.01830356099554653 
4.7  0.018280074572556607 
4.8  0.01824807325412471 
4.9  0.018047535524522002 
5.0  0.01804413059191395 
