#mmax= 10
#m-states: all states (FBR)
#Nr. of sites: 25

0.0  -0.0  0.0
0.1  -0.0  3.38166220277878e-19
0.2  -0.0  2.0273150757259302e-19
0.3  -0.0  4.343477547580114e-19
0.4  0.00010000500033334732  3.1624515982084405e-5
0.41  0.00010000500033334732  3.1624515982084405e-5
0.42  0.00015001125112511004  3.873293219155276e-5
0.43  0.00019001805228668268  4.359334894687214e-5
0.44  0.00034005781310468206  5.831972569446578e-5
0.45  0.0003500612642953807  5.9171449547096034e-5
0.46  0.0005101300942339304  7.143285906164195e-5
0.47  0.0007602889464087724  8.721156145639909e-5
0.48  0.0006902381595596675  8.309532679815171e-5
0.49  0.0007302665797433789  8.547166751076857e-5
0.5  0.0010905944820295721  0.00010446053362132547
0.51  0.0015211563719387442  0.00012338270301972954
0.52  0.00186173194794864  0.00013650951181855232
0.53  0.0020721454111787226  0.0001440248079771927
0.54  0.002322695369645348  0.00015249321855044143
0.55  0.0028640976146501324  0.00016935854696681628
0.56  0.003325523428576877  0.00018251280577510795
0.57  0.00350613932928759  0.00018741206334894797
0.58  0.004480020321708317  0.00021189892677422602
0.59  0.004711079730118889  0.0002173071912221784
0.6  0.004781412757030184  0.00021892715410854377
0.7  0.009101291389186252  0.0003023727088537719
0.8  0.015083181419234456  0.00038984174542767964
0.9  0.019917033813508005  0.00044851870044488787
1.0  0.024528375906554854  0.0004983163590121611
1.1  0.028965477877371016  0.000542119457611566
1.2  0.03475708247555446  0.000594714344191934
1.3  0.038813594290744775  0.0006291031434890333
1.4  0.04512289462479296  0.0006793885359628696
1.5  0.05093546040023443  0.0007228796447588363
1.6  0.05385446250259263  0.0007438518013447694
1.7  0.06092903837383997  0.0007926166475361938
1.8  0.06422923223219645  0.0008144781719431969
1.9  0.06850369948576267  0.0008420527858933197
2.0  0.07331289864856383  0.0008721693612305877
2.1  0.07833998454122403  0.0009027241748703446
2.2  0.08344682266525333  0.000932889449626154
2.3  0.08615719012792743  0.0009485701948677324
2.4  0.0909865339312616  0.0009759877153682627
2.5  0.09346487981588926  0.0009898132019036429
2.6  0.09739234265065078  0.0010114038980263637
2.7  0.10360649607804687  0.0010448205433015228
2.8  0.1064722407120638  0.0010599441839625329
2.9  0.11178107951570214  0.0010875164382641315
3.0  0.1132918827601323  0.0010952624246957658
3.1  0.11520884802301559  0.0011050293210565043
3.2  0.12124150527542245  0.0011353360674807788
3.3  0.12668629740824766  0.0011621627913937207
3.4  0.1288452404375683  0.0011726697623153444
3.5  0.13138511963432295  0.0011849400262250855
3.6  0.13374852434310883  0.0011962721755933163
3.7  0.13819365520148802  0.001217371533645985
3.8  0.1401129701644018  0.0012263980511077763
3.9  0.1448523547972866  0.0012484808072366692
4.0  0.14949817826685222  0.0012698541597362277
4.1  0.15163713058476438  0.0012796072095710037
4.2  0.15543794659358667  0.0012968070951689607
4.3  0.1581402484398181  0.0013089389596884849
4.4  0.15962895588150908  0.001315588143012612
4.5  0.16471901045134293  0.001338137909853902
4.6  0.16643221245810425  0.0013456782335427746
4.7  0.16818195369325342  0.0013533427308544432
4.8  0.1717836097133173  0.0013690179699491082
4.9  0.1768922232688957  0.0013910581298249077
5.0  0.17790709601731663  0.0013954067880649612
