#mmax= 10
#m-states: all states (FBR)
#Nr. of sites: 25

0.0  1.0  0.0
0.1  1.0  3.38166220277878e-19
0.2  1.0  2.0273150757259302e-19
0.3  1.0  4.343477547580114e-19
0.4  0.9999  3.16213535304862e-5
0.41  0.9999  3.16213535304862e-5
0.42  0.99985  3.872712225172403e-5
0.43  0.99981  4.358506621057223e-5
0.44  0.99966  5.8299896987729656e-5
0.45  0.99965  5.915073953975455e-5
0.46  0.99949  7.13964283035205e-5
0.47  0.99924  8.714528066969223e-5
0.48  0.99931  8.303799102266099e-5
0.49  0.99927  8.54092731934857e-5
0.5  0.99891  0.00010434667163967822
0.51  0.99848  0.00012319516131113956
0.52  0.99814  0.00013625560412656982
0.53  0.99793  0.0001437266766246799
0.54  0.99768  0.0001521394342834044
0.55  0.99714  0.0001688741815224912
0.56  0.99668  0.00018190686325993458
0.57  0.9965  0.00018675612112722666
0.58  0.99553  0.00021095173857154522
0.59  0.9953000000000003  0.00021628584742343422
0.6  0.9952300000000003  0.00021788287158344607
0.7  0.9909400000000166  0.0002996332121115617
0.8  0.9850300000017951  0.00038400581449932707
0.9  0.9802800000263213  0.00043967391168392027
1.0  0.9757700001672187  0.0004862421537166243
1.1  0.9714500004037775  0.0005266419473156515
1.2  0.9658400072268502  0.000574398906492249
1.3  0.9619300016794886  0.0006051531878729774
1.4  0.9558800021002287  0.0006494139151830592
1.5  0.9503400031166578  0.0006869814438530809
1.6  0.9475700034338858  0.0007048516539545652
1.7  0.9408900044918718  0.0007457650810606618
1.8  0.9377900031938622  0.0007638094874679416
1.9  0.9337900055543019  0.0007863004756163385
2.0  0.9293100046841748  0.0008105157131705912
2.1  0.9246500063893569  0.000834703914061691
2.2  0.9199400053281532  0.000858202325259662
2.3  0.917450005801263  0.0008702657307843063
2.4  0.9130300057413016  0.0008911060693661246
2.5  0.910770003274719  0.0009014921731391409
2.6  0.9072000030463764  0.0009175456193706342
2.7  0.9015800028947238  0.0009419893084542538
2.8  0.8990000034148092  0.0009528898250018243
2.9  0.8942400035278187  0.0009725007035898778
3.0  0.8928900028786544  0.0009779488695394842
3.1  0.8911800032881201  0.0009847800339726047
3.2  0.8858200035542264  0.001005703399331065
3.3  0.8810100043736253  0.0010238770459286466
3.4  0.8791100056983656  0.0010309057214313434
3.5  0.8768800056474108  0.001039050216888096
3.6  0.8748100303711994  0.0010465108982630098
3.7  0.8709300152861964  0.001060245408407278
3.8  0.8692600294033069  0.001066058805966104
3.9  0.8651500189313795  0.0010801231940162684
4.0  0.8611400067855673  0.001093522219731936
4.1  0.8593000378763941  0.0010995665236512703
4.2  0.8560401954909752  0.0011101189992625208
4.3  0.8537300392657815  0.0011174805094513614
4.4  0.8524600305733818  0.00112148630861451
4.5  0.8481319868330494  0.0011349175641410137
4.6  0.8466802093603363  0.001139359128507644
4.7  0.8452000334251099  0.0011438453213538048
4.8  0.8421613889973194  0.0011529340751346314
4.9  0.837870082555481  0.0011655259900758684
5.0  0.8370201823851865  0.0011679836442476611
