#mmax= 10
#m-states: all states (FBR)
#Nr. of sites: 25
 
0.0  8.815035073073328e-30 
0.1  1.2111424586930526 
0.2  2.494549869923828 
0.3  3.954122372808208 
0.4  5.79994689577873 
0.41  6.022289844167774 
0.42  6.255131374447116 
0.43  6.4993684279816195 
0.44  6.756325100928092 
0.45  7.027763594617603 
0.46  7.3148547540374045 
0.47  7.618948926486265 
0.48  7.9391479129765035 
0.49  8.273304953244246 
0.5  8.615826094794915 
0.51  8.95837612498319 
0.52  9.290863094673025 
0.53  9.606194906710591 
0.54  9.898434268650876 
0.55  10.166464524632458 
0.56  10.411937708699618 
0.57  10.636726864844144 
0.58  10.844261844027438 
0.59  11.036829422976169 
0.6  11.216372091039498 
0.7  12.575414532780368 
0.8  13.500880165598817 
0.9  14.200498391839435 
1.0  14.76013951883009 
1.1  15.224655934674008 
1.2  15.6202418604741 
1.3  15.963532360994828 
1.4  16.26581048411853 
1.5  16.53511500373998 
1.6  16.777252884453418 
1.7  16.996668335642227 
1.8  17.196858905035235 
1.9  17.38051545576378 
2.0  17.549802692219412 
2.1  17.706635065924225 
2.2  17.8524319858783 
2.3  17.988519110092952 
2.4  18.115799823787633 
2.5  18.23531207824283 
2.6  18.34779302060625 
2.7  18.453896888148876 
2.8  18.554207174327505 
2.9  18.6492446891729 
3.0  18.73944941548827 
3.1  18.825232778330395 
3.2  18.906941202261503 
3.3  18.984877552006328 
3.4  19.059340549496657 
3.5  19.130568401339527 
3.6  19.19878937586371 
3.7  19.264221498471183 
3.8  19.327038758044395 
3.9  19.38741588551359 
4.0  19.44550745394263 
4.1  19.501454306457145 
4.2  19.555382851543047 
4.3  19.607415591062647 
4.4  19.65765874507386 
4.5  19.706213226185483 
4.6  19.75313103758975 
4.7  19.79858097952259 
4.8  19.842601379751507 
4.9  19.88525903578391 
5.0  19.926635687810325 
