#mmax= 10
#m-states: all states (FBR)
#Nr. of sites: 25
 
0.0  9.723461371658034e-63 
0.1  -0.5926755096445804 
0.2  -1.13981610005619 
0.3  -1.5869507514747323 
0.4  -1.8524408110426867 
0.41  -1.8638656806562108 
0.42  -1.8715805717393352 
0.43  -1.8753178523913567 
0.44  -1.8747392706123829 
0.45  -1.8693871417354684 
0.46  -1.8588864722074743 
0.47  -1.8428365933318314 
0.48  -1.8211932611044912 
0.49  -1.794192128156829 
0.5  -1.762765369861425 
0.51  -1.7284757552660526 
0.52  -1.69337825875832 
0.53  -1.6591100999258186 
0.54  -1.6271527842489846 
0.55  -1.5980661869785329 
0.56  -1.5718181538481986 
0.57  -1.54827937609102 
0.58  -1.5269452983009488 
0.59  -1.5075042825227132 
0.6  -1.4896808727166015 
0.7  -1.3591268765759985 
0.8  -1.2699611469265755 
0.9  -1.200741273422421 
1.0  -1.1438541470063897 
1.1  -1.0954688121572944 
1.2  -1.0533785355113956 
1.3  -1.01620330294206 
1.4  -0.9829647924874279 
1.5  -0.9529355831314235 
1.6  -0.925638344933041 
1.7  -0.9006515911896894 
1.8  -0.8776445427672013 
1.9  -0.8563684491468417 
2.0  -0.8366338977965657 
2.1  -0.818216910036957 
2.2  -0.8009945784227338 
2.3  -0.7848080320520715 
2.4  -0.7696293830261012 
2.5  -0.7552952932813687 
2.6  -0.7417417497973152 
2.7  -0.7289110122558591 
2.8  -0.7167395167384658 
2.9  -0.7051660431724196 
3.0  -0.6941485993454353 
3.1  -0.6836372396543133 
3.2  -0.6735926903566305 
3.3  -0.6639878656611227 
3.4  -0.6547932980013915 
3.5  -0.6459692808741914 
3.6  -0.6375083650173375 
3.7  -0.6293671497635239 
3.8  -0.6215415440618224 
3.9  -0.6140027737194614 
4.0  -0.606735480069431 
4.1  -0.5997248019269259 
4.2  -0.5929548861739229 
4.3  -0.586411014732418 
4.4  -0.5800838648052298 
4.5  -0.5739592184347655 
4.6  -0.5680553079645446 
4.7  -0.5623004595186994 
4.8  -0.556723357993348 
4.9  -0.5513161804612686 
5.0  -0.5460574691145988 
