#mmax= 5
#m-states: all states (FBR)
#Nr. of sites: 25
 
0.0  12.499999999999998 0.019999999999998685 
0.1  15.376324292206997 0.029302475822424623 
0.2  19.83797306799355 0.044757380556025406 
0.3  27.980513932495327 0.07616177788842848 
0.4  48.770334245283486 0.16997964082086248 
0.41  52.7748861200156 0.18877682679610241 
0.42  57.46885686279318 0.2105239841391746 
0.43  63.038370234019396 0.23571124051464432 
0.44  69.67500572113815 0.26460620431535997 
0.45  77.63425417257665 0.29729980690506974 
0.46  87.14684269466659 0.33344132586964104 
0.47  98.49405684160281 0.3724215356855948 
0.48  111.76796351701483 0.41266634350180154 
0.49  126.90425811605799 0.4523667566985603 
0.5  143.45001047260664 0.4893174166324825 
0.51  160.69731619176625 0.5218613538513304 
0.52  177.7654844235811 0.5490402491547344 
0.53  193.81017932745343 0.5706751411133171 
0.54  208.3614062825545 0.5874114499628721 
0.55  221.28491131151495 0.600189113721727 
0.56  232.6287960984527 0.6098958509932147 
0.57  242.59126069668417 0.6173301952172481 
0.58  251.37833802778974 0.6230845560411311 
0.59  259.2200632390945 0.6276350807303404 
0.6  266.282024355792 0.6312958076375226 
0.7  313.76984893663223 0.6478522813994687 
0.8  342.3590530445732 0.653542767121274 
0.9  362.81379029553045 0.6564814488139972 
1.0  378.6806875818197 0.658296182266763 
1.1  391.6045279825158 0.6595400546110263 
1.2  402.4743994017989 0.660451321582624 
1.3  411.8281889318396 0.6611511511850195 
1.4  420.0134558146937 0.6617072719132282 
1.5  427.27179572993793 0.6621607190108301 
1.6  433.7758638224026 0.662538122544315 
1.7  439.65420185157643 0.6628574971300971 
1.8  445.0052439992034 0.6631314037294879 
1.9  449.9062864940517 0.6633690503578682 
2.0  454.41896394487736 0.663577227179125 
2.1  458.5931946364886 0.6637611060883246 
2.2  462.46932096816687 0.6639246983753608 
2.3  466.08446267041603 0.6640713042005166 
2.4  469.464820616938 0.6642033234622138 
2.5  472.63572005867337 0.6643228622814328 
2.6  475.618187295156 0.6644316068976293 
2.7  478.42956321562303 0.6645309261631748 
2.8  481.08721695712984 0.6646220366195932 
2.9  483.60411689943635 0.6647058941893884 
3.0  485.9922552389268 0.6647833227223234 
