#mmax= 5
#m-states: all states (FBR)
#Nr. of sites: 25
 
0.0  12.499999999999984 0.01999999999999935 
0.1  11.34779293156749 0.016358905618571895 
0.2  10.30292304715332 0.013148956232921338 
0.3  9.372867958311717 0.010442456702246972 
0.4  8.546760381941084 0.008392758865511607 
0.41  8.46899494701018 0.008239009918900253 
0.42  8.39188498522155 0.008092227553653353 
0.43  8.315334503219717 0.007949521926645109 
0.44  8.239359532594614 0.007833981275390367 
0.45  8.16383919925236 0.0077347375815259856 
0.46  8.088672569447683 0.007647623505587675 
0.47  8.013834097722746 0.00758168677340032 
0.48  7.939387436343298 0.007533774887668376 
0.49  7.8655413214228185 0.007508682269236844 
0.5  7.792692981658761 0.007503248389748363 
0.51  7.721498500021497 0.007519282291798324 
0.52  7.652512641332689 0.007541811113111585 
0.53  7.586281148463648 0.007568191298820692 
0.54  7.523024472845575 0.007595525517795854 
0.55  7.462661545995041 0.0076173677781306015 
0.56  7.405045634210881 0.007634263955060616 
0.57  7.34990390216523 0.007646501691306429 
0.58  7.296988142528092 0.007652236825981151 
0.59  7.246043484861726 0.007653872208676082 
0.6  7.19683959792254 0.007652192845041594 
0.7  6.7747599014227085 0.007553704208479117 
0.8  6.437464526090908 0.007415352298253186 
0.9  6.154919270741736 0.007266804967264062 
1.0  5.911768615550746 0.007123091841836682 
1.1  5.6986427951040985 0.006994561720128911 
1.2  5.5091847255006 0.0068634591855101235 
1.3  5.339016823648211 0.006739350311437797 
1.4  5.184917007063253 0.00663019257094255 
1.5  5.044303646474729 0.006520973124419904 
1.6  4.915249917769577 0.006416384207692083 
1.7  4.796198986289955 0.006316936181238519 
1.8  4.685867795990447 0.006221032696365425 
1.9  4.583225348401396 0.006131352398864642 
2.0  4.487392613595539 0.006047636780798893 
2.1  4.397619509008707 0.0059663143916235395 
2.2  4.313300183986324 0.005891170266357437 
2.3  4.233858325528926 0.005816998318133981 
2.4  4.158854607828329 0.005746124510294326 
2.5  4.08787923453448 0.005678235083166561 
2.6  4.020578475672381 0.005613134617677762 
2.7  3.9566506869907077 0.005551160541411138 
2.8  3.895800576217693 0.005491098672819272 
2.9  3.837794855003458 0.005433423021305561 
3.0  3.782414076187692 0.005377835036524559 
