#mmax= 5
#m-states: all states (FBR)
#Nr. of sites: 25
 
0.0  -8.597218360972873e-26 
0.1  0.025770014080175607 
0.2  0.05644799999790453 
0.3  0.09863243057540627 
0.4  0.1644793475709139 
0.41  0.17327670325980857 
0.42  0.18264990136897027 
0.43  0.19266951559624013 
0.44  0.2034033770254411 
0.45  0.2149348363386896 
0.46  0.22733349432571434 
0.47  0.24066929016212343 
0.48  0.2549185062459503 
0.49  0.26997536920054904 
0.5  0.2855521837173314 
0.51  0.3012458025044983 
0.52  0.3165829121793542 
0.53  0.3311215086062322 
0.54  0.3446187384923423 
0.55  0.35701033380769404 
0.56  0.36833075822170547 
0.57  0.37869603139452784 
0.58  0.38822530719958537 
0.59  0.3970548610280202 
0.6  0.40528483700172346 
0.7  0.4673545264585324 
0.8  0.5096234670329921 
0.9  0.5416581771099186 
1.0  0.5673476823810558 
1.1  0.5887185842994503 
1.2  0.6069533711286439 
1.3  0.6228070573305503 
1.4  0.6367876426021456 
1.5  0.649257986176325 
1.6  0.6604843319133448 
1.7  0.6706685408921059 
1.8  0.6799675551731813 
1.9  0.6885062548997677 
2.0  0.6963852146850643 
2.1  0.7036866552017988 
2.2  0.710477702022447 
2.3  0.7168196510758927 
2.4  0.7227571720711348 
2.5  0.7283327699781256 
2.6  0.7335820741314841 
2.7  0.7385348248982025 
2.8  0.7432200879351352 
2.9  0.7476603353665623 
3.0  0.7518760942720267 
