#mmax= 5
#m-states: all states (FBR)
#Nr. of sites: 25
 
0.0 3.552713678800501e-15
0.1 -0.15037225317551872
0.2 -0.6062527159316531
0.3 -1.3844217958623695
0.4 -2.524377221861478
0.41 -2.661170992361967
0.42 -2.8026114959738493
0.43 -2.9488763705010825
0.44 -3.1001672349918614
0.45 -3.256710556486542
0.46 -3.4187583340040675
0.47 -3.586584299617563
0.48 -3.7604670369710433
0.49 -3.9406586266982018
0.5 -4.1273374598619625
0.51 -4.3205519253438815
0.52 -4.5201850799997985
0.53 -4.725957466701516
0.54 -4.937473798518035
0.55 -5.154287605820791
0.56 -5.375956556268932
0.57 -5.602075735619216
0.58 -5.832290879548111
0.59 -6.066297883503001
0.6 -6.3038366615402595
0.7 -8.835485232504276
0.8 -11.579248479586845
0.9 -14.475670808500881
1.0 -17.490774161801177
1.1 -20.602501456267632
1.2 -23.795385938319114
1.3 -27.05797717184292
1.4 -30.38145513162554
1.5 -33.75882014359762
1.6 -37.18438015779493
1.7 -40.653418863033565
1.8 -44.16197065368779
1.9 -47.70665168409754
2.0 -51.284548599837144
2.1 -54.89312597371625
2.2 -58.53016035139055
2.3 -62.19368905120183
2.4 -65.88196669199868
2.5 -69.59343343889884
2.6 -73.32668786215267
2.7 -77.08046217680658
2.8 -80.8536157327603
2.9 -84.6451017370606
3.0 -88.45396766944185
