#mmax= 5
#m-states: all states (FBR)
#Nr. of sites: 25
 
0.0  0.0 
0.1  0.02297146064938934 
0.2  0.07677177018352693 
0.3  0.15694481939531177 
0.4  0.2674591487493095 
0.41  0.28065283806004065 
0.42  0.29434213319786645 
0.43  0.30857554743195825 
0.44  0.32340293407081017 
0.45  0.3389005404642834 
0.46  0.3551417646378782 
0.47  0.3722316688493723 
0.48  0.39021120451826197 
0.49  0.4090796214781253 
0.5  0.4286594697547498 
0.51  0.4486286001379425 
0.52  0.46852097086761296 
0.53  0.4877962208887742 
0.54  0.5060690170999588 
0.55  0.5231318724654538 
0.56  0.5388879776842467 
0.57  0.5533706320087373 
0.58  0.5666310735205533 
0.59  0.5788043160594096 
0.6  0.5899801896166531 
0.7  0.663514382653394 
0.8  0.6979610673766067 
0.9  0.7149755725128765 
1.0  0.7236832143676937 
1.1  0.7282360656772611 
1.2  0.730614320624311 
1.3  0.7318197703531015 
1.4  0.7323770445234863 
1.5  0.732571306067716 
1.6  0.7325610458742055 
1.7  0.7324386326928983 
1.8  0.7322557706304285 
1.9  0.7320433048040278 
2.0  0.7318192750753441 
2.1  0.7315943727686741 
2.2  0.731375091835679 
2.3  0.7311626695501264 
2.4  0.7309612174369917 
2.5  0.7307705810132971 
2.6  0.7305906840590976 
2.7  0.7304221384057594 
2.8  0.730262649198024 
2.9  0.7301126087021688 
3.0  0.7299712464282359 
