#mmax= 5
#m-states: all states (FBR)
#Nr. of sites: 25
 
0.0  -0.0 
0.1  0.006344242105610888 
0.2  0.026587578813145087 
0.3  0.06505097289684765 
0.4  0.1325364754171164 
0.41  0.14175872458650784 
0.42  0.15160607012705257 
0.43  0.16215321661179039 
0.44  0.1734835717435323 
0.45  0.18571051503720443 
0.46  0.19895888445167964 
0.47  0.21339722480525933 
0.48  0.22916032506446166 
0.49  0.24636195943194594 
0.5  0.26495963077152473 
0.51  0.2847509244552834 
0.52  0.3053358848015027 
0.53  0.3261528125706982 
0.54  0.34671822157595217 
0.55  0.36668941646170783 
0.56  0.38582100942787395 
0.57  0.4040190255362913 
0.58  0.4212194707606795 
0.59  0.43748374417487507 
0.6  0.4528329321772956 
0.7  0.5653293971233617 
0.8  0.6267609801643125 
0.9  0.6602827784330251 
1.0  0.6788966084908875 
1.1  0.6895040816757315 
1.2  0.6956921958690891 
1.3  0.6993821577439593 
1.4  0.7016192721190998 
1.5  0.7029928210147517 
1.6  0.7038410015629548 
1.7  0.7043642637728571 
1.8  0.7046831459098764 
1.9  0.7048719363778533 
2.0  0.704977176674097 
2.1  0.7050284991967255 
2.2  0.7050451489333038 
2.3  0.7050388930849307 
2.4  0.7050186082707813 
2.5  0.7049894915108453 
2.6  0.7049550799652626 
2.7  0.704918104386547 
2.8  0.7048794816680084 
2.9  0.7048406527041983 
3.0  0.7048021895362204 
