#mmax= 5
#m-states: all states (FBR)
#Nr. of sites: 25

0.0  -2.2204460492503128e-16  0.0
0.1  0.008284219587697511  0.0014422819474604266
0.2  0.02963005106600421  0.00274017789270808
0.3  0.06708792472546399  0.004162455169223561
0.4  0.12488031954831218  0.005815529000568565
0.41  0.13982926602131754  0.006116825777283074
0.42  0.13984824376695673  0.006119378170029165
0.43  0.1641362647360709  0.00669094448107686
0.44  0.18242050458231052  0.007255686262498532
0.45  0.18902813534226445  0.0072142464533861686
0.46  0.2000266760840585  0.007439460524051273
0.47  0.21130661153240024  0.007694305464792612
0.48  0.22967366294579683  0.008022975515246765
0.49  0.2414280999165718  0.00823646545091992
0.5  0.2506616666847544  0.008624022957503079
0.51  0.279367078861478  0.00905511534669698
0.52  0.3012635562693649  0.009397070606562032
0.53  0.31736833243672846  0.009769387826242686
0.54  0.3425980174079483  0.010239981892816446
0.55  0.3706477436496604  0.010636137174932852
0.56  0.37483521717849844  0.010847287248659224
0.57  0.412534516674515  0.011374668383273669
0.58  0.4192950614563077  0.011699148163313633
0.59  0.4369944605505703  0.011923988316742415
0.6  0.44118859757160933  0.011947717968531788
0.7  0.5445983805405176  0.013768242330142922
0.8  0.6325249459247821  0.01504510030415016
0.9  0.6837780538003045  0.01583832624010464
1.0  0.6874274463289276  0.015942366238882538
1.1  0.6848436576439582  0.01593256499990215
1.2  0.6825459350081396  0.015876425178534322
1.3  0.6997139286400141  0.016182738560008653
1.4  0.7426685961534812  0.01670815848464254
1.5  0.6806090264783574  0.015863272455716608
1.6  0.7065273674381546  0.016206059078686056
1.7  0.7076005049282973  0.016357363365509005
1.8  0.7308314148014651  0.016622961539959853
1.9  0.721685054278558  0.016556261026043427
2.0  0.715964974409911  0.01638068083916981
2.1  0.6904993806987948  0.015917656511364897
2.2  0.6995971752927502  0.016060633011305364
2.3  0.7302216132953436  0.016642316549443134
2.4  0.7056867351338063  0.016237554159321977
2.5  0.67085890996993  0.015654861255654788
2.6  0.7037693902637878  0.0163016929061637
2.7  0.683120502458212  0.01585381355692936
2.8  0.7089849030927222  0.016212105635234876
2.9  0.715990504692586  0.01627061778216098
3.0  0.6935765262146778  0.015944774967306754
