#mmax= 5
#m-states: all states (FBR)
#Nr. of sites: 25

0.0  0.0 0.0 0.0 NaN NaN 0.0 
0.1  0.0045 0.00789053246781587 0.24904201050262556 -0.07535133426837924 16.166328401947453 0.0 
0.2  -0.018 0.016881654171374636 1.1399609902475625 -0.10722042370427948 3.088711187004872 0.0 
0.3  0.0135 0.025315304731790517 2.5634586146536615 -0.06770960944078841 1.0840524262047664 5.37830756510993e-294 
0.4  0.029 0.033422582444423914 4.468276069017254 -0.026337310673669446 0.40228362997845757 4.616979402385726e-157 
0.41  0.0205 0.03434297304324951 4.717759189797449 -0.028514021590042314 0.5781539049332651 1.8592929606124682e-150 
0.42  0.048 0.03480986830961778 4.846907726931729 0.042572194551341085 0.4849717358993968 3.3689828666217714e-144 
0.43  0.0425 0.03571578561134361 5.102469367341836 -0.05524288224604475 0.4518599902206861 2.4126517053703052e-145 
0.44  0.042 0.036937786885857214 5.457600400100021 -0.027584144443519986 0.5452971941577798 2.298394173676561e-127 
0.45  -0.029 0.03847934400400745 5.922639659914977 -0.05058467952210641 0.4406488871212364 4.199609327938719e-116 
0.46  0.0085 0.03948571536555318 6.236486871717932 -0.013423971172325971 0.3618180137721292 3.315746561349735e-111 
0.47  0.061 0.041060823759539386 6.743964991247816 0.024329558578205436 0.48120010539259495 8.885394212392928e-96 
0.48  -0.0585 0.04099773946402766 6.7232585646411644 -0.033866090691366216 0.3048510397016302 1.2847491710971564e-93 
0.49  -0.011 0.04200489081896509 7.0576434108527115 0.024801719582293456 0.3950361748701394 1.5632191467036269e-89 
0.5  -0.022 0.04316647815387597 7.453379344836206 0.06940799720035815 0.33439527206475406 1.8909228976566245e-87 
0.51  0.0025 0.043797579779008625 7.6729119779945 -0.03725557674681415 0.11065148983496487 2.2432135664930628e-82 
0.52  0.017 0.04517674163212885 8.163751937984497 0.03344123852823301 0.16099200698112615 2.230663059793805e-78 
0.53  -0.018 0.04620554878133735 8.539810952738181 -0.016633987814799234 0.10522142935083956 8.107286637122796e-69 
0.54  -0.0595 0.0463616467359823 8.597609152288074 -0.006170582166362287 0.13473677994013222 3.056602482057213e-71 
0.55  0.0495 0.04927214602179814 9.710977494373592 -0.08951413247487802 0.12957911976305825 3.110963281703507e-60 
0.56  0.028 0.048850799380870294 9.54560240060015 0.026673045325209685 0.23901846921452252 6.241994855478668e-64 
0.57  -0.017 0.049249712014725354 9.702136534133533 -0.06651333374870946 0.2968544097993071 4.2823675325456356e-62 
0.58  -0.032 0.05052110544637636 10.209528382095517 -0.009202732305398737 0.09083877249004635 7.361030850781248e-60 
0.59  0.0565 0.0512602071758389 10.510435358839704 0.04734758760181113 0.1726970550783835 6.682955886008284e-59 
0.6  0.1155 0.05149347368315707 10.606311327831959 -0.03677227413282833 0.09132971914042587 8.586000893318523e-57 
0.7  0.01 0.05602463467013846 12.555038759689923 -0.010266720787650629 0.10338388018948219 1.3402676424177645e-51 
0.8  0.033 0.059072837667048884 13.958400600150037 -0.005324578635282148 0.04674363431734019 3.844569013679499e-44 
0.9  0.0205 0.062153927592540736 15.452442860715186 -0.13623313204549484 -0.060825336952815334 1.6368932092731075e-43 
1.0  0.127 0.06476122492713922 16.77606501625407 0.00780164481129328 0.033023854902312966 1.2201856655449781e-33 
1.1  -0.043 0.06708698022514453 18.00265166291573 -0.01757770355104554 0.3055725141090426 1.9742421646116776e-37 
1.2  0.152 0.0707741212878056 20.03590497624407 -0.027547114859223676 -0.1128963345105154 2.6520580777745646e-29 
1.3  0.0215 0.06950785763543767 19.32536909227308 -0.0020746229941165898 0.006568818107104857 9.753307905762482e-32 
1.4  0.021 0.07356794689742724 21.6489712428107 0.00671800702489065 0.08838410173382494 7.839215057070095e-29 
1.5  0.0325 0.0730843435204624 21.365285071267824 0.007813817045291414 -0.0556830577499583 7.059297630851035e-30 
1.6  -0.174 0.07574869943679953 22.95146186546637 0.055961398186149265 0.004408602358311864 6.377984283435469e-30 
1.7  -0.059 0.0761779529793892 23.21232208052013 0.07166595439870013 -0.0023572894012278134 7.838281170641879e-24 
1.8  0.0535 0.07830432509978189 24.526269317329326 -0.05417331696043558 0.08165670217669829 5.823100884131504e-23 
1.9  0.011 0.07831668484928002 24.534012503125783 0.07924684324301966 -0.008636595612371956 4.046901584580896e-26 
2.0  -0.0675 0.08204141415107967 26.923174543635902 -0.013771403161866806 -0.04993260777563391 3.63456212914907e-24 
2.1  0.037 0.08168124452055445 26.687302825706425 -0.050369249872126126 -0.054662751303721 5.78128825229453e-22 
2.2  -0.08 0.08479503257495305 28.760790197549394 -0.0092268145288859 -0.07535347733971864 5.96154982857863e-24 
2.3  0.036 0.08330612809238244 27.75964391097773 0.016515748783960837 0.06966225373558821 5.562274059384103e-23 
2.4  0.002 0.08533357753465934 29.127277819454864 -0.017173976272107268 -0.059451823180035834 3.6813077991119026e-21 
2.5  -0.056 0.0863572833934624 29.8303215803951 -0.04289223231034469 0.1668989027255785 2.185246551574624e-22 
2.6  -0.0235 0.0868360355023503 30.16198824706177 -0.030703429191135712 -0.05124651408584713 2.7487826941464174e-22 
2.7  -0.046 0.08864781784625171 31.433742435608888 0.034199233892030736 -0.08303170732756193 5.198311829869883e-22 
2.8  0.0185 0.08797215020847834 30.9563968492123 -0.07875642088019884 -0.04079515145092305 1.4272557819510819e-21 
2.9  0.057 0.0887195330177336 31.484622155538887 0.026327027339981785 0.0634332663117596 1.8928409866443992e-21 
3.0  0.0135 0.09094103587215936 33.0810880220055 -0.05174309037464793 0.012998084578768943 1.421259202624265e-20 
