#mmax= 5
#m-states: all states (FBR)
#Nr. of sites: 25
 
0.0  -2.3219069379213797e-49 
0.1  0.0024810209530924687 
0.2  0.009691522410038086 
0.3  0.020901984304214666 
0.4  0.034677698734166935 
0.41  0.036105379727534796 
0.42  0.037527455392678016 
0.43  0.03893876702621991 
0.44  0.04033366743915251 
0.45  0.04170512077366961 
0.46  0.04304512649502487 
0.47  0.04434511722912333 
0.48  0.04559531748895102 
0.49  0.046786878584329124 
0.5  0.04791390682793902 
0.51  0.04897562589664564 
0.52  0.049977425900132655 
0.53  0.0509298140823653 
0.54  0.051844113906962225 
0.55  0.052729687050235674 
0.56  0.053593600055839276 
0.57  0.05443989555249876 
0.58  0.05527111508447979 
0.59  0.05608791119401654 
0.6  0.05689094160880786 
0.7  0.06422961321024019 
0.8  0.070574068615173 
0.9  0.07623669307902545 
1.0  0.0814120861181576 
1.1  0.08622037339820904 
1.2  0.09074047519849882 
1.3  0.09502628353017335 
1.4  0.09911658324421095 
1.5  0.10303956004409055 
1.6  0.10681681901054912 
1.7  0.11046544695500582 
1.8  0.11399932698669334 
1.9  0.11742938059897416 
2.0  0.12076504437453289 
2.1  0.12401410416504337 
2.2  0.12718400134237368 
2.3  0.1302786494925179 
2.4  0.13330493186262507 
2.5  0.1362669061140747 
2.6  0.13916854043453877 
2.7  0.1420135828647421 
2.8  0.14480499350098788 
2.9  0.14754565220254326 
3.0  0.1502385101095444 
