#mmax= 5
#m-states: all states (FBR)
#Nr. of sites: 25
 
0.0  -2.401245109690247e-9 
0.1  4.952595860082918e-9 
0.2  1.1353081067734173e-7 
0.3  1.1880639907984211e-5 
0.4  -7.699706735775288e-6 
0.41  4.89099045591759e-5 
0.42  3.336986995651775e-5 
0.43  7.604737137806342e-6 
0.44  -9.931220033082582e-6 
0.45  -8.37485320103868e-7 
0.46  4.307341236925646e-6 
0.47  5.583869752902857e-5 
0.48  5.5198980074947586e-5 
0.49  -3.285221603977502e-5 
0.5  -3.5172298724473354e-6 
0.51  -5.738751315722087e-5 
0.52  -9.696566366119824e-5 
0.53  -0.00018429063959033668 
0.54  -0.00014139205373334612 
0.55  -0.0001515287877194433 
0.56  -0.00028531087656679814 
0.57  -0.0002754163700127063 
0.58  -5.6186626251955574e-5 
0.59  -0.00015528055697724066 
0.6  0.00012658689609553977 
0.7  -0.02957140339400844 
0.8  -0.026956662551300394 
0.9  -0.023395185997859582 
1.0  -0.021312866725419766 
1.1  -0.018092252356239045 
1.2  -0.01959461606644357 
1.3  -0.018999046889485675 
1.4  -0.020532732119902627 
1.5  -0.020808175463089534 
1.6  -0.021491958065313562 
1.7  -0.02153342624061522 
1.8  -0.021775788316687934 
1.9  -0.022161460099703816 
2.0  -0.022366749884954854 
2.1  -0.022592900389522514 
2.2  -0.022856298921867597 
2.3  -0.022907396737200637 
2.4  -0.023133079577393675 
2.5  -0.0233434926082831 
2.6  -0.02363328063667326 
2.7  -0.023667686759256137 
2.8  -0.02397957363909709 
2.9  -0.023818140131469295 
3.0  -0.023853196801517745 
