#mmax= 5
#m-states: all states (FBR)
#Nr. of sites: 25

0.0  -2.2204460492503128e-16  0.0
0.1  -0.0  5.460847072735361e-19
0.2  -0.0  2.8390325665259005e-18
0.3  -0.0  1.6873755559658473e-18
0.4  -0.0  1.409984651259305e-18
0.41  -0.0  1.8017737758848186e-18
0.42  -0.0  1.3695087741325425e-18
0.43  -0.0  1.4020379248930627e-18
0.44  0.00025003125520928253  0.00025006251562890693
0.45  0.00025003125520928253  0.00025006251562890693
0.46  0.0007502813907041774  0.0004332293301024601
0.47  0.00025003125520928253  0.0002500625156289068
0.48  0.0007502813907041774  0.00043322933010246016
0.49  0.0005001250416822429  0.00035368602561708915
0.5  0.0007502813907041774  0.0004332293301024601
0.51  0.0015011261262670914  0.0006129088507538125
0.52  0.002252535053293755  0.0007509390497517333
0.53  0.0015011261262670914  0.0006129088507538125
0.54  0.0012507819016526025  0.0005594366418383979
0.55  0.003757048877712288  0.0009701877005311305
0.56  0.004008021397538822  0.0010021312943121695
0.57  0.004510155477886019  0.0010631876486411375
0.58  0.002753788196621076  0.0008304024509920972
0.59  0.005515180688110111  0.0011759889715877944
0.6  0.002252535053293755  0.0007509390497517327
0.7  0.010302892990442106  0.0016092498420924115
0.8  0.012831978808859324  0.0017970734124803632
0.9  0.019437693882484165  0.002215442619745861
1.0  0.027371196524476074  0.002634206126692059
1.1  0.030716972603108714  0.002792910973776515
1.2  0.03796150624004937  0.0031105033418839865
1.3  0.0408219943829444  0.0032278896221841083
1.4  0.044735893715348564  0.003382420527223518
1.5  0.048402739099747384  0.0035215651262738333
1.6  0.05366452416095567  0.0037129623483624827
1.7  0.053664524292054414  0.00371296235767854
1.8  0.06667413281380057  0.0041522381684454285
1.9  0.0642718885127073  0.004074275842481001
2.0  0.07823184750652654  0.004510922602958265
2.1  0.07310847101928224  0.0043550601177750605
2.2  0.08256672243261329  0.004639306472000897
2.3  0.080667900549236  0.004583444191039744
2.4  0.09513519362804224  0.004995810458096851
2.5  0.09844007103939213  0.005086111984671185
2.6  0.09982033243269323  0.005123441691092386
2.7  0.09982033200775703  0.005123441668175268
2.8  0.10480510985536687  0.0052564672151279
2.9  0.1050827734243724  0.005263797480931564
3.0  0.11681475072390528  0.005566466290809618
