#mmax= 5
#m-states: all states (FBR)
#Nr. of sites: 25

0.0  1.0000000000000002  0.0
0.1  1.0  5.460847072735361e-19
0.2  1.0  2.8390325665259005e-18
0.3  1.0  1.6873755559658473e-18
0.4  1.0  1.409984651259305e-18
0.41  1.0  1.8017737758848186e-18
0.42  1.0  1.3695087741325425e-18
0.43  1.0  1.4020379248930627e-18
0.44  0.99975  0.00024999999999999973
0.45  0.99975  0.00024999999999999973
0.46  0.99925  0.00043290440810488324
0.47  0.99975  0.0002499999999999996
0.48  0.99925  0.0004329044081048833
0.49  0.9995  0.0003535091826042806
0.5  0.99925  0.00043290440810488324
0.51  0.9985  0.0006119894874776818
0.52  0.99775  0.0007492494368897919
0.53  0.9985  0.0006119894874776818
0.54  0.99875  0.0005587373460361
0.55  0.99625  0.0009665494966541386
0.56  0.996  0.0009981227691349208
0.57  0.9955  0.0010584033042222525
0.58  0.99725  0.0008281188442518689
0.59  0.9945  0.0011695210322440616
0.6  0.99775  0.0007492494368897914
0.7  0.989750000005399  0.0015927550312196527
0.8  0.9872500000064358  0.0017741607264828041
0.9  0.9807500000097986  0.0021727953493374617
1.0  0.9730000002643212  0.00256308256196765
1.1  0.9697500000571685  0.0027084254169794423
1.2  0.9627500000453161  0.0029946370925397637
1.3  0.9600000001318183  0.003098774037722239
1.4  0.9562500001205285  0.0032344396295651673
1.5  0.9527500001223522  0.003355171174488266
1.6  0.9477500004025446  0.003518960067155176
1.7  0.9477500002782958  0.0035189600755231383
1.8  0.9355000004248968  0.0038844188083449714
1.9  0.9377500014135953  0.0038206521770459364
2.0  0.9247500007056279  0.004171475680268688
2.1  0.9295000007448605  0.004048028382715831
2.2  0.9207500011273194  0.004271641439324806
2.3  0.9225000023230568  0.004228227276881765
2.4  0.9092500013520515  0.004542440665779155
2.5  0.906250001607561  0.004609288994284496
2.6  0.9050000025788135  0.00463671474365101
2.7  0.9050000029633808  0.004636714724881326
2.8  0.9005000040619389  0.004733448748574122
2.9  0.9002500027266592  0.004738733696561223
3.0  0.8897500034414905  0.004952763401404798
