#mmax= 5
#m-states: all states (FBR)
#Nr. of sites: 25
 
0.0  -2.0633324066334896e-24 
0.1  1.2111570077293734 
0.2  2.494590864198364 
0.3  3.9541315748896544 
0.4  5.799952114624335 
0.41  6.022475107014426 
0.42  6.255171703422631 
0.43  6.499388886460917 
0.44  6.756411905068524 
0.45  7.0278186643035525 
0.46  7.314889542154015 
0.47  7.618909473668459 
0.48  7.9392297770877205 
0.49  8.273564088212536 
0.5  8.615995813950441 
0.51  8.95838023651678 
0.52  9.291293625273742 
0.53  9.60606061126843 
0.54  9.898081694277117 
0.55  10.166348147158175 
0.56  10.41179569661678 
0.57  10.636946271315052 
0.58  10.844343444472551 
0.59  11.036827801238978 
0.6  11.216497053190198 
0.7  12.575592132547238 
0.8  13.500913580799962 
0.9  14.2005301508215 
1.0  14.760188508946378 
1.1  15.224699859371343 
1.2  15.620257987263304 
1.3  15.963563217113276 
1.4  16.265851739343358 
1.5  16.53512957689088 
1.6  16.777261530026824 
1.7  16.996689472610512 
1.8  17.196861918941387 
1.9  17.38051426616973 
2.0  17.549849746327993 
2.1  17.706666721456575 
2.2  17.852438634728177 
2.3  17.98847793068128 
2.4  18.11578086871857 
2.5  18.235265975991982 
2.6  18.347707505165506 
2.7  18.45375669179944 
2.8  18.554033954125426 
2.9  18.64903101093751 
3.0  18.739194474459055 
