#mmax= 5
#m-states: all states (FBR)
#Nr. of sites: 25
 
0.0  0.0 
0.1  -0.5926766698051589 
0.2  -1.1398388642486554 
0.3  -1.5869532410799039 
0.4  -1.8524477729224014 
0.41  -1.8638342287790204 
0.42  -1.8715740705673445 
0.43  -1.8753205121511534 
0.44  -1.8747308564579377 
0.45  -1.8693825921750018 
0.46  -1.858885678336871 
0.47  -1.8428465097774966 
0.48  -1.8211856271849123 
0.49  -1.7941552273993588 
0.5  -1.7627434047344877 
0.51  -1.7284809764088205 
0.52  -1.6933037329692415 
0.53  -1.6591444047188593 
0.54  -1.6272319704609015 
0.55  -1.5981001357735172 
0.56  -1.5718574992958483 
0.57  -1.5482415178463833 
0.58  -1.5269360716825027 
0.59  -1.507511136566494 
0.6  -1.4896609651488348 
0.7  -1.359083497542458 
0.8  -1.2699503720081495 
0.9  -1.2007339001834554 
1.0  -1.1438441318010395 
1.1  -1.0954538361845352 
1.2  -1.0533770801758509 
1.3  -1.016193841180069 
1.4  -0.9829483168918627 
1.5  -0.9529379086590811 
1.6  -0.9256375641065475 
1.7  -0.900644491199971 
1.8  -0.8776405947850365 
1.9  -0.8563641485753062 
2.0  -0.8366045938864496 
2.1  -0.818186996613404 
2.2  -0.8009737861894484 
2.3  -0.7848063048598557 
2.4  -0.769608739011336 
2.5  -0.7552794965169686 
2.6  -0.7417377260098874 
2.7  -0.7289208942425796 
2.8  -0.7167518436821807 
2.9  -0.705182962140015 
3.0  -0.6941682119304142 
