#mmax= 10
#m-states: all states (FBR)
#Nr. of sites: 31
 
0.0  15.499999999999991 0.016129032258064835 
0.1  19.10055687844415 0.02369333888371339 
0.2  24.71443669736128 0.036308825070204054 
0.3  35.05717583146137 0.06217341668724041 
0.4  62.48053520937419 0.14420246746421805 
0.41  68.05091041863552 0.16202905866715134 
0.42  74.70901644752988 0.18351978702891625 
0.43  82.76651857972307 0.2091843733912444 
0.44  92.73197231130123 0.24006837204707898 
0.45  105.09688067402524 0.2764457755691613 
0.46  120.64145415885243 0.31872549371362724 
0.47  139.99546612773483 0.36575446297971925 
0.48  163.68084389965193 0.4153385191075396 
0.49  191.53955574890875 0.464033228805659 
0.5  222.28611824590115 0.5079057988125033 
0.51  253.68911900031785 0.5441654506173859 
0.52  283.160506186629 0.5717413180789928 
0.53  309.47483223521925 0.5919319951704557 
0.54  331.96043095738514 0.6061751060363867 
0.55  351.15193695086 0.6163501068030832 
0.56  367.5774254967034 0.6237084615892741 
0.57  381.8495043467331 0.6291849742512279 
0.58  394.4968625205731 0.6334075113978144 
0.59  405.73603523927954 0.6366946970686485 
0.6  416.0175280740125 0.6393911133815147 
0.7  486.42618909468854 0.6518682974147023 
0.8  529.5037019837473 0.6562940443596803 
0.9  560.4658473305216 0.6585947174241668 
1.0  584.5533484622559 0.6600216896099068 
1.1  604.2156616243643 0.661002610044813 
1.2  620.7752372375616 0.6617229650787126 
1.3  635.0449170852969 0.6622774102039218 
1.4  647.5422323806483 0.6627185470761576 
1.5  658.6288041058003 0.663078617323682 
1.6  668.5693548540464 0.6633786327332221 
1.7  677.5567756709695 0.6636326830355708 
1.8  685.7404378682804 0.6638506791278103 
1.9  693.234042633539 0.6640397512705598 
2.0  700.1409179434748 0.6642056351941379 
2.1  706.5255005337111 0.6643520227749571 
2.2  712.4582943554071 0.6644823714253602 
2.3  717.9904404427961 0.6645991593239955 
2.4  723.1638362665075 0.6647043386690116 
2.5  728.0177580470587 0.6647995981804111 
2.6  732.5831021730162 0.6648862455104505 
2.7  736.8886405784015 0.664965403232284 
2.8  740.9570296337953 0.66503797155972 
2.9  744.8107479998915 0.6651047702327406 
3.0  748.4671342369161 0.6651664248400315 
3.1  751.9430904630356 0.6652235167064097 
3.2  755.250483156172 0.665276480313175 
3.3  758.4103339608231 0.6653259076120612 
3.4  761.4230296979307 0.6653719040915698 
3.5  764.3091835750754 0.6654150276332507 
3.6  767.0709899327561 0.6654553958476399 
3.7  769.7193007514634 0.6654933077006036 
3.8  772.2614427598777 0.6655289720347335 
3.9  774.7045682752336 0.6655625859590468 
4.0  777.052115742224 0.6655942644170091 
4.1  779.3155335420471 0.665624272068024 
4.2  781.4971054769608 0.6656526833139227 
4.3  783.6015180917941 0.6656796209146811 
4.4  785.6335433544871 0.6657052004172042 
4.5  787.5970422945112 0.6657295169754437 
4.6  789.4955169928135 0.6657526582791571 
4.7  791.3331929991057 0.6657747149550546 
4.8  793.1126666968039 0.6657957526068512 
4.9  794.8374381451307 0.6658158476304252 
5.0  796.5099091492443 0.6658350567156621 
