#mmax= 10
#m-states: all states (FBR)
#Nr. of sites: 31
 
0.0  15.500000000000004 0.016129032258065168 
0.1  14.060580286212918 0.013168797369860985 
0.2  12.760338827526352 0.01056387782293311 
0.3  11.596773879801146 0.00835418421786105 
0.4  10.566586400043814 0.006689264831692521 
0.41  10.469482650720563 0.006561379256276756 
0.42  10.373160888203742 0.006445541072721106 
0.43  10.277451420408346 0.006338632365864405 
0.44  10.182290915193837 0.0062420768768137735 
0.45  10.087535374591607 0.006160636377930961 
0.46  9.993001172549135 0.006096361596246824 
0.47  9.898582049490471 0.00604997036093613 
0.48  9.80427230287143 0.006018753399680832 
0.49  9.710470247957215 0.006007757500113953 
0.5  9.617923647585258 0.006017674107543947 
0.51  9.52801804990741 0.006039099649780222 
0.52  9.44194254640558 0.006064939780863865 
0.53  9.360066354594682 0.006090007716665902 
0.54  9.282566538536052 0.00610932595532665 
0.55  9.208895333210114 0.006122735353271125 
0.56  9.138645998208919 0.006130453522077528 
0.57  9.07135659555296 0.0061335930572749 
0.58  9.00655845553085 0.006133817487239068 
0.59  8.944158394652556 0.006130970440769823 
0.6  8.883704911237874 0.006126711358968584 
0.7  8.363344122555505 0.006036993175628003 
0.8  7.946499812637254 0.005917954056265051 
0.9  7.597162067914173 0.00579529023649239 
1.0  7.296498235922777 0.0056855711204538695 
1.1  7.032830937815565 0.005576678845603422 
1.2  6.798478302533175 0.005470569090132993 
1.3  6.587952744020204 0.005369110252697595 
1.4  6.397269745572725 0.005273852251648559 
1.5  6.223337790800586 0.005184139224150397 
1.6  6.06371534582664 0.005098641986078678 
1.7  5.91647375678735 0.005017503065148143 
1.8  5.780028757940758 0.004940988555727777 
1.9  5.653118891502941 0.004868297992458581 
2.0  5.534601367983505 0.004799610482749683 
2.1  5.423612550301723 0.004733710982960715 
2.2  5.319347186813121 0.0046707972509705264 
2.3  5.221132491679244 0.004610574385938704 
2.4  5.128412384975848 0.0045530035399271584 
2.5  5.0406719304107455 0.00449787738000651 
2.6  4.957483459614645 0.004445050896952796 
2.7  4.8784386905851855 0.00439398824625592 
2.8  4.803219285738998 0.004344901381767796 
2.9  4.731508574002344 0.004297608819339049 
3.0  4.663046538610306 0.004252007729188989 
3.1  4.5975857216923925 0.004207895157960384 
3.2  4.534940910174659 0.00416504051287081 
3.3  4.47482890141294 0.004124289948917226 
3.4  4.417182763885378 0.004083360361605726 
3.5  4.361746906366549 0.004044681193859034 
3.6  4.308444301129173 0.004007263068810607 
3.7  4.257118205685725 0.003971015126063793 
3.8  4.207648731092289 0.003935783539938398 
3.9  4.159925212655529 0.0039015637535220193 
4.0  4.113854926192472 0.0038683207243351836 
4.1  4.06932682525482 0.0038362421927686796 
4.2  4.026260584035863 0.0038046562860238886 
4.3  3.984581241239898 0.003774297097938639 
4.4  3.944213985947962 0.003744645679798375 
4.5  3.905089309399584 0.0037157306932211753 
4.6  3.8671451547337683 0.003688679381451343 
4.7  3.830315591329206 0.003660997680058675 
4.8  3.7945591427549545 0.0036334821502919112 
4.9  3.7598114178231494 0.0036065055035484628 
5.0  3.726029180058637 0.0035818561441514074 
