#mmax= 10
#m-states: all states (FBR)
#Nr. of sites: 31
 
0.0  -1.9255049772488987e-30 
0.1  0.025776729668711064 
0.2  0.0565119318267474 
0.3  0.09890702416132212 
0.4  0.16553067100845173 
0.41  0.17449741052804482 
0.42  0.1840813526364869 
0.43  0.19435540395994497 
0.44  0.2054275275859364 
0.45  0.21739533823224225 
0.46  0.23039532958952144 
0.47  0.2445226104454908 
0.48  0.25980016788070437 
0.49  0.2760684447362033 
0.5  0.29287242351209447 
0.51  0.3095250967425064 
0.52  0.3252710431481703 
0.53  0.3397585861759049 
0.54  0.35280205541049775 
0.55  0.3645730351955665 
0.56  0.3752432100621066 
0.57  0.3850123462722167 
0.58  0.3940592056607412 
0.59  0.40245551441655425 
0.6  0.4103665926862483 
0.7  0.4709126699858112 
0.8  0.5125694738321831 
0.9  0.5442290497389048 
1.0  0.569661789220382 
1.1  0.590845614620918 
1.2  0.6089355188640703 
1.3  0.6246765612029884 
1.4  0.6385650203547727 
1.5  0.6509563899163119 
1.6  0.6621163431826723 
1.7  0.6722427674118369 
1.8  0.6814907935466877 
1.9  0.6899812250006598 
2.0  0.6978220015756099 
2.1  0.7050840946663505 
2.2  0.7118426624222691 
2.3  0.7181531324997097 
2.4  0.7240619776960883 
2.5  0.7296117606218419 
2.6  0.7348369459284906 
2.7  0.7397687846200989 
2.8  0.7444329651191214 
2.9  0.7488540612346472 
3.0  0.7530517203424765 
3.1  0.7570446484442778 
3.2  0.7608469915986853 
3.3  0.7644798092969793 
3.4  0.7679468072992754 
3.5  0.7712683736387985 
3.6  0.7744487891648025 
3.7  0.7774996901298754 
3.8  0.780429414687715 
3.9  0.7832460402922744 
4.0  0.7859536104967576 
4.1  0.7885647112842826 
4.2  0.7910821760226392 
4.3  0.7935113025516835 
4.4  0.795857560933935 
4.5  0.7981252980354684 
4.6  0.8003184316453105 
4.7  0.8024417660643656 
4.8  0.8044985027787916 
4.9  0.8064922357976393 
5.0  0.8084258472623439 
