#mmax= 10
#m-states: all states (FBR)
#Nr. of sites: 31
 
0.0 2.842170943040401e-14
0.1 -0.18797310815962792
0.2 -0.7579507657967117
0.3 -1.7313264146388023
0.4 -3.1588249194551157
0.41 -3.3303244189013825
0.42 -3.5077160400976313
0.43 -3.6912426839867436
0.44 -3.8811847339070917
0.45 -4.077866389133886
0.46 -4.28166213447818
0.47 -4.492992527403214
0.48 -4.712308044330385
0.49 -4.940021072527961
0.5 -5.176397655881204
0.51 -5.421431231593786
0.52 -5.674786655645491
0.53 -5.935874691559164
0.54 -6.203998935238829
0.55 -6.478484883135508
0.56 -6.758742559934991
0.57 -7.044279141170749
0.58 -7.334686770107247
0.59 -7.6296253218261025
0.6 -7.928807274152267
0.7 -11.11090363576499
0.8 -14.553737108641624
0.9 -18.18510980759337
1.0 -21.96337489280009
1.1 -25.861415424308575
1.2 -29.8601677838774
1.3 -33.94549538791625
1.4 -38.10649206141183
1.5 -42.33448883565487
1.6 -46.622435655750735
1.7 -50.9644798158936
1.8 -55.35569898788964
1.9 -59.79189109002938
2.0 -64.26943505643902
2.1 -68.78518010206272
2.2 -73.33636238592393
2.3 -77.92054041008728
2.4 -82.53554354825107
2.5 -87.17943041668381
2.6 -91.85045843024783
2.7 -96.54705726068218
2.8 -101.26779800370318
2.9 -106.01138311340705
3.0 -110.77662773892179
3.1 -115.56244615963948
3.2 -120.36783873237866
3.3 -125.19188985273007
3.4 -130.03374942096522
3.5 -134.89263028872145
3.6 -139.7678024161973
3.7 -144.6585859456263
3.8 -149.56434824126978
3.9 -154.48449740056134
4.0 -159.4184797792487
4.1 -164.36577666405742
4.2 -169.32590101790518
4.3 -174.2983940967544
4.4 -179.28282468981098
4.5 -184.27878581209305
4.6 -189.28589294478036
4.7 -194.30378306188035
4.8 -199.3321118443627
4.9 -204.37055332235406
5.0 -209.41879768238738
