#mmax= 10
#m-states: all states (FBR)
#Nr. of sites: 31
 
0.0  0.0 
0.1  0.022975136958411534 
0.2  0.07702569407473774 
0.3  0.16004906685628528 
0.4  0.29193410477058906 
0.41  0.31092133228097496 
0.42  0.3319728197830801 
0.43  0.3556194427935224 
0.44  0.38275961689962174 
0.45  0.41428250444704906 
0.46  0.4515321710495376 
0.47  0.4952968347732051 
0.48  0.5454728588679671 
0.49  0.5996211182450175 
0.5  0.6523654635898104 
0.51  0.6972653420660202 
0.52  0.7296439073104294 
0.53  0.7499464124876447 
0.54  0.7604336685903881 
0.55  0.7647578379682078 
0.56  0.7655068680853538 
0.57  0.7644483954086048 
0.58  0.7625871816158012 
0.59  0.7604312837664887 
0.6  0.7582652261918678 
0.7  0.7442756077667095 
0.8  0.7384803866030892 
0.9  0.7354671279047054 
1.0  0.7336167657501056 
1.1  0.7323847146258577 
1.2  0.7314733731882339 
1.3  0.730772670000354 
1.4  0.7302066090871028 
1.5  0.7297381354847984 
1.6  0.7293484958175144 
1.7  0.7290121124825327 
1.8  0.7287231220776615 
1.9  0.7284640327964342 
2.0  0.7282373067633958 
2.1  0.7280316395489332 
2.2  0.727846577487715 
2.3  0.7276799263401575 
2.4  0.7275264350465285 
2.5  0.7273832133396567 
2.6  0.7272510208222516 
2.7  0.7271313105971482 
2.8  0.7270196180255946 
2.9  0.7269162908576982 
3.0  0.7268183047073631 
3.1  0.7267264339796708 
3.2  0.7266396823783654 
3.3  0.7265584410432141 
3.4  0.7264822571481022 
3.5  0.7264097604704093 
3.6  0.7263411394696214 
3.7  0.7262756736277326 
3.8  0.7262139448760858 
3.9  0.7261551955818097 
4.0  0.7260994185082128 
4.1  0.7260459080124461 
4.2  0.7259947630338349 
4.3  0.7259451970561276 
4.4  0.7258984090434099 
4.5  0.7258534185478958 
4.6  0.7258103593385504 
4.7  0.7257689187047002 
4.8  0.725729064851375 
4.9  0.7256907348018479 
5.0  0.725653762150838 
