#mmax= 10
#m-states: all states (FBR)
#Nr. of sites: 31
 
0.0  -0.0 
0.1  0.0063454978604235174 
0.2  0.026701471059257513 
0.3  0.06678842256222281 
0.4  0.14969440112716526 
0.41  0.1634977479344745 
0.42  0.17932682150567117 
0.43  0.19776175622838052 
0.44  0.21973293997295407 
0.45  0.246404889311533 
0.46  0.27956854061905884 
0.47  0.32117234625761404 
0.48  0.37295286070951283 
0.49  0.4347915276902728 
0.5  0.5025587330981898 
0.51  0.5680887950925162 
0.52  0.6221179467613218 
0.53  0.6612021752193035 
0.54  0.6857248014763536 
0.55  0.6999116619365774 
0.56  0.7074219942338652 
0.57  0.7110908242304665 
0.58  0.7126774482753904 
0.59  0.7131178213648213 
0.6  0.7130305045747766 
0.7  0.7090579011969553 
0.8  0.707205320958995 
0.9  0.7062788343998779 
1.0  0.7056937199123378 
1.1  0.7053437878016675 
1.2  0.7050642740209669 
1.3  0.7048506554861037 
1.4  0.7046712652037409 
1.5  0.7045189709270717 
1.6  0.7044009776368999 
1.7  0.7042971180104429 
1.8  0.7042135455237807 
1.9  0.7041305343125099 
2.0  0.704065727000343 
2.1  0.7040021787365339 
2.2  0.7039464051821906 
2.3  0.7038988810618474 
2.4  0.7038532459207918 
2.5  0.703806909422013 
2.6  0.7037649552285078 
2.7  0.7037301937795885 
2.8  0.7036969969972835 
2.9  0.7036675246923635 
3.0  0.7036371249017297 
3.1  0.7036086062464944 
3.2  0.7035817437577366 
3.3  0.7035563564314161 
3.4  0.7035331631782717 
3.5  0.7035107331434555 
3.6  0.7034893665404058 
3.7  0.7034683545627584 
3.8  0.7034493399336779 
3.9  0.7034312694518672 
4.0  0.7034140640206709 
4.1  0.7033975238259379 
4.2  0.7033816971747645 
4.3  0.7033652429335838 
4.4  0.7033509182008807 
4.5  0.7033370023742377 
4.6  0.7033237497939177 
4.7  0.7033109887545496 
4.8  0.7032986856364161 
4.9  0.7032868695569165 
5.0  0.7032754811817682 
