0.0  -0.0  0.0
0.1  0.006491027179155728  0.0002551900988319502
0.2  0.027188952473355753  0.0005249550216051873
0.3  0.06739118607200152  0.0008371962960809937
0.4  0.14817817606650655  0.0012731018731798377
0.41  0.1653487482475955  0.0013446279969647297
0.42  0.17851622173199022  0.001406843647027652
0.43  0.19678655012131177  0.0014824023259975296
0.44  0.21853444711122716  0.001576479494787452
0.45  0.24528941172772512  0.0016878546536072247
0.46  0.2801300265876523  0.0018153138604178718
0.47  0.3218985364152391  0.0019775551554087156
0.48  0.37146773194832833  0.0021538498944151485
0.49  0.43549575396507  0.00237530323094392
0.5  0.49907498623703284  0.0025991504113506542
0.51  0.5694723893239625  0.0028426817617613564
0.52  0.618602715734881  0.0030155323023477857
0.53  0.6628125051727077  0.003149731263701794
0.54  0.6856218703723002  0.0032158733839068574
0.55  0.6973386725229322  0.003256383499303011
0.56  0.7074770195553041  0.003284300609228561
0.57  0.7106565452234912  0.003289609068443792
0.58  0.7141254330648131  0.003297640703442574
0.59  0.7098371553599303  0.0032781187993784094
0.6  0.7108641141298405  0.0032856399679731855
0.7  0.7113373687859482  0.003261547450972759
0.8  0.712990560575335  0.003268405781390517
0.9  0.7041325957382086  0.0032400602764915106
1.0  0.7008692426562547  0.0032315290190810452
1.1  0.704313582950977  0.003240507629443101
1.2  0.7057918309641857  0.003236495920055563
1.3  0.7026528326025894  0.0032284144588226676
1.4  0.7057249173858611  0.003237907789384432
1.5  0.7013042866866086  0.003226733414473173
1.6  0.7094061980332811  0.0032456219664357138
1.7  0.7038305656423718  0.0032343357152137264
1.8  0.7064556064943845  0.0032387341192693154
1.9  0.7000248544151465  0.003217080883338292
2.0  0.702388055408597  0.0032263214994437484
2.1  0.7041082587177415  0.003228723342964027
2.2  0.7070413106066481  0.0032401062197633594
2.3  0.7013657466183312  0.003225459113868172
2.4  0.7014266229870642  0.003224705222490616
2.5  0.7030841460447  0.0032273659431104086
2.6  0.7101457168455481  0.003247788521083096
2.7  0.7051960993863666  0.003233980563819981
2.8  0.7042468414550297  0.003230758740294762
2.9  0.6996497478556304  0.0032099054314642414
3.0  0.6992353759196388  0.0032151286396912915
3.1  0.7082490897482616  0.0032405530180098013
3.2  0.7136986251805623  0.0032583672921362395
3.3  0.7016285570636466  0.0032178671127704407
3.4  0.6976625648665888  0.00321280254399375
3.5  0.7067797647164914  0.0032386928652114455
3.6  0.6995362364210889  0.0032183123037286877
3.7  0.7097966396276345  0.0032453034604250173
3.8  0.7017088214013152  0.0032238558654078928
3.9  0.6998641479954762  0.0032138711730724887
4.0  0.6986158158333513  0.0032132877891830366
4.1  0.7027643433580627  0.003222898870915009
4.2  0.7014788159370584  0.0032199577373071076
4.3  0.7047635685380043  0.0032291777885088686
4.4  0.7068832714330495  0.0032388289978668608
4.5  0.7003953618930391  0.0032150098460586806
4.6  0.7016978086880098  0.003223828456697735
4.7  0.7085415381672776  0.003243007326230639
4.8  0.7073639036657972  0.003242627336711382
4.9  0.7069696891734603  0.0032414025961319754
5.0  0.707314621355795  0.003236827544879638
0.0  -0.0  0.0
0.1  0.006973161302484914  0.0002645094125554043
0.2  0.0269996675270645  0.0005230353086905585
0.3  0.06665824180394837  0.0008355811514127654
0.4  0.1490685321475771  0.0012723491630603544
0.41  0.16311085040292403  0.001339774717753752
0.42  0.18064035057130892  0.0014180235029629242
0.43  0.19729186873226856  0.001483534354936354
0.44  0.21987205245897418  0.0015908321643343297
0.45  0.24741943533172886  0.0016890550872582684
0.46  0.2783246727356483  0.0018112375068313304
0.47  0.32190753133656996  0.0019749880754709433
0.48  0.3741733300586284  0.0021609882835982815
0.49  0.42801175051534196  0.0023647949588977398
0.5  0.507165318724908  0.002626772599031804
0.51  0.5642701619985492  0.002820029559051615
0.52  0.6211061589874148  0.00300724489097949
0.53  0.6635662344086475  0.0031478953628489934
0.54  0.6849399702171552  0.0032239092004280093
0.55  0.7020955341677853  0.0032725788340347717
0.56  0.7029350411568493  0.0032757519791195427
0.57  0.7149278991355676  0.003307798281478103
0.58  0.7072236377839788  0.0032861580669770285
0.59  0.7146371505907669  0.003305289416598219
0.6  0.7064646216543684  0.0032700490555695153
0.7  0.705499430227026  0.0032510791310332797
0.8  0.7064971332159254  0.003254101977141687
0.9  0.7060666168193842  0.0032489092739190696
1.0  0.7141821385259801  0.0032680439839031373
1.1  0.7076481181523461  0.0032435946734142647
1.2  0.706854969840616  0.0032406934799436562
1.3  0.7044541922265692  0.003232494588463309
1.4  0.703139080070065  0.0032295807988705063
1.5  0.7015157457700782  0.0032253591412626415
1.6  0.7051779231823476  0.003235601566195733
1.7  0.7031310132000047  0.003228978776185747
1.8  0.7106802562295735  0.0032519926769864664
1.9  0.7015813489868717  0.0032236363565741385
2.0  0.7059056029294876  0.0032364079509861737
2.1  0.7063329309117135  0.003238214604001459
2.2  0.6988761358256559  0.0032099705895891574
2.3  0.701562571572491  0.0032247033597871005
2.4  0.7062116519452704  0.0032328653590481047
2.5  0.7005457596784253  0.003223906432412846
2.6  0.7025371368290756  0.0032225933131391857
2.7  0.7068532561516448  0.003239171430974802
2.8  0.7024022796897318  0.0032254668336486126
2.9  0.7031883263271287  0.003227439311311513
3.0  0.6998230793166972  0.0032176466722833507
3.1  0.7092178681066944  0.003245945810978494
3.2  0.7023118369546288  0.003226970029227694
3.3  0.7042341607687399  0.0032312436764600624
3.4  0.6995477950177829  0.0032130378134109195
3.5  0.7086128425860868  0.0032440908396143275
3.6  0.6984571503778663  0.0032120454956489166
3.7  0.701305002010429  0.00322148230329699
3.8  0.7008411930117802  0.0032203762852566825
3.9  0.7069346290892627  0.003235297427317461
4.0  0.7032117719523465  0.0032268677003293427
4.1  0.6999806532147707  0.003220984371928343
4.2  0.7061932094257114  0.003236298462882677
4.3  0.706116343475317  0.0032401989249315026
4.4  0.7013515529465467  0.003221800733877766
4.5  0.7046416116341447  0.003229759200562937
4.6  0.7046467435701685  0.00323276005889968
4.7  0.6989144085191823  0.0032149024151545105
4.8  0.7086396454044923  0.0032429527365495235
4.9  0.7024305294067708  0.0032257159023069714
5.0  0.6972290155843885  0.003209779832731467
