#mmax= 10
#m-states: all states (FBR)
#Nr. of sites: 31

0.0  0.0 0.0 0.0 NaN NaN 0.0 
0.1  0.00062 0.0018390296289890933 0.3382029976299762 0.046018708712986967 11.89903803778796 0.0 
0.2  -0.00072 0.0036718564298317017 1.348252964129641 -0.01255056910625493 2.7288961303227275 0.0 
0.3  -0.01242 0.005538805306168668 3.0678364219642194 -0.0077143609564414035 1.209491281229802 0.0 
0.4  -0.00488 0.007444804638616187 5.542511610716109 -0.005687975894040136 0.537802470995226 0.0 
0.41  0.02078 0.007668315978537887 5.880306994669948 0.021289940920076435 0.5283062989212 0.0 
0.42  -0.00254 0.007886403327092418 6.219535743757436 0.017038108481935 0.45739927223842836 0.0 
0.43  -0.016 0.008109038017235807 6.5756497564975644 0.008973714411795203 0.43768295302658533 0.0 
0.44  0.0024 0.00828834298073467 6.869662936629365 -0.007732294886660034 0.3891478790624605 0.0 
0.45  -0.00618 0.008538380825160657 7.290394711547118 -0.00543566088350838 0.3569877603718705 0.0 
0.46  0.0029 0.008782316732552517 7.712908719087193 -0.011935615786226794 0.2969064522235225 0.0 
0.47  -0.00898 0.009018980375633942 8.134200701607014 -0.00613074836359061 0.28904074548246284 0.0 
0.48  0.00778 0.009251845798677518 8.559665068250684 -0.015494467317157059 0.2703777480023106 0.0 
0.49  0.0044 0.00949007413116832 9.006150701507016 -0.001562868686181105 0.2522112241628638 0.0 
0.5  -0.0059 0.00973740212120259 9.48170000700007 -0.000912981803732635 0.24765419783334242 0.0 
0.51  -0.00248 0.010017232249749401 10.034494194541944 0.0003000027417014457 0.18811561583388414 0.0 
0.52  0.01672 0.010219346787661511 10.443504876648765 -0.004423389055259793 0.19567619604608533 0.0 
0.53  -0.00252 0.01052822135645187 11.084344493044926 0.009892948629654674 0.14651958588462666 0.0 
0.54  0.00896 0.01068005326856464 11.406353781937822 -0.010230932520534903 0.12561405060012643 0.0 
0.55  0.0071 0.010852625198298197 11.777947369473695 0.01856727173678078 0.13192729479443832 0.0 
0.56  -0.01002 0.01103234395412558 12.171261312213124 0.0012290022281184496 0.10963096161460495 0.0 
0.57  0.01088 0.01109317118052671 12.30584468404684 0.003901511807711669 0.07474554196538241 0.0 
0.58  0.00212 0.011231046986820252 12.613641642016423 -0.006155291897915475 0.07927653430206272 0.0 
0.59  -0.00306 0.011349572436525747 12.8812794491945 0.0019400242209190203 0.0744239884033071 0.0 
0.6  -0.00482 0.011579149728848158 13.407670844308438 0.00634286519238755 0.08003518443100077 0.0 
0.7  -0.00584 0.012577998290841434 15.820604100441003 0.003392801340744332 0.05696313811539966 0.0 
0.8  -0.01158 0.013320151399302226 17.742643330033303 -0.008454802276921657 0.031860622599706456 0.0 
0.9  -0.00242 0.013942449044369986 19.439188535485354 0.004815621168129022 0.06228732718112129 0.0 
1.0  0.00292 0.014472325632671902 20.94482092180922 -0.011242298006097853 0.0065123253272405535 0.0 
1.1  0.00766 0.014898900396214821 22.197723301633015 0.002070541512982266 0.03841420503369797 0.0 
1.2  0.01234 0.015440973462855726 23.842366148061476 -0.00032982596310210496 0.014849841306174394 0.0 
1.3  0.01679 0.015866908915947855 25.17587985469855 0.00773553342138986 0.04247067148812489 0.0 
1.4  0.00768 0.016200093660418944 26.244303460634605 -0.011846762620461847 0.017110475454472862 0.0 
1.5  0.004 0.016558073006778806 27.4169781697817 0.011638898095801707 0.0005431862652769404 0.0 
1.6  -0.03019 0.016821278643228993 28.29554151931519 -0.005580565848285934 0.032017108404839956 0.0 
1.7  -0.00184 0.017159571983388938 29.445091065310656 0.003762101271221394 0.021833182506794113 0.0 
1.8  -0.00509 0.017449403592554598 30.448168573585736 0.0035401991344826346 -0.007477966384293211 0.0 
1.9  0.0188 0.017751608850923004 31.5119616796168 0.00815696373882675 0.004384142149849168 0.0 
2.0  -0.04506 0.017949437812566103 32.21823177871779 -0.004959063979836993 0.018573766815512815 0.0 
2.1  -0.00665 0.018270757947632055 33.382059598095985 -0.0006076874692474917 0.023398600390555746 0.0 
2.2  0.00433 0.018533017758543057 34.347274723847235 -0.019433301436693855 0.012116231384287524 0.0 
2.3  -0.00615 0.0188211972028785 35.42374641496415 -0.0010253132000588867 0.014996463762831258 0.0 
2.4  -0.01723 0.01894916151121785 35.90707219782198 0.005127571028503059 -0.0012613860779322472 0.0 
2.5  0.02116 0.019172412429268874 36.75813983579836 -0.00955781127783356 0.004356823796443532 0.0 
2.6  -0.01646 0.019420114883610264 37.71408620926209 -0.006221840942703267 0.03420472876052738 0.0 
2.7  0.008 0.019664201657028136 38.66808268082681 -0.006652999909075939 0.031244201750662892 0.0 
2.8  0.00922 0.019797501593046867 39.19410693266932 -0.0008405975834099352 0.023221712946374762 0.0 
2.9  -0.00387 0.02004316261258874 40.17283675146751 0.004029505483242143 -0.0009492262736978674 0.0 
3.0  -0.00966 0.020245502356021114 40.98803656476565 -0.013927319732995349 0.008626557368508703 0.0 
3.1  -0.00031 0.020409033890060626 41.65286643256432 -0.006457689986355634 0.021267254056799967 0.0 
3.2  -0.02156 0.02056207138524221 42.27987796517965 0.014833261744970317 -0.012312988805646796 0.0 
3.3  -0.02349 0.020779655919673005 43.17941001400013 0.011740740741539628 -0.0054119983619353995 0.0 
3.4  0.0149 0.020955633402159734 43.91385712857128 0.001144277335889461 -0.008442853673429784 4.998355786e-315 
3.5  0.01504 0.021283041785954294 45.29678676626766 0.0013438022401126295 0.03507813112466529 6.2088968070371e-310 
3.6  -0.01393 0.021230898875499137 45.075106706167055 -0.007890396884668938 -0.0013860075088785173 0.0 
3.7  -0.00674 0.021411822210762536 45.846613038530386 0.017371018239231834 0.027646628018807906 8.970228435e-315 
3.8  0.02131 0.02157348866069486 46.541541299312975 0.005607825704451362 -0.0002758385694621168 1.6673161144977726e-304 
3.9  -0.00068 0.02175771884548777 47.33983293592936 -0.002576718321315957 -0.0027994183639847847 3.9597468746077244e-303 
4.0  -0.02127 0.021950835844289453 48.18391942629427 -0.007694912672642621 0.016595172604806585 2.551726404923e-311 
4.1  0.02866 0.022061882360998424 48.67266533105334 -0.0011048811315031762 0.0033949047268131416 3.0133734698620314e-290 
4.2  -0.02627 0.02225022583248305 49.5072549596496 0.0019642483253909586 0.0030268364716796725 3.759211292105726e-284 
4.3  0.00717 0.02241616851197161 50.248461075710765 -0.002545025105836887 0.026813618542700368 6.711353613597444e-282 
4.4  0.01684 0.02253361581687275 50.776384178241784 -0.013122968097496001 -0.016054459942385524 9.329471572241828e-280 
4.5  0.0142 0.022703601875812156 51.54535381353813 -0.0031185159721016514 0.00416770974068692 9.251122770760247e-283 
4.6  0.01694 0.022903178292974082 52.455557591975925 -0.0036065635816559427 0.00017503493196713293 7.500987168257513e-267 
4.7  0.0064 0.022841313614940725 52.17256076560765 -0.0012820924592995369 0.01294239082790094 4.106780328067254e-276 
4.8  -0.0011 0.023104941598784942 53.38383262832629 -0.013458382846401678 0.0034022198324294983 1.6257073971935368e-260 
4.9  0.02657 0.02315241673551612 53.60344006950069 0.011029691041873185 4.40174296740814e-5 1.384859340397547e-262 
5.0  -0.0418 0.023240958005669436 54.014212902129024 -0.0026160099751691744 -0.005606104410712742 3.82640799544573e-262 
