#mmax= 10
#m-states: all states (FBR)
#Nr. of sites: 31
 
0.0  1.8845392273504535e-58 
0.1  0.0024810250521398822 
0.2  0.009691488018838344 
0.3  0.02090213781974389 
0.4  0.03467413751688272 
0.41  0.036100737276961815 
0.42  0.03752135873866826 
0.43  0.03893077559896771 
0.44  0.04032281103810672 
0.45  0.04169022452383604 
0.46  0.04302454896403404 
0.47  0.044315200709926846 
0.48  0.04555118227422629 
0.49  0.046721762063261084 
0.5  0.047821753282698935 
0.51  0.04885429493734202 
0.52  0.0498319730167175 
0.53  0.05076877421821503 
0.54  0.051677881431203776 
0.55  0.05256565751811951 
0.56  0.05343585270432894 
0.57  0.05428953343820039 
0.58  0.05512694248639671 
0.59  0.055949004097938834 
0.6  0.05675510008149389 
0.7  0.0640753940155979 
0.8  0.07038473632878782 
0.9  0.0760166530269727 
1.0  0.0811658301678738 
1.1  0.08595171045848442 
1.2  0.09045220125772206 
1.3  0.09472066207145231 
1.4  0.09879506323148876 
1.5  0.10270373792888572 
1.6  0.10646775625653308 
1.7  0.11010408560591574 
1.8  0.1136269842358574 
1.9  0.11704721974898492 
2.0  0.12037158688866025 
2.1  0.12361215304372314 
2.2  0.12677199865689454 
2.3  0.12985819302115528 
2.4  0.13287594941318184 
2.5  0.13582937181344806 
2.6  0.1387225379318095 
2.7  0.14155983868814875 
2.8  0.14434416240594963 
2.9  0.14707805782512456 
3.0  0.14976461911844033 
3.1  0.15240608573782286 
3.2  0.1550046547335511 
3.3  0.15756144939616665 
3.4  0.16008068161394784 
3.5  0.16256096377135937 
3.6  0.16500669253959044 
3.7  0.16741823598634492 
3.8  0.16979721025104444 
3.9  0.17214456830416572 
4.0  0.17446589071483162 
4.1  0.17675403784698998 
4.2  0.17901409617769382 
4.3  0.18124748450100786 
4.4  0.1834542554231408 
4.5  0.18563593139180115 
4.6  0.18779459548757138 
4.7  0.18992893463477986 
4.8  0.1920397409780456 
4.9  0.19412890361855623 
5.0  0.1961978157795162 
