#mmax= 10
#m-states: all states (FBR)
#Nr. of sites: 31
 
0.0  2.0214622600609266e-8 
0.1  7.285127306817981e-9 
0.2  9.055832623282126e-9 
0.3  4.952979116250614e-8 
0.4  2.4598957856955583e-6 
0.41  1.0775530581499268e-5 
0.42  1.1520193946153255e-5 
0.43  0.00012796500127647758 
0.44  2.607274229574765e-6 
0.45  0.00013529717604085585 
0.46  4.593657187494884e-5 
0.47  0.0004928119137264692 
0.48  0.00041616033799235015 
0.49  0.0013837845227744423 
0.5  0.0009651252488317299 
0.51  2.3846235602715876e-5 
0.52  -0.002580009371440783 
0.53  -0.0019472920789674537 
0.54  0.0008447341899883296 
0.55  0.0007534423482432432 
0.56  0.0012471640345791078 
0.57  0.0015121577897863826 
0.58  0.0021005522458235164 
0.59  0.00037061348900837047 
0.6  0.0010553251905541512 
0.7  0.005642581754867531 
0.8  -0.05547630806027271 
0.9  -0.06394351212904692 
1.0  0.1495602243986361 
1.1  0.09502916997786036 
1.2  0.11664033677486312 
1.3  0.1268340741850144 
1.4  0.15202788998251338 
1.5  0.17830113720446364 
1.6  0.17960321019320433 
1.7  0.18482204154301643 
1.8  0.1764850944498001 
1.9  0.18687514748678927 
2.0  0.17817767075640148 
2.1  0.18099351324915408 
2.2  0.18019253364432997 
2.3  0.17291217250552662 
2.4  0.1704511493576734 
2.5  0.17736387153246166 
2.6  0.18174274677269392 
2.7  0.1778121462015903 
2.8  0.1758946446429234 
2.9  0.17088938696090647 
3.0  0.17233155211126588 
3.1  0.17369048703196102 
3.2  0.17481258025722526 
3.3  0.17648008318251143 
3.4  0.1764037462820289 
3.5  0.17721947167521318 
3.6  0.178327170723188 
3.7  0.18094913444057528 
3.8  0.1814023311626774 
3.9  0.18175241463452319 
4.0  0.1822308048906181 
4.1  0.1827304555222933 
4.2  0.18323514861472998 
4.3  0.186516932196639 
4.4  0.18659027642965495 
4.5  0.1869852286866875 
4.6  0.1872162918345912 
4.7  0.18744207956557293 
4.8  0.1877222212720776 
4.9  0.18794859354264568 
5.0  0.18813473290769045 
