#mmax= 10
#m-states: all states (FBR)
#Nr. of sites: 31

0.0  -0.0  0.0
0.1  -0.0  1.3442479611469347e-19
0.2  -0.0  2.2656552902229748e-19
0.3  -0.0  2.3040653638211078e-19
0.4  1.0000050000287824e-5  1.000010000100001e-5
0.41  0.00010000500033334732  3.1624515982084405e-5
0.42  9.00040502430509e-5  3.0001500099007354e-5
0.43  6.000180007195222e-5  2.4495754786904502e-5
0.44  9.00040502430509e-5  3.0001500099007354e-5
0.45  0.00023002645405631884  4.79640712118901e-5
0.46  0.00030004500900199243  5.4780747342326554e-5
0.47  0.0004200882247037578  6.482134493559122e-5
0.48  0.0004501012803852057  6.709747336800075e-5
0.49  0.0007402739351496404  8.60555292284115e-5
0.5  0.0008803874273073547  9.385008736869257e-5
0.51  0.0009904903736733858  9.954852993240837e-5
0.52  0.001160673320751797  0.0001077663572872584
0.53  0.0015612180669544583  0.00012499812106099554
0.54  0.0015111411989516307  0.00012297555330814455
0.55  0.0020721454111787226  0.00014402480797719419
0.56  0.0023527655835971603  0.00015347830674188067
0.57  0.0027738435493954235  0.00016666499303062495
0.58  0.0030646913728449984  0.00017519768933386263
0.59  0.003285390991529211  0.0001814063590931469
0.6  0.003997981287298373  0.00020015054174054195
0.7  0.007256263114776385  0.0002698652703236043
0.8  0.011738628904278346  0.00034362646969907155
0.9  0.01612938192511386  0.00040324093536226526
1.0  0.020090468657711892  0.00045048688464850636
1.1  0.024743613805401046  0.0005005250045315151
1.2  0.02933612687942138  0.0005456277802676673
1.3  0.03397051901282981  0.0005878303460105697
1.4  0.038127709350335805  0.0006234122575242659
1.5  0.043137169633023095  0.0006639392976441656
1.6  0.04746903343964693  0.0006972389175389838
1.7  0.051503824466518876  0.0007270056537915505
1.8  0.05574528988696874  0.0007571585367399477
1.9  0.060344653875805884  0.0007886899907735756
2.0  0.06330193687532637  0.000808387873025875
2.1  0.06810753727009626  0.0008395302904367272
2.2  0.07112011588897589  0.0008585505637264785
2.3  0.07578011902522222  0.0008872774253906217
2.4  0.08015852293635133  0.0009135623398764338
2.5  0.08300122539370693  0.0009302901831901918
2.6  0.08614626594290264  0.0009485072884221822
2.7  0.09153427082817693  0.0009790568904130478
2.8  0.09417877160950454  0.0009937660144443204
2.9  0.09873799503242467  0.0010187151007802712
3.0  0.10214341643174427  0.0010370309163597847
3.1  0.10546046341672125  0.0010546241906614308
3.2  0.10801954706611469  0.0010680383881240807
3.3  0.11426655248585096  0.0011002359819209874
3.4  0.11435633763316425  0.0011006938219789895
3.5  0.12062070413961651  0.0011322458886598313
3.6  0.12127529273322789  0.001135503640926514
3.7  0.1238638516809576  0.001148315830792795
3.8  0.1272423629666757  0.001164874596169663
3.9  0.1296530923095882  0.0011765824913966957
4.0  0.13428582597092847  0.0011988367622972685
4.1  0.13663316085788973  0.0012099949636925273
4.2  0.13990483990806046  0.0012254168848901245
4.3  0.14452862258651059  0.0012469808907668261
4.4  0.14534933746850418  0.0012507791078228037
4.5  0.14775758977750508  0.0012618762738114484
4.6  0.15336059216243805  0.0012874255600224727
4.7  0.1538272030566373  0.0012895377963085327
4.8  0.15619753066031516  0.001300225024338066
4.9  0.16005109080576793  0.0013174680829416041
5.0  0.16155252284307986  0.0013241365232444337
