#mmax= 10
#m-states: all states (FBR)
#Nr. of sites: 31

0.0  1.0  0.0
0.1  1.0  1.3442479611469347e-19
0.2  1.0  2.2656552902229748e-19
0.3  1.0  2.3040653638211078e-19
0.4  0.99999  1.0e-5
0.41  0.9999  3.16213535304862e-5
0.42  0.99991  2.999879996399844e-5
0.43  0.99994  2.449428504161729e-5
0.44  0.99991  2.999879996399844e-5
0.45  0.99977  4.795303947551137e-5
0.46  0.9997  5.4764313118123856e-5
0.47  0.99958  6.479411997071827e-5
0.48  0.99955  6.706727950498516e-5
0.49  0.99926  8.599184813678248e-5
0.5  0.99912  9.376749929180812e-5
0.51  0.99901  9.944997688777528e-5
0.52  0.99884  0.00010764134831280517
0.53  0.99844  0.00012480312399214038
0.54  0.99849  0.00012278986022264924
0.55  0.99793  0.00014372667662468139
0.56  0.99765  0.00015311763272103727
0.57  0.99723  0.00016620333099993012
0.58  0.99694  0.000174661584404501
0.59  0.99672  0.00018081134623532138
0.6  0.99601  0.00019935194107899718
0.7  0.9927700000000017  0.0002679141444191651
0.8  0.9883300000010987  0.00033961634879806096
0.9  0.9840000000046935  0.0003967890803983616
1.0  0.9801100000596256  0.0004415267005397081
1.1  0.9755600000834247  0.000488292173462521
1.2  0.9710900001515745  0.0005298536812228323
1.3  0.9666000005396755  0.0005681968127710543
1.4  0.9625900012973934  0.000600090405779094
1.5  0.9577800027245693  0.0006359077823065776
1.6  0.9536400036261224  0.0006649149238501502
1.7  0.9498000174768869  0.0006905099826770103
1.8  0.9457800049451642  0.000716105404622181
1.9  0.9414400067155864  0.0007425043102103907
2.0  0.9386600148260746  0.0007588013728796868
2.1  0.9341600111581502  0.0007842556254819781
2.2  0.9313500154735884  0.0007996110808115138
2.3  0.9270200182166521  0.0008225239350488384
2.4  0.9229700228709358  0.0008431906537297777
2.5  0.9203500194283117  0.0008561925881730607
2.6  0.9174600282496208  0.0008702175236307865
2.7  0.9125300424558352  0.0008934188257752967
2.8  0.9101200440713848  0.0009044463688627093
2.9  0.9059800482031911  0.0009229355561102288
3.0  0.902900051679252  0.0009363352679742317
3.1  0.8999100515121443  0.0009490669097440816
3.2  0.8976100506159462  0.0009586819916238298
3.3  0.8920201540009969  0.0009814326700305972
3.4  0.8919400674354093  0.0009817529218016782
3.5  0.88637009234876  0.0010035888928929184
3.6  0.88579007445385  0.0010058178546389148
3.7  0.8835001197508601  0.0010145371740172427
3.8  0.8805202412363887  0.0010256956604294527
3.9  0.878400101821747  0.0010335101802445422
4.0  0.8743401197710182  0.0010481910783328935
4.1  0.8722901576199179  0.0010554666975986615
4.2  0.8694409675447516  0.0010654276420445454
4.3  0.8654301411995152  0.0010791748483694316
4.4  0.8647201611887393  0.0010815739117280424
4.5  0.86264020240195  0.0010885452042469265
4.6  0.8578203427425395  0.0011043798351539832
4.7  0.8574201677956057  0.0011056757136896377
4.8  0.8553902078893658  0.001112199753871494
4.9  0.8521002533655468  0.0011226148872755621
5.0  0.8508218427096599  0.0011266042767059915
