#mmax= 10
#m-states: all states (FBR)
#Nr. of sites: 31
 
0.0  -5.776514931746696e-29 
0.1  1.5141128170162745 
0.2  3.119813106550999 
0.3  4.949485193401103 
0.4  7.276076831669904 
0.41  7.558465398167852 
0.42  7.854606394117599 
0.43  8.166253075775414 
0.44  8.496015459786978 
0.45  8.846226596553844 
0.46  9.220177739840953 
0.47  9.62005608715401 
0.48  10.046204394303698 
0.49  10.49434093181502 
0.5  10.952815524069972 
0.51  11.404322240092371 
0.52  11.830086821605853 
0.53  12.22168148433172 
0.54  12.574872495540204 
0.55  12.894332907542006 
0.56  13.184644223216216 
0.57  13.451014059983715 
0.58  13.698074122790352 
0.59  13.927741379484488 
0.6  14.14425641272717 
0.7  15.804085957715643 
0.8  16.944861978301127 
0.9  17.809732262350984 
1.0  18.502775157480908 
1.1  19.078726864960796 
1.2  19.569593077372275 
1.3  19.99597537438743 
1.4  20.371613863191175 
1.5  20.706329829621136 
1.6  21.007426185845127 
1.7  21.28035950691977 
1.8  21.529396551836793 
1.9  21.757857701169566 
2.0  21.968646897401484 
2.1  22.163782375296066 
2.2  22.345258310748978 
2.3  22.51460289236631 
2.4  22.6730899778755 
2.5  22.82187021527857 
2.6  22.961884794137696 
2.7  23.093984572753453 
2.8  23.218869376873467 
2.9  23.337199006909998 
3.0  23.44951222938985 
3.1  23.556312916345234 
3.2  23.657993055247903 
3.3  23.755089401985714 
3.4  23.84775166370869 
3.5  23.936480922079287 
3.6  24.021430360393012 
3.7  24.10290047389049 
3.8  24.181118202736677 
3.9  24.256298914251055 
4.0  24.328581861608537 
4.1  24.39824782412425 
4.2  24.465402566022004 
4.3  24.530190868472154 
4.4  24.592754995715506 
4.5  24.653215516994052 
4.6  24.711683517258347 
4.7  24.768277729806968 
4.8  24.823086099715226 
4.9  24.876208843333345 
5.0  24.92772651616057 
