#mmax= 10
#m-states: all states (FBR)
#Nr. of sites: 31
 
0.0  -1.1690223033415175e-61 
0.1  -0.7408109269549427 
0.2  -1.4244551517485768 
0.3  -1.98227446856144 
0.4  -2.3101567014163527 
0.41  -2.3235430823265073 
0.42  -2.3321658150229934 
0.43  -2.335590956977065 
0.44  -2.333189632208886 
0.45  -2.324366449586577 
0.46  -2.3083178521553096 
0.47  -2.2843777737892865 
0.48  -2.252199357882567 
0.49  -2.2122875897289194 
0.5  -2.1666428187071394 
0.51  -2.11856933781718 
0.52  -2.071955527160745 
0.53  -2.0289238990545746 
0.54  -1.9908108332252714 
0.55  -1.9571418516750116 
0.56  -1.9273479213530178 
0.57  -1.9006436718172142 
0.58  -1.876297952968117 
0.59  -1.8540759469878598 
0.6  -1.8332586321397202 
0.7  -1.676705858141306 
0.8  -1.5677777633356331 
0.9  -1.482860770183838 
1.0  -1.4129214808694472 
1.1  -1.3533584263332545 
1.2  -1.301527511450166 
1.3  -1.255678538297778 
1.4  -1.2146632525479928 
1.5  -1.1776381321317788 
1.6  -1.1439358903649577 
1.7  -1.113076484564662 
1.8  -1.0846727454361627 
1.9  -1.0584209511497689 
2.0  -1.0339868501331841 
2.1  -1.011259535305553 
2.2  -0.9899784380809022 
2.3  -0.9700089173750187 
2.4  -0.9512306469928499 
2.5  -0.9335173966233121 
2.6  -0.9167764162829798 
2.7  -0.9009210341504853 
2.8  -0.885880423299828 
2.9  -0.871577169870583 
3.0  -0.8579606191155538 
3.1  -0.8449734630169029 
3.2  -0.8325833072873436 
3.3  -0.8206951230763337 
3.4  -0.8093474447304246 
3.5  -0.7984297129153317 
3.6  -0.7879666854489343 
3.7  -0.7779097699942288 
3.8  -0.7682357621052286 
3.9  -0.7589177054828228 
4.0  -0.7499735467058093 
4.1  -0.7413064855957727 
4.2  -0.7329372853428286 
4.3  -0.7248517919216518 
4.4  -0.7170281676974558 
4.5  -0.7094565759300021 
4.6  -0.7021305678990319 
4.7  -0.6950247478760024 
4.8  -0.6881310163514778 
4.9  -0.681441769404168 
5.0  -0.674951098290249 
