#mmax= 10
#m-states: all states (FBR)
#Nr. of sites: 49
 
0.0  24.499999999999968 0.01020408163265285 
0.1  30.274512081493448 0.015050811125915109 
0.2  39.34482241637885 0.023172665021858996 
0.3  56.31393543565953 0.04003942065116162 
0.4  103.83501175615962 0.09753092803302532 
0.41  114.12252540573 0.11149304702571494 
0.42  126.76272518205518 0.1290815413347971 
0.43  142.8995418655241 0.1520861569049805 
0.44  164.09331420645128 0.18257519974473913 
0.45  193.01862428961275 0.22370506081912667 
0.46  233.25022368856824 0.2775723595665157 
0.47  291.020488135008 0.3458013469993174 
0.48  371.84907636029305 0.42309087218916064 
0.49  474.98106114680843 0.49710241136976985 
0.5  586.0902535325549 0.5544213625888192 
0.51  685.4143609906707 0.5912429534001247 
0.52  764.0634583765419 0.6125600207367943 
0.53  826.0145100703438 0.6252099956026951 
0.54  875.7808209575644 0.6330581487424284 
0.55  917.5772870842419 0.6383541519600866 
0.56  953.6629329738163 0.6421462123125947 
0.57  985.505883568122 0.6449976394785295 
0.58  1014.1200872300188 0.6472356111612647 
0.59  1040.030195247123 0.6490297208198277 
0.6  1063.8386454723552 0.6505155726484598 
0.7  1231.2111762858633 0.657707561950226 
0.8  1335.208117515641 0.6603277579361656 
0.9  1410.5363598485467 0.6617069810078988 
1.0  1469.4632849968532 0.6625703928642032 
1.1  1517.7335981488732 0.6631676018562359 
1.2  1558.5062652180645 0.663608448844889 
1.3  1593.692394926649 0.6639487691481798 
1.4  1624.5614523491656 0.6642203881651536 
1.5  1651.9758230531645 0.6644425465336052 
1.6  1676.5707872812416 0.6646278935983814 
1.7  1698.82400061402 0.6647850707055926 
1.8  1719.0887864232136 0.6649199843420728 
1.9  1737.664068222341 0.6650372058803956 
2.0  1754.775137418916 0.665139979851179 
2.1  1770.6064280952314 0.6652308091053998 
2.2  1785.317071436741 0.6653116901895613 
2.3  1799.0340122990442 0.6653841635517044 
2.4  1811.861093231164 0.6654494364325243 
2.5  1823.8990265824227 0.6655085768446098 
2.6  1835.219965697695 0.6655623610347123 
2.7  1845.8961453443135 0.6656115014530174 
2.8  1855.9867637860266 0.6656565679680617 
2.9  1865.5435371196766 0.6656980398641884 
3.0  1874.6115348378337 0.6657363254803113 
3.1  1883.230880382633 0.6657717717040185 
3.2  1891.4333294513747 0.6658046628662011 
3.3  1899.2629420880114 0.6658353163122555 
3.4  1906.7406891876808 0.6658639156910156 
3.5  1913.8973121083702 0.6658906882916031 
3.6  1920.7412770737324 0.6659157260856075 
3.7  1927.3069907449503 0.6659392570126731 
3.8  1933.6111973927382 0.6659614013121827 
3.9  1939.668658455559 0.6659822674276301 
4.0  1945.49631909575 0.6660019662344668 
4.1  1951.1073131795993 0.666020586724515 
4.2  1956.5152303770979 0.6660382173607289 
4.3  1961.7326356165222 0.6660549366360113 
4.4  1966.7711190044502 0.6660708149406882 
4.5  1971.6385526957915 0.6660859049293992 
4.6  1976.3462693728445 0.666100270033281 
4.7  1980.901381870221 0.6661139553296423 
4.8  1985.3131337722887 0.6661270122357864 
4.9  1989.5879382056578 0.6661394782949679 
5.0  1993.7340574509049 0.6661513980715128 
