#mmax= 10
#m-states: all states (FBR)
#Nr. of sites: 49
 
0.0  24.49999999999986 0.010204081632651074 
0.1  22.198956277691693 0.00830800103005247 
0.2  20.123846508179085 0.006638102330853934 
0.3  18.26834663800767 0.005219201910327098 
0.4  16.625759649057155 0.004150189149007666 
0.41  16.470774039723423 0.004070341983342107 
0.42  16.316793838581198 0.003996179315166826 
0.43  16.16349620505755 0.003927822742604392 
0.44  16.01074705814418 0.0038661313437562406 
0.45  15.858292943942152 0.0038193475923785636 
0.46  15.705368437679573 0.0037819523653024323 
0.47  15.55120143736968 0.0037569578214849964 
0.48  15.395374013714813 0.0037452131760181695 
0.49  15.239245978196736 0.0037561010849798127 
0.5  15.08690623567193 0.0037788514540636475 
0.51  14.942881023683709 0.0038022227381362406 
0.52  14.80887348914918 0.003821199923571661 
0.53  14.683276762096515 0.0038321209044870352 
0.54  14.564464762154701 0.0038377896374212073 
0.55  14.451182918769282 0.003840065578852858 
0.56  14.342579654769661 0.0038400459797014452 
0.57  14.238089163563204 0.0038383024415755695 
0.58  14.137266680807185 0.003835266717342911 
0.59  14.039832498071188 0.0038312273559949483 
0.6  13.945362542258973 0.0038265929939768073 
0.7  13.12893071459856 0.003761007945898842 
0.8  12.473514692784901 0.0036804729240144107 
0.9  11.923822106991949 0.0036012437065268132 
1.0  11.450460854490276 0.0035290693521360383 
1.1  11.035245786205182 0.0034579056330303892 
1.2  10.666126245433443 0.003388664819631626 
1.3  10.334589400098615 0.0033231607616213132 
1.4  10.034284290128754 0.003261445795610385 
1.5  9.760385889063379 0.003203852524108708 
1.6  9.509056288737199 0.003148989443317207 
1.7  9.277234032794281 0.003097206733066904 
1.8  9.062473842276633 0.0030481798528324555 
1.9  8.86271072359658 0.0030020531569976416 
2.0  8.6762262808809 0.0029582268429535485 
2.1  8.501592991077159 0.0029163414625181794 
2.2  8.33754735297967 0.002876400544919999 
2.3  8.183056681419025 0.0028382462484832782 
2.4  8.037237182129768 0.0028018043832631623 
2.5  7.8992559958077795 0.0027670036387889008 
2.6  7.768452492721551 0.0027336356971515707 
2.7  7.644188809329635 0.002701465262610836 
2.8  7.525935316157729 0.0026705044407961953 
2.9  7.413218261640927 0.0026407052892313265 
3.0  7.305616912229116 0.002611995716416793 
3.1  7.202752206549943 0.0025842898806017756 
3.2  7.104300409948916 0.0025577550528798065 
3.3  7.009898755431622 0.0025316506624412094 
3.4  6.919285958163214 0.002506765274853495 
3.5  6.832215852449476 0.0024826135573324803 
3.6  6.74850861425954 0.002458970641129654 
3.7  6.667891599691963 0.002436264720898307 
3.8  6.590189497403167 0.0024139621801679834 
3.9  6.515248330810294 0.0023928005046106593 
4.0  6.442889742399821 0.002372027556039491 
4.1  6.372966752098319 0.002351606837733944 
4.2  6.305338802330163 0.0023320255909508036 
4.3  6.239903329503273 0.0023129927805389805 
4.4  6.176529864372184 0.002294390647394229 
4.5  6.115105598051946 0.002276670948301862 
4.6  6.055541928837052 0.002258792523656128 
4.7  5.997731063918053 0.0022417558648909486 
4.8  5.94160344762127 0.0022249412927672907 
4.9  5.887066792699452 0.002208543551636022 
5.0  5.834056446796972 0.002192502666278351 
