#mmax= 10
#m-states: all states (FBR)
#Nr. of sites: 49
 
0.0  -4.59908444727208e-31 
0.1  0.025787128210522748 
0.2  0.056607286690462076 
0.3  0.09932010125043782 
0.4  0.1671102008275934 
0.41  0.17633288437901987 
0.42  0.18622044646486693 
0.43  0.19689196737576944 
0.44  0.2084751879525022 
0.45  0.22114824727673446 
0.46  0.2351471334942883 
0.47  0.25077835214875516 
0.48  0.26823479060609395 
0.49  0.2871553757155846 
0.5  0.30617068772858996 
0.51  0.32361870670108484 
0.52  0.33878726014194255 
0.53  0.35204774785633397 
0.54  0.3638163367411991 
0.55  0.3744954059085704 
0.56  0.3843112112658855 
0.57  0.39342033186507747 
0.58  0.40194269719504144 
0.59  0.4099428424890535 
0.6  0.41750478883542663 
0.7  0.47625187722625323 
0.8  0.5170015084031253 
0.9  0.5480913564822067 
1.0  0.5731375201390424 
1.1  0.5940373847122445 
1.2  0.6119140702361185 
1.3  0.6274817984738862 
1.4  0.6412313568471922 
1.5  0.6535069752306536 
1.6  0.664566238067913 
1.7  0.6746060218669645 
1.8  0.6837752880109784 
1.9  0.6921999948242067 
2.0  0.6999764043184143 
2.1  0.7071842872796815 
2.2  0.7138918889884839 
2.3  0.7201548441795924 
2.4  0.726019287484874 
2.5  0.7315284822794594 
2.6  0.736715113296151 
2.7  0.7416105893453451 
2.8  0.746241281293643 
2.9  0.7506303028660962 
3.0  0.7547978551113155 
3.1  0.758761903481325 
3.2  0.7625369728495198 
3.3  0.7661417780622547 
3.4  0.7695862150212203 
3.5  0.7728841568555903 
3.6  0.776040290773749 
3.7  0.7790690168682844 
3.8  0.7819781825186193 
3.9  0.7847747446281127 
4.0  0.7874661616820203 
4.1  0.7900583637767955 
4.2  0.792557441452263 
4.3  0.7949694324434758 
4.4  0.7972993831666665 
4.5  0.799550776395851 
4.6  0.8017290226791668 
4.7  0.8038370119070476 
4.8  0.8058792948167782 
4.9  0.8078585893030971 
5.0  0.8097788347761655 
