#mmax= 10
#m-states: all states (FBR)
#Nr. of sites: 49
 
0.0 1.5354254840203467e-27
0.1 -0.3007757491692128
0.2 -1.213046972129228
0.3 -2.7720431534005496
0.4 -5.062175743005
0.41 -5.33778863378274
0.42 -5.623032751453664
0.43 -5.918346582625625
0.44 -6.224250332202022
0.45 -6.541373634404704
0.46 -6.87048572101365
0.47 -7.212556140033172
0.48 -7.568731912940208
0.49 -7.94012756129084
0.5 -8.327208436074358
0.51 -8.72922449669477
0.52 -9.144551233805451
0.53 -9.571514909542872
0.54 -10.008776359563946
0.55 -10.455328429315102
0.56 -10.910393716998426
0.57 -11.37334752631756
0.58 -11.843662570510936
0.59 -12.320885998354687
0.6 -12.804622167188775
0.7 -17.93718566792463
0.8 -23.477205281969063
0.9 -29.313427916557583
1.0 -35.38118155477348
1.1 -41.63816003367444
1.2 -48.05451622516925
1.3 -54.60805211890517
1.4 -61.28160257533655
1.5 -68.061497265533
1.6 -74.93660074125319
1.7 -81.89765584583398
1.8 -88.93687013221707
1.9 -96.04758449966886
2.0 -103.22405697720102
2.1 -110.46128800492441
2.2 -117.75489003456397
2.3 -125.100985536438
2.4 -132.49612637090286
2.5 -139.9372256175258
2.6 -147.42151633359222
2.7 -154.94650019747124
2.8 -162.50990531087578
2.9 -170.10966844072294
3.0 -177.74390447284242
3.1 -185.41088657688823
3.2 -193.10902390575995
3.3 -200.83686083646063
3.4 -208.59304471072173
3.5 -216.376322363282
3.6 -224.18553207012187
3.7 -232.01959272191715
3.8 -239.87749680566128
3.9 -247.7583023649923
4.0 -255.66112860681756
4.1 -263.5851498242913
4.2 -271.52959083020403
4.3 -279.49372176679486
4.4 -287.4768561551261
4.5 -295.4783461514021
4.6 -303.49757995209757
4.7 -311.5339793443646
4.8 -319.58699644938633
4.9 -327.65611236847553
5.0 -335.74083411948993
