#mmax= 10
#m-states: all states (FBR)
#Nr. of sites: 49
 
0.0  0.0 
0.1  0.022975347119437887 
0.2  0.07702593013581618 
0.3  0.1600525610649737 
0.4  0.29198961936571594 
0.41  0.31103559306865225 
0.42  0.3321860275232568 
0.43  0.35624097816683314 
0.44  0.3843742626450031 
0.45  0.41858783397615906 
0.46  0.4618133744931892 
0.47  0.5188286498524324 
0.48  0.5918560772524099 
0.49  0.6725679817885011 
0.5  0.7389137551163137 
0.51  0.7752713674058526 
0.52  0.7868460596544467 
0.53  0.7866958769468761 
0.54  0.782392429011654 
0.55  0.7773165851125304 
0.56  0.7725341460969756 
0.57  0.7683478446511947 
0.58  0.7647361106098728 
0.59  0.7616322251279696 
0.6  0.7589337988884847 
0.7  0.7442678476904483 
0.8  0.738451207240817 
0.9  0.735436909074741 
1.0  0.7336345537803449 
1.1  0.7323757899200213 
1.2  0.7314022389423988 
1.3  0.7307348334709766 
1.4  0.7302228514263386 
1.5  0.7297566828146518 
1.6  0.7293726639849143 
1.7  0.7290306118805425 
1.8  0.7287349083963923 
1.9  0.7284756118734199 
2.0  0.7282474954359713 
2.1  0.7280378538837697 
2.2  0.7278558255679238 
2.3  0.7276825235645981 
2.4  0.7275313798693659 
2.5  0.7273883763369561 
2.6  0.7272575382852329 
2.7  0.7271386914002651 
2.8  0.7270265614274144 
2.9  0.7269230855260368 
3.0  0.7268258162943747 
3.1  0.7267341899172197 
3.2  0.7266476009524322 
3.3  0.7265679113297752 
3.4  0.7264916637711972 
3.5  0.7264210157077715 
3.6  0.7263526675099481 
3.7  0.7262880212097265 
3.8  0.7262263439179448 
3.9  0.7261676458209838 
4.0  0.7261117090904342 
4.1  0.726058384166998 
4.2  0.726007440038443 
4.3  0.725958621174976 
4.4  0.7259117910571898 
4.5  0.7258669915169518 
4.6  0.7258238369590868 
4.7  0.7257824793392389 
4.8  0.7257426819640769 
4.9  0.7257043831398217 
5.0  0.7256674616056737 
