0.0  -0.0  0.0
0.1  0.006440728167967451  0.00025419573955199205
0.2  0.028053261488707678  0.0005332482788811162
0.3  0.06740802434108557  0.0008347220132458396
0.4  0.14951113455819406  0.0012788666911200015
0.41  0.16415480019842216  0.0013419707305884127
0.42  0.17872280208571312  0.0014058550087555277
0.43  0.19870169717073408  0.0014924641059123984
0.44  0.22107576475994278  0.0015988252182504578
0.45  0.24552002451787278  0.0016848682423933495
0.46  0.2898860927534278  0.001855198757586432
0.47  0.3403053412948927  0.0020436552042922378
0.48  0.4172880882465114  0.002325924516037375
0.49  0.5123246499272518  0.002660808031503504
0.5  0.6082203763825323  0.0029977720154153015
0.51  0.6755051792071544  0.0032176433999645455
0.52  0.7075530230324477  0.0033088140957761524
0.53  0.7131284829338411  0.003336715395250151
0.54  0.7204222365111549  0.0033478855936969077
0.55  0.7196608863582936  0.0033339825543068032
0.56  0.7172823259846457  0.003318588520052666
0.57  0.71635414241759  0.0033129779072408744
0.58  0.71428521006158  0.0033060413033265817
0.59  0.7141939766671342  0.003303846526990255
0.6  0.7197694355286279  0.0033091262185061562
0.7  0.7139353243295423  0.0032731752681700007
0.8  0.7118956554321629  0.0032672928488874536
0.9  0.6998459506741008  0.0032200323035585085
1.0  0.7094663558071005  0.0032523370789558593
1.1  0.7082984520681282  0.003251272816589348
1.2  0.7043630491839493  0.0032337125095323817
1.3  0.7075609917295289  0.0032492171997736672
1.4  0.7077185087782536  0.0032491142685849178
1.5  0.7023009593467388  0.003236646074252912
1.6  0.7041209847998837  0.0032328587256629723
1.7  0.6967496892730126  0.0032106388718107226
1.8  0.7017353868955313  0.003221309371396455
1.9  0.7040600008059903  0.0032290379403627323
2.0  0.7013426744446896  0.0032266898091770457
2.1  0.7066303013510042  0.0032400486035221304
2.2  0.7032754280207406  0.0032251123226594335
2.3  0.7030565009735177  0.0032316181079143458
2.4  0.6996078946960298  0.003216597262329446
2.5  0.7006454685582697  0.0032162572450795414
2.6  0.701830798712572  0.0032213953368244535
2.7  0.702510703747021  0.0032246793303392987
2.8  0.7039590497510986  0.0032274221674205425
2.9  0.6994608090546997  0.0032161406916951948
3.0  0.7073844303172757  0.0032394292909731187
3.1  0.7023203760597697  0.003223374405066352
3.2  0.6983129695570547  0.00321667064022236
3.3  0.7080004592850653  0.0032428148156646457
3.4  0.7034353210666761  0.0032247596723219353
3.5  0.705635392361323  0.0032327050879187107
3.6  0.7045670307734059  0.0032291783990214787
3.7  0.7038997305570803  0.0032310384663624156
3.8  0.7062742182819551  0.0032342674042217232
3.9  0.7052666306518951  0.003234017367001874
4.0  0.7087531447764471  0.003240202929607577
4.1  0.6979384839491848  0.0032112868691527344
4.2  0.704958656133515  0.0032334955594359423
4.3  0.7026527994978321  0.003227277698178574
4.4  0.703603675863451  0.003227259316500542
4.5  0.7043745466598074  0.003229858660749899
4.6  0.702311531614897  0.003222523503310971
4.7  0.7017609804730556  0.003221856614038282
4.8  0.7037628257560807  0.0032265713566749735
4.9  0.7001577181999078  0.0032190311276561077
5.0  0.7017264173853186  0.003221463371095624
0.0  -0.0  0.0
0.1  0.006148859217464025  0.00024835197502761004
0.2  0.02685157186671854  0.0005215519662052356
0.3  0.06626499558998984  0.0008274390140267503
0.4  0.1491951731616734  0.0012771902535479438
0.41  0.1616126695450394  0.00133371853526293
0.42  0.17949459792256814  0.0014096507988472964
0.43  0.19834071201795006  0.0014916712394024572
0.44  0.22075165900363677  0.0015835624672295681
0.45  0.2503994043152624  0.001698811859143348
0.46  0.28674590641792397  0.0018471164738709535
0.47  0.3425649299388268  0.0020448301497390685
0.48  0.4153938821111311  0.0023164770161928317
0.49  0.5107643901278976  0.00264745974761003
0.5  0.6130658084501449  0.0030053644052599445
0.51  0.6714553718427807  0.0032166748216159733
0.52  0.7073874828552884  0.0033162434428461495
0.53  0.7161607562870245  0.0033435221061354687
0.54  0.7257547701539879  0.0033534721121217083
0.55  0.728551263816837  0.003366659938702636
0.56  0.7244507456070267  0.0033543610530696088
0.57  0.7162585508996968  0.003308934790262103
0.58  0.7227584771356415  0.003328157251614754
0.59  0.7150809756196455  0.0033025598903224916
0.6  0.7153900874641451  0.003293468896427991
0.7  0.70879510939904  0.003266292502676659
0.8  0.7057134941894253  0.0032450971042771743
0.9  0.7058229303345095  0.00324500080714795
1.0  0.7094845224378329  0.0032545616252350053
1.1  0.7070549981378894  0.003243890289779059
1.2  0.706893800816754  0.0032424573771040223
1.3  0.7021231999164053  0.0032288956091894284
1.4  0.7009266453460972  0.003223281693769291
1.5  0.702529805766402  0.003230464776559905
1.6  0.707422982990717  0.0032431560467785165
1.7  0.7068127298049383  0.003240178552637282
1.8  0.7000798946060283  0.003224079391258072
1.9  0.707772349939044  0.0032412062321367507
2.0  0.7092611758751257  0.0032488883657220326
2.1  0.7022532227849676  0.0032262401014047054
2.2  0.6976753933551609  0.003212779004727842
2.3  0.7043962896688706  0.0032323651366172436
2.4  0.7017140248318756  0.00322480752211773
2.5  0.7054947658094477  0.0032308684314891144
2.6  0.6978360806481394  0.0032080627250740236
2.7  0.7081535065222595  0.00324840881943972
2.8  0.7029929713418255  0.003227443547469062
2.9  0.7053859717971561  0.0032293088028643286
3.0  0.7073743491259153  0.0032428921602643485
3.1  0.7130117530995141  0.0032550356220686677
3.2  0.7078553000332802  0.003240035342407248
3.3  0.7040264145000269  0.003227766991269965
3.4  0.7074359790094457  0.003240128182710661
3.5  0.7065516628551817  0.0032389583152539515
3.6  0.7062287816681244  0.0032322906876812306
3.7  0.7046077304965241  0.003232003213688233
3.8  0.7056281814859764  0.0032337670387175953
3.9  0.6931126622062961  0.0031924355536162826
4.0  0.6979867317304003  0.003209177676142505
4.1  0.7007779684966732  0.003217840804778632
4.2  0.7018935094594373  0.0032218692072190623
4.3  0.7050505208997467  0.0032303068115624033
4.4  0.7019722411126007  0.003221943135777026
4.5  0.7022191804928226  0.0032265832178259134
4.6  0.7019356041711711  0.0032233212966271954
4.7  0.7051419264439083  0.003230418840217169
4.8  0.7004420428472777  0.003217561643783926
4.9  0.7041838696648587  0.0032330251045503064
5.0  0.7046374759074371  0.003230778617809991
