#mmax= 10
#m-states: all states (FBR)
#Nr. of sites: 49
 
0.0  -0.0 
0.1  0.006345567367106237 
0.2  0.026701568829962205 
0.3  0.06678980197182799 
0.4  0.14972423963797224 
0.41  0.16356579694632656 
0.42  0.17946232105711252 
0.43  0.19816549433858202 
0.44  0.22081633987896493 
0.45  0.2493935567216064 
0.46  0.28722773880526975 
0.47  0.34033444008274666 
0.48  0.41571377981728425 
0.49  0.5127365863042235 
0.5  0.6092032348367707 
0.51  0.6754138021347956 
0.52  0.7067486082078306 
0.53  0.7181044886524025 
0.54  0.7206949084185226 
0.55  0.7202775328277344 
0.56  0.7189816691851262 
0.57  0.7175730382748593 
0.58  0.7162754155068132 
0.59  0.7151403620220774 
0.6  0.7141558187535905 
0.7  0.7090416880977815 
0.8  0.7071456742388152 
0.9  0.706213793809067 
1.0  0.7057309525098764 
1.1  0.7053263000514316 
1.2  0.7049220244069471 
1.3  0.704775599111034 
1.4  0.704702146321391 
1.5  0.7045564015185322 
1.6  0.7044493355160159 
1.7  0.7043340510039341 
1.8  0.7042361488040837 
1.9  0.7041539284695822 
2.0  0.7040855965775902 
2.1  0.7040143311392839 
2.2  0.7039648772094378 
2.3  0.7039040735345794 
2.4  0.7038630888154106 
2.5  0.7038172712639567 
2.6  0.7037781484158513 
2.7  0.7037450115472793 
2.8  0.7037110368915801 
2.9  0.7036811573240764 
3.0  0.7036522013646128 
3.1  0.7036241181669654 
3.2  0.7035977756314014 
3.3  0.7035746271847011 
3.4  0.7035517316360436 
3.5  0.7035332414250912 
3.6  0.703512262085241 
3.7  0.7034926685496976 
3.8  0.7034738315671264 
3.9  0.7034558759250411 
4.0  0.7034387808941128 
4.1  0.7034225173039186 
4.2  0.703407082109411 
4.3  0.7033921590793035 
4.4  0.7033778195062484 
4.5  0.7033641179949253 
4.6  0.7033508237087032 
4.7  0.7033381759221895 
4.8  0.7033259807425931 
4.9  0.7033142545900921 
5.0  0.7033029227129954 
