#mmax= 10
#m-states: all states (FBR)
#Nr. of sites: 49

0.0  0.0 0.0 0.0 NaN NaN 0.0 
0.1  -0.00122 0.002335731078783841 0.5455639672396726 -0.019067036095475245 7.105689297602863 0.0 
0.2  -0.00096 0.004622662054925143 2.136900447404475 0.0038141294264598165 1.688246075114094 0.0 
0.3  0.00354 0.006983463493970861 4.876876237162372 0.003146592226322278 0.6943457596541442 0.0 
0.4  0.01138 0.009471979842673938 8.971840214002139 0.006996729988752009 0.32361886508572457 0.0 
0.41  -0.0006 0.0096956968014354 9.400653646536467 -0.0073900433414502715 0.30133378638027297 0.0 
0.42  -0.005 0.009965256798669598 9.930634306343064 -0.028442710154994603 0.30000359991574443 0.0 
0.43  -0.00374 0.010292896558364685 10.59437195611956 0.016167563412439846 0.2616204011695449 0.0 
0.44  -0.01196 0.010584237801792741 11.202608984489844 -0.007543763665583057 0.2383382276045949 0.0 
0.45  -0.00902 0.010812250248840638 11.690475544355445 0.0062791454682261175 0.18681761566872046 0.0 
0.46  -0.01058 0.011144708281566945 12.420452268122684 0.01301786952798574 0.17060903275132144 0.0 
0.47  0.00454 0.011475221596601389 13.168071069110693 0.01430649715248604 0.20151578147407623 0.0 
0.48  -0.00474 0.011781611239029823 13.880636338763383 0.006633817545256903 0.1477366596396017 0.0 
0.49  0.00894 0.012153397788881023 14.770507781477814 -0.005080204344082963 0.12680899646033206 0.0 
0.5  -0.00162 0.01257611845298673 15.815875534355337 -0.0011933004695605998 0.12948379147244182 0.0 
0.51  -0.01352 0.012818822696260104 16.432221531815316 -0.00828817337313694 0.14002806948178925 0.0 
0.52  0.0132 0.013139801526044504 17.265438414384146 0.0017905437823730462 0.10400987881092894 0.0 
0.53  0.02352 0.013335825678917125 17.78442465384654 0.007543746916020379 0.10242031652396566 0.0 
0.54  0.00974 0.01357794148348524 18.436049492894934 -0.012091966265596018 0.07761180738291129 0.0 
0.55  0.00576 0.013784773063916728 19.00199684236842 -0.007643904147624021 0.08575083043271237 0.0 
0.56  0.01104 0.013977350780721948 19.536633484734846 0.003196157243877617 0.07133856497341817 0.0 
0.57  -0.01236 0.014163547520476064 20.060607836478365 -0.0007603733235188561 0.06201208608608022 0.0 
0.58  0.01756 0.014322701137064844 20.51397678616786 0.0013170536702809023 0.0748183006244556 0.0 
0.59  -0.00918 0.014465989420862274 20.92648499244992 0.016221734861053737 0.04099891122998889 0.0 
0.6  0.00592 0.014741296503165044 21.730582259422594 -0.0032444050895745814 0.04656849216939474 0.0 
0.7  -0.00536 0.015923612916624266 25.356144831848315 -0.006820537622530285 0.062120724500674296 0.0 
0.8  -0.00748 0.016863003412940444 28.436088410484103 -0.0030086812729934824 0.02807987859214922 0.0 
0.9  0.00152 0.017599036171243625 30.972607415674148 -0.0022123051403152203 0.007456647274263872 0.0 
1.0  -0.00836 0.018295426978632758 33.472264833048335 -0.0055367644716505585 0.0019366042680579731 0.0 
1.1  -0.02752 0.018917991579447697 35.7890405400054 -0.0017501348779838223 0.00940426820833773 0.0 
1.2  -0.01134 0.019497346370959175 38.014651550915495 0.000974346177828759 0.014255230036000821 0.0 
1.3  0.01904 0.019926694294725735 39.707314551545515 0.006498438110088809 0.021379114872064786 0.0 
1.4  -0.00786 0.02050576472770208 42.04863870678707 0.0014120791519200643 -0.0214641616017599 0.0 
1.5  0.05506 0.020962406307215346 43.94224781887818 0.013740002127843886 0.011599667891068144 4.93472e-318 
1.6  0.06346 0.021247414967718495 45.145264281042785 0.010673199672145847 0.028160828037107954 1.33857398919886e-302 
1.7  -0.00846 0.02161909244477162 46.738515813558124 -0.0031670302909618813 0.04295231280969958 3.1755249825395484e-308 
1.8  0.02616 0.02205374390483852 48.63676202202022 0.003806641805251544 0.00715302044087851 1.1309387963405216e-284 
1.9  0.01396 0.022434773998746764 50.33190843748438 -0.0014572932866755625 0.0458354310744844 1.1101706074492158e-288 
2.0  -0.00495 0.02282968827911737 52.1194666921669 -0.0006778833223845402 -0.006904730158463934 1.294887834315058e-283 
2.1  -0.00825 0.02300828357757553 52.93811131861318 0.0024329758715549658 0.016439357605742444 1.1385898887495184e-270 
2.2  0.01044 0.02338167609671665 54.670277709177064 0.0080222735520381 0.04455987638245462 2.5820366606936666e-265 
2.3  0.01789 0.023692545512167505 56.13367128461285 -0.003496760016895303 0.021471686396683953 1.1344682469840782e-256 
2.4  -0.01807 0.023901099292218213 57.126254737647386 -0.003043882131928259 -0.016845041011599893 8.562125555290701e-245 
2.5  0.02155 0.024261841280999747 58.86369423444234 0.018027053387905247 0.0037631876160530986 7.7750560738715855e-255 
2.6  0.00354 0.024524662877905022 60.145908927489266 -0.0011579082122744166 -0.015401451982080872 5.6192386788928456e-235 
2.7  -0.00169 0.02471056813512744 61.06121775607756 -0.011116031739779002 -0.008838682730890834 4.247727266426258e-226 
2.8  -0.00784 0.02509604119092959 62.981128345683466 0.0077536350396990895 0.00934502321338826 4.470959429464966e-221 
2.9  0.01815 0.025284097742078643 63.92855986309865 0.011666243470612299 -0.0010970864402644054 9.97408730792471e-221 
3.0  0.04204 0.025550781882528528 65.28424548085479 -0.003065823796677172 -0.0013545035435083008 5.0723749433615776e-216 
3.1  0.00937 0.02580634576428474 66.5967481705817 0.01034799784152741 0.006027739388519304 1.4493141550672285e-218 
3.2  -9.0e-5 0.026078054002705145 68.00649005680057 0.01062785362059469 0.017055955218744145 8.974078763705126e-211 
3.3  -0.01987 0.026300818792609704 69.17330691616917 -0.003271740965978581 -0.015198887904682046 6.157286263299532e-199 
3.4  0.02888 0.026464925153467444 70.03922633786338 0.007996371839231011 0.0005350164599251528 5.458831667803339e-204 
3.5  -0.00955 0.02664742930997075 71.00854888298883 -0.011004849464831821 0.018040852786652017 5.5343146549561e-200 
3.6  -0.02254 0.026870834373003732 72.20417399013988 -0.01209768336573748 0.0013395957189992203 3.8065438387381832e-199 
3.7  0.00202 0.027080529772272318 73.33550927469274 -0.0012586609639937945 -0.013091217073389672 3.359121153082373e-192 
3.8  -0.03196 0.02727669382026087 74.40180257642577 0.015022834597212882 0.0014778127243011419 2.028963178534442e-192 
3.9  -0.01551 0.02741866539843109 75.17832122311222 -0.001348814656925837 0.013194796585624946 5.138898605383264e-190 
4.0  -0.0248 0.027701305442582164 76.73623232232323 -0.004084280615517869 0.021957590425838003 1.5168545688509387e-193 
4.1  0.01874 0.02792213252204863 77.96454845788458 -0.004091139158002572 0.002778104631336209 3.235535548054158e-186 
4.2  -0.02992 0.028084012089681035 78.87117350533505 -3.598805942281921e-5 -0.006085146363957961 2.856589646322395e-184 
4.3  -0.01993 0.02821404062292182 79.60320882718827 0.006857517380525443 0.012076960240894774 1.3282813201557346e-181 
4.4  0.03983 0.02838995413180437 80.5989495605956 0.003050373884783771 -0.010205536249694447 5.423549201800303e-174 
4.5  0.00341 0.028734575696839598 82.56758404774048 0.0034941964301179944 0.010399325813529536 4.711778272911564e-172 
4.6  -0.03783 0.02868505564288088 82.28324172351724 -8.074179431576112e-5 0.03803148959361469 5.796159198109452e-176 
4.7  -0.05589 0.028886779113273867 83.44460075390754 0.0038265990315496023 -0.011093186316661452 4.325292717386672e-176 
4.8  0.0057 0.029152930796641018 84.98933740337402 -0.007787935119837351 0.010163883424314513 7.15556096671566e-172 
4.9  0.01187 0.029217988088492325 85.36908279392794 0.0018756114524249893 0.04687043094157328 1.292228211939232e-168 
5.0  0.02896 0.02940415377504669 86.46042592265924 0.008105816957412484 -0.007174012453420087 2.5424110529373127e-163 
