#mmax= 10
#m-states: all states (FBR)
#Nr. of sites: 49
 
0.0  4.970441022669344e-61 
0.1  0.00248104189452677 
0.2  0.009691657649417497 
0.3  0.020902584570366037 
0.4  0.03466929983086815 
0.41  0.03609416815495662 
0.42  0.037512505538390424 
0.43  0.03891875194361088 
0.44  0.04030676002800254 
0.45  0.041668539433301684 
0.46  0.04299391617310607 
0.47  0.044270482760004 
0.48  0.04548146226565194 
0.49  0.04661265552892647 
0.5  0.04766545057086261 
0.51  0.048661833176656975 
0.52  0.04962556993850043 
0.53  0.05056551490929843 
0.54  0.05148502554737319 
0.55  0.05238346975972317 
0.56  0.05326134634274355 
0.57  0.05411930617561714 
0.58  0.05495793807934426 
0.59  0.05577820833127012 
0.6  0.05658142226506433 
0.7  0.06384473415806483 
0.8  0.0700999361585377 
0.9  0.07568604805146242 
1.0  0.08079592732971956 
1.1  0.08554840845223029 
1.2  0.09001931427982408 
1.3  0.09426183457865782 
1.4  0.09831259601357041 
1.5  0.10219949360571408 
1.6  0.10594405897078922 
1.7  0.10956226877777102 
1.8  0.11306854237083153 
1.9  0.11647140474077967 
2.0  0.11978105554931107 
2.1  0.12300523343453816 
2.2  0.12615063506968402 
2.3  0.12922286640344718 
2.4  0.1322271297423031 
2.5  0.1351670935648729 
2.6  0.13804758830443328 
2.7  0.14087236336219924 
2.8  0.14364437404813785 
2.9  0.14636638076695216 
3.0  0.14904107958420373 
3.1  0.15167093696375059 
3.2  0.1542591436986054 
3.3  0.15680483547089477 
3.4  0.15931296967566297 
3.5  0.16178173688262204 
3.6  0.1642179838250616 
3.7  0.16661974717720238 
3.8  0.1689883144896354 
3.9  0.17132545793012 
4.0  0.1736322723712289 
4.1  0.1759108152286628 
4.2  0.17816258706392438 
4.3  0.1803859306961498 
4.4  0.18258234347129662 
4.5  0.1847556644019572 
4.6  0.18690302121372784 
4.7  0.18902887697699478 
4.8  0.1911308259859709 
4.9  0.1932117348021741 
5.0  0.1952700144955057 
