#mmax= 10
#m-states: all states (FBR)
#Nr. of sites: 49
 
0.0  8.961234415783367e-15 
0.1  2.8960472221319184e-9 
0.2  7.373607178891099e-7 
0.3  -1.4521081684156874e-6 
0.4  -3.9208612192992195e-6 
0.41  -2.0275675102735916e-6 
0.42  -3.4476472049531727e-5 
0.43  -4.96052775286666e-5 
0.44  -7.959071668701917e-6 
0.45  -4.425631712427293e-5 
0.46  7.898167173588702e-5 
0.47  -0.00024125900021232903 
0.48  -0.0002656818874059423 
0.49  0.0038871840630318078 
0.5  -0.0017693692535073052 
0.51  -0.0027725238069651026 
0.52  -0.004392775587586644 
0.53  -0.0036888149707682894 
0.54  -0.0027362978854973156 
0.55  -0.008658912096476203 
0.56  -0.006653002962872826 
0.57  -0.005376225324418207 
0.58  -0.007575942157504414 
0.59  -0.009614187029693378 
0.6  0.0004174306481605098 
0.7  -0.15958962883033817 
0.8  -0.2955567862434028 
0.9  -0.3206563957314577 
1.0  0.03777112572734389 
1.1  0.22150484129171058 
1.2  0.5053831206384743 
1.3  0.3994830706673651 
1.4  0.09099204227189661 
1.5  0.13404552664672525 
1.6  0.003755420690430539 
1.7  -0.15194933737389255 
1.8  -0.19929497487898845 
1.9  -0.2165852940056711 
2.0  -0.2121318107730948 
2.1  -0.24650911903817457 
2.2  -0.22018401040370608 
2.3  -0.25618092923749525 
2.4  -0.23459951872077275 
2.5  -0.24485975045469263 
2.6  -0.24194039880493817 
2.7  -0.22779160359230866 
2.8  -0.22677682474445113 
2.9  -0.21851957749460701 
3.0  -0.2148223608187844 
3.1  -0.21539238063873137 
3.2  -0.21496138791838174 
3.3  -0.208828021343041 
3.4  -0.20660547443035512 
3.5  -0.18872673824674294 
3.6  -0.1891144128571133 
3.7  -0.1879842413077755 
3.8  -0.1876663350196695 
3.9  -0.18749876557661377 
4.0  -0.18721733379054845 
4.1  -0.18671159074638088 
4.2  -0.1855614443743376 
4.3  -0.18523846541167913 
4.4  -0.1850146395317054 
4.5  -0.18474516091728455 
4.6  -0.18499734051425717 
4.7  -0.18467763126223008 
4.8  -0.18448653819669497 
4.9  -0.18422907732763835 
5.0  -0.18412780712666513 
