#mmax= 10
#m-states: all states (FBR)
#Nr. of sites: 49

0.0  -0.0  0.0
0.1  -0.0  6.253406186976026e-19
0.2  -0.0  4.501713341803952e-19
0.3  -0.0  3.5202300216844047e-19
0.4  -0.0  3.01209739126198e-19
0.41  -0.0  3.068009752318653e-19
0.42  -0.0  3.0741104580078183e-19
0.43  -0.0  3.0654172968284656e-19
0.44  -0.0  3.1087787876637324e-19
0.45  -0.0  3.0655178204408433e-19
0.46  -0.0  3.010787605678643e-19
0.47  -0.0  3.060970855489393e-19
0.48  1.0000050000287824e-5  1.0000100001000012e-5
0.49  -0.0  3.0335865776245953e-19
0.5  1.0000050000287824e-5  1.000010000100001e-5
0.51  5.000125004166272e-5  2.23613506199889e-5
0.52  2.000020000268671e-5  1.4142347759124124e-5
0.53  5.000125004166272e-5  2.2361350619988902e-5
0.54  3.0000450008974692e-5  1.7320854493644696e-5
0.55  4.000080002137398e-5  2.000050001475049e-5
0.56  8.000320017064589e-5  2.8285544114272716e-5
0.57  0.00010000500033334732  3.1624515982084405e-5
0.58  9.00040502430509e-5  3.0001500099007354e-5
0.59  0.00015001125112511004  3.873293219155275e-5
0.6  0.0002000200026670447  4.472605598772201e-5
0.7  0.00044009682840403613  6.63474255116477e-5
0.8  0.0008703786696336942  9.331485769789149e-5
0.9  0.0017114637187852016  0.00013087957205207967
1.0  0.0021322716763507218  0.00014610160607939903
1.1  0.00333555678886783  0.000182788384744008
1.2  0.004228929327315743  0.00020586224140744922
1.3  0.00502259212297359  0.00022439422525481867
1.4  0.006340055746031265  0.00025219555990884073
1.5  0.00725626311384092  0.00026986527028868525
1.6  0.008707803110577974  0.0002957349112512011
1.7  0.009525221220664995  0.0003093675197034312
1.8  0.010980060828375349  0.0003322750867010145
1.9  0.01238639561515468  0.0003530375238071726
2.0  0.014393085236869736  0.0003807533236954011
2.1  0.01562138082955632  0.00039678948822511424
2.2  0.017146158694749798  0.00041586260497701946
2.3  0.018408399490484725  0.0004310343854741145
2.4  0.019611045421637944  0.00044502587589559123
2.5  0.021274709964783544  0.00046371159955377073
2.6  0.02291045127962554  0.0004814056800824609
2.7  0.02397511945189532  0.0004925959332106208
2.8  0.026549334709831167  0.0005187020009758877
2.9  0.027330087126337093  0.0005263768244983681
3.0  0.029222857902892533  0.0005445579050313423
3.1  0.030603546602454804  0.0005574671159989389
3.2  0.03169708563688947  0.0005674954554649279
3.3  0.034436175921077096  0.000591914816209468
3.4  0.03494347049603469  0.0005963348035179889
3.5  0.03639430823372808  0.0006088107801958668
3.6  0.03916711229904961  0.0006320178294167533
3.7  0.0395415628665172  0.0006350916371296903
3.8  0.04136380485702987  0.0006498586343087951
3.9  0.04184334267333542  0.0006536936204116252
4.0  0.04435948639998501  0.0006734873784988043
4.1  0.04476726186677775  0.0006766453300577469
4.2  0.04750049234704887  0.000697475446912782
4.3  0.04870715317310764  0.000706493638015816
4.4  0.05108278096984938  0.0007239511279245889
4.5  0.05179868037998956  0.0007291380197502941
4.6  0.05177761597478327  0.0007289858675222644
4.7  0.05405499289598387  0.0007452730826062142
4.8  0.05712076232190535  0.0007667088509984504
4.9  0.057819802973598  0.0007715221597688598
5.0  0.0584345158639484  0.0007757329061593968
