#mmax= 10
#m-states: all states (FBR)
#Nr. of sites: 49

0.0  1.0  0.0
0.1  1.0  6.253406186976026e-19
0.2  1.0  4.501713341803952e-19
0.3  1.0  3.5202300216844047e-19
0.4  1.0  3.01209739126198e-19
0.41  1.0  3.068009752318653e-19
0.42  1.0  3.0741104580078183e-19
0.43  1.0  3.0654172968284656e-19
0.44  1.0  3.1087787876637324e-19
0.45  1.0  3.0655178204408433e-19
0.46  1.0  3.010787605678643e-19
0.47  1.0  3.060970855489393e-19
0.48  0.99999  1.0000000000000003e-5
0.49  1.0  3.0335865776245953e-19
0.5  0.99999  1.0e-5
0.51  0.99995  2.2360232552457898e-5
0.52  0.99998  1.4142064912168942e-5
0.53  0.99995  2.23602325524579e-5
0.54  0.99997  1.7320334868009888e-5
0.55  0.99996  1.9999699994749898e-5
0.56  0.99992  2.8283281270743574e-5
0.57  0.9999  3.16213535304862e-5
0.58  0.99991  2.999879996399844e-5
0.59  0.99985  3.872712225172402e-5
0.6  0.9998  4.471711077652447e-5
0.7  0.99956  6.631823264442258e-5
0.8  0.9991300000000106  9.323367377169532e-5
0.9  0.9982900000000922  0.00013065576798388268
1.0  0.9978700000000029  0.00014579040965845034
1.1  0.9966700000006321  0.000182179699422926
1.2  0.9957800000027088  0.00020499350274926742
1.3  0.9949900000023194  0.0002232700101868125
1.4  0.9936800000001664  0.00025060168397025883
1.5  0.9927700000009304  0.0002679141443847491
1.6  0.9913300000000029  0.00029317088957065405
1.7  0.9905200000043648  0.000306434715617993
1.8  0.9890800000146263  0.0003286466427590994
1.9  0.9876900000354527  0.00034869163190162243
2.0  0.9857100000500432  0.0003753123587188479
2.1  0.9845000000722628  0.0003906392511862981
2.2  0.983000000137837  0.00040879294074973137
2.3  0.9817600001893524  0.00042317231836468404
2.4  0.9805800002230599  0.0004363834734849663
2.5  0.9789500003074603  0.00045395047052573676
2.6  0.9773500002966068  0.00047050184157138134
2.7  0.9763100005836581  0.0004809263358403688
2.8  0.9738000005099843  0.0005051120088148493
2.9  0.9730400005309091  0.0005121857055893504
3.0  0.9712000007517192  0.0005288746377757942
3.1  0.9698600011596837  0.0005406650577692165
3.2  0.9688000010718465  0.0005497895978626902
3.3  0.9661500013526588  0.0005718785004814363
3.4  0.9656600029956398  0.0005758566681515854
3.5  0.9642600028536072  0.0005870518846489733
3.6  0.9615900022026761  0.0006077420259809863
3.7  0.9612300016860854  0.0006104691354289909
3.8  0.9594800029593029  0.0006235263643697312
3.9  0.9590200063156029  0.0006269052599756261
4.0  0.9566100073663202  0.0006442647661068649
4.1  0.956220004796172  0.0006470218007531261
4.2  0.9536100036254397  0.0006651195634591532
4.3  0.9524600137541261  0.0006729069401817467
4.4  0.9502000087983453  0.0006878983681235164
4.5  0.949520004608873  0.0006923311358738038
4.6  0.9495400058936584  0.0006922012449434847
4.7  0.9473800058991083  0.0007060568173959218
4.8  0.9444800048809333  0.0007241411793332712
4.9  0.9438200056728251  0.0007281780492097555
5.0  0.9432400056341813  0.0007317023107764093
