#mmax= 10
#m-states: all states (FBR)
#Nr. of sites: 49
 
0.0  -2.2075605346905983e-29 
0.1  2.4229970592937877 
0.2  4.995508174209908 
0.3  7.935614493856034 
0.4  11.704579855209401 
0.41  12.166622339846962 
0.42  12.652608575182562 
0.43  13.167168499271769 
0.44  13.715320784959182 
0.45  14.304035879262994 
0.46  14.942570945734595 
0.47  15.642969315948026 
0.48  16.412455258725917 
0.49  17.235740285207626 
0.5  18.057118384264722 
0.51  18.809949315347883 
0.52  19.466528664415048 
0.53  20.042724627448997 
0.54  20.555920253132378 
0.55  21.02270401766667 
0.56  21.452481870282096 
0.57  21.85179390784803 
0.58  22.22566036832193 
0.59  22.576840394785005 
0.6  22.908888790108875 
0.7  25.489663437877823 
0.8  27.27719667924311 
0.9  28.63755761467694 
1.0  29.730711919483163 
1.1  30.640859803838858 
1.2  31.41780292254285 
1.3  32.09325220137131 
1.4  32.68891093296526 
1.5  33.22003393313364 
1.6  33.697990517927366 
1.7  34.13144606942007 
1.8  34.526988362927405 
1.9  34.89009219505321 
2.0  35.22500638233876 
2.1  35.5352311128513 
2.2  35.82374460881778 
2.3  36.09297911799237 
2.4  36.34495973320908 
2.5  36.581548947741446 
2.6  36.80419370821696 
2.7  37.014254320471025 
2.8  37.21287661842288 
2.9  37.401063998872594 
3.0  37.57969542639915 
3.1  37.74955163443856 
3.2  37.91128219713265 
3.3  38.0656428766778 
3.4  38.2131083007983 
3.5  38.354235630829834 
3.6  38.48930466673707 
3.7  38.61888005995111 
3.8  38.74330465799253 
3.9  38.862887764323595 
4.0  38.977948546983804 
4.1  39.08875232407088 
4.2  39.1955636599459 
4.3  39.298622059964266 
4.4  39.398149244022946 
4.5  39.49431974957877 
4.6  39.587337661972036 
4.7  39.67735558990614 
4.8  39.764545446354944 
4.9  39.8490408800015 
5.0  39.9309938281806 
