#mmax= 10
#m-states: all states (FBR)
#Nr. of sites: 49
 
0.0  -4.861730685829017e-63 
0.1  -1.1852149051886958 
0.2  -2.2783584130677283 
0.3  -3.168249633835018 
0.4  -3.683290215484918 
0.41  -3.702643889654008 
0.42  -3.714027144868948 
0.43  -3.7163540652348352 
0.44  -3.7085117632390774 
0.45  -3.68892000997974 
0.46  -3.6555085380087546 
0.47  -3.6056084128077797 
0.48  -3.5371853096334056 
0.49  -3.452282250859566 
0.5  -3.3609253732924036 
0.51  -3.27625139369581 
0.52  -3.204740177601806 
0.53  -3.144432730344966 
0.54  -3.09273608955482 
0.55  -3.0469245340552886 
0.56  -3.0055437295195895 
0.57  -2.967617978324312 
0.58  -2.9324109029599423 
0.59  -2.8995839553104354 
0.6  -2.8686589260083957 
0.7  -2.6295733310176663 
0.8  -2.461124275893094 
0.9  -2.329172503531014 
1.0  -2.2201109528091263 
1.1  -2.1270653376511164 
1.2  -2.045927551209161 
1.3  -1.97412587462477 
1.4  -1.9098058043000328 
1.5  -1.8516991220622707 
1.6  -1.798811090667543 
1.7  -1.7503570198057774 
1.8  -1.7057745384004406 
1.9  -1.6644924434912804 
2.0  -1.6261389750548685 
2.1  -1.5903853234265866 
2.2  -1.5569339373705602 
2.3  -1.5255465973719322 
2.4  -1.4960339339351338 
2.5  -1.4681817983273953 
2.6  -1.441868270001709 
2.7  -1.4169460318944647 
2.8  -1.393295116328017 
2.9  -1.3708094612999788 
3.0  -1.3493983810560055 
3.1  -1.3289802673349633 
3.2  -1.3095075003556982 
3.3  -1.2908375296895727 
3.4  -1.2729699797797223 
3.5  -1.2557961017614938 
3.6  -1.2393707095971214 
3.7  -1.2235672502734547 
3.8  -1.208351897098808 
3.9  -1.1937000221741867 
4.0  -1.1795727862468266 
4.1  -1.165950862784696 
4.2  -1.15280647023727 
4.3  -1.140089302677426 
4.4  -1.1277788520229552 
4.5  -1.115882482577925 
4.6  -1.1043445733720318 
4.7  -1.0931790183678574 
4.8  -1.0823392951495887 
4.9  -1.0718285934528438 
5.0  -1.0616097589246514 
