#mmax= 5
#m-states: all states (FBR)
#Nr. of sites: 4

0.0  1.9999999999999998 0.125 
0.1  1.8530032793568347 0.10701997218217385 
0.2  1.7150808737233076 0.09100391975370803 
0.3  1.5890912701758244 0.07731345558198177 
0.4  1.4760785497219742 0.06612192331202493 
0.41  1.46552374009154 0.06515145564924052 
0.42  1.4551026211480869 0.06420908689636529 
0.43  1.444819563068434 0.0632947126464225 
0.44  1.4346736043370083 0.06240868539106703 
0.45  1.424664899685726 0.06155139945894095 
0.46  1.4147946862007508 0.060722456137721204 
0.47  1.4050619278315122 0.059922354463861294 
0.48  1.3954404272374534 0.05901222721281729 
0.49  1.3859817550631235 0.05826148130405984 
0.5  1.3766623713538881 0.057540247719580995 
0.51  1.3674812924678499 0.05684786796226826 
0.52  1.3584384384492842 0.056184290472203746 
0.53  1.3495336012581232 0.05554940786837448 
0.54  1.3407666086076229 0.05494305481373574 
0.55  1.332137091190597 0.0543650179839521 
0.56  1.3236445641496641 0.05381503584945724 
0.57  1.3152886206857786 0.05329275756879326 
0.58  1.3070685711473624 0.05279781246174442 
0.59  1.2989834129963622 0.052323721310319926 
0.6  1.2910327966232957 0.05188179594739051 
0.7  1.2186571936813275 0.048774784852395836 
0.8  1.1580739038796113 0.04751436726549407 
0.9  1.1072440388585632 0.04728587701440856 
1.0  1.0640640967724428 0.047459765338721316 
1.1  1.0267791251485745 0.04780515180123934 
1.2  0.9940386856142118 0.04805147366689144 
1.3  0.9648700560813291 0.048174685272955986 
1.4  0.9385744240586882 0.048183078337397545 
1.5  0.9146375367310113 0.04809053850688394 
1.6  0.892677955895414 0.0479189478555222 
1.7  0.8724029794825706 0.04768723748689163 
1.8  0.8535834504594894 0.04741017220620025 
1.9  0.836038926823768 0.047122967740254706 
2.0  0.8196166538953524 0.046786239263809204 
2.1  0.8041949732762491 0.04643406463203692 
2.2  0.7896704084094399 0.046072209778506124 
2.3  0.7759547875035258 0.045705091611945914 
2.4  0.7629728074987923 0.04533602191502617 
2.5  0.750658714867632 0.04496749819797974 
2.6  0.7389552227899193 0.044601388513799245 
2.7  0.7278120089266478 0.04423908867107762 
2.8  0.7171845922493937 0.04388163314341775 
2.9  0.7070334457972904 0.04352977918074841 
3.0  0.6973232796044055 0.04318407083691367 
