#mmax= 5
#m-states: all states (FBR)
#Nr. of sites: 4

0.0  2.0000000000000004 0.125000000000001 
0.1  2.3398245122506354 0.16782040240418494 
0.2  2.776733639466052 0.2218997174645655 
0.3  3.3354053781635504 0.2854307221165744 
0.4  4.028394235105005 0.35333431209283994 
0.41  4.104771037309983 0.3600946031066389 
0.42  4.182340090956396 0.3668208851860988 
0.43  4.261036147257368 0.37350437097736877 
0.44  4.340821042534653 0.38013858053333804 
0.45  4.421651819202262 0.3867172375415717 
0.46  4.503452194596872 0.3932321851910141 
0.47  4.586180621442608 0.39967829020141765 
0.48  4.669790444898009 0.4060508895691547 
0.49  4.7541217985162465 0.4123366431576809 
0.5  4.839223357232956 0.4185394845249363 
0.51  4.92497440652123 0.4246505194945428 
0.52  5.011300223669958 0.43066505269418176 
0.53  5.098124710291419 0.43657882792438263 
0.54  5.1853651527416735 0.44238764356619564 
0.55  5.2729417416648054 0.4480880113197395 
0.56  5.360775100936226 0.45367693244611496 
0.57  5.448775315774897 0.459151163591458 
0.58  5.5368624882907005 0.46450853815757565 
0.59  5.624959196935495 0.4697458079880992 
0.6  5.712974314165702 0.4748640167549876 
0.7  6.571846467396485 0.5193145348094766 
0.8  7.350010306512861 0.552250194233107 
0.9  8.016116417351576 0.5758862640202536 
1.0  8.569366598296853 0.5927387123826915 
1.1  9.025275941554915 0.6048976112723482 
1.2  9.40259062271182 0.6138452474387024 
1.3  9.718716058564677 0.6205950916260881 
1.4  9.987547160160378 0.6258175995477695 
1.5  10.219498964071356 0.6299536795715992 
1.6  10.422476184352934 0.6333022413608393 
1.7  10.602298563563604 0.636065859515789 
1.8  10.763312531613636 0.6383852833285437 
1.9  10.908798075525253 0.6403607036117853 
2.0  11.041317632251062 0.6420643384808844 
2.1  11.162857848172775 0.6435504510978551 
2.2  11.274980737245523 0.6448593584500393 
2.3  11.378949808349248 0.6460220657693692 
2.4  11.475784876232876 0.6470625768976321 
2.5  11.566332868897819 0.6479999214756416 
2.6  11.651296573787825 0.6488492762354119 
2.7  11.731266750451796 0.6496229130207544 
2.8  11.806744977885447 0.6503308692477657 
2.9  11.878160884915278 0.6509814397856006 
3.0  11.945885407853886 0.6515815441664589 
