#mmax= 5
#m-states: all states (FBR)
#Nr. of sites: 4

0.0  0.0 
0.1  0.02552567892443598 
0.2  0.05422118956184122 
0.3  0.08920680151149211 
0.4  0.13294162946309526 
0.41  0.13783844805767584 
0.42  0.14282966271748426 
0.43  0.14791267330162122 
0.44  0.15308600025881236 
0.45  0.1583480273012251 
0.46  0.16369453474685206 
0.47  0.1691237277230151 
0.48  0.17463320426636977 
0.49  0.18021271090823213 
0.5  0.1858672922544049 
0.51  0.19158875929886365 
0.52  0.1973725559821181 
0.53  0.20321395187414623 
0.54  0.20910753951999853 
0.55  0.21504811341523533 
0.56  0.22103036104378973 
0.57  0.2270481023098083 
0.58  0.23309577993650477 
0.59  0.2391674481569138 
0.6  0.24525746104170384 
0.7  0.3058681888295478 
0.8  0.36249516190947695 
0.9  0.41209878860273425 
1.0  0.4539621337271633 
1.1  0.488810741943665 
1.2  0.5178039992987336 
1.3  0.542139606391567 
1.4  0.5628241979931045 
1.5  0.5806330319665781 
1.6  0.5961713176246138 
1.7  0.6098901602746868 
1.8  0.6221299663390609 
1.9  0.6331502015127505 
2.0  0.6431532878082862 
2.1  0.6522980689158326 
2.2  0.6607089545297861 
2.3  0.6684866447547718 
2.4  0.6757123136943067 
2.5  0.6824532237582512 
2.6  0.6887650396875501 
2.7  0.6946944129608409 
2.8  0.7002808254107414 
2.9  0.7055579827806318 
3.0  0.7105548884584448 
