#mmax= 5
#m-states: all states (FBR)
#Nr. of sites: 4

0.0 6.178246667673891e-29
0.1 -0.018769183150460833
0.2 -0.07530685741609489
0.3 -0.1702818607532599
0.4 -0.30462405889107913
0.41 -0.32025506722280994
0.42 -0.3362873097232608
0.43 -0.35272086861057517
0.44 -0.36955567841943804
0.45 -0.38679151763460595
0.46 -0.4044280003349172
0.47 -0.42246456221213435
0.48 -0.44090050401219827
0.49 -0.45973479480824864
0.5 -0.4789663365360468
0.51 -0.49859378240673635
0.52 -0.5186155741215615
0.53 -0.5390299378603913
0.54 -0.5598348814498664
0.55 -0.5810281927282759
0.56 -0.6026074392318179
0.57 -0.6245699691413833
0.58 -0.6469129135476734
0.59 -0.6696332767788533
0.6 -0.6927275987883199
0.7 -0.9433846897319569
0.8 -1.2266167882299541
0.9 -1.5372582985088385
1.0 -1.8703262999906691
1.1 -2.2215961499341574
1.2 -2.587728097959797
1.3 -2.96616291551274
1.4 -3.354951095782667
1.5 -3.7525983438846637
1.6 -4.157942488708443
1.7 -4.570064390924472
1.8 -4.988224299119096
1.9 -5.411816658507718
2.0 -5.8403383245799105
2.1 -6.273364851532726
2.2 -6.7105339801396084
2.3 -7.151532998457178
2.4 -7.596089306763076
2.5 -8.043963208341644
2.6 -8.494942320267462
2.7 -8.948837181032182
2.8 -9.405477754157076
2.9 -9.864710611746304
3.0 -10.326396640650202
