#mmax= 5
#m-states: all states (FBR)
#Nr. of sites: 4

0.0  0.0 
0.1  0.022968022853594915 
0.2  0.0765210814007126 
0.3  0.1541950948249471 
0.4  0.2516514658863129 
0.41  0.2622030035505108 
0.42  0.2728607910810765 
0.43  0.2836093647420836 
0.44  0.29443650116741915 
0.45  0.3053293537954652 
0.46  0.3162712072890015 
0.47  0.3272495202639624 
0.48  0.3382518446563526 
0.49  0.3492512376520899 
0.5  0.36024602669146955 
0.51  0.37121549978224977 
0.52  0.382144283518905 
0.53  0.3930172027609894 
0.54  0.4038187469764683 
0.55  0.414534169018892 
0.56  0.42514925033211864 
0.57  0.43564913915478704 
0.58  0.4460206373359906 
0.59  0.4562514003634242 
0.6  0.46632818833996315 
0.7  0.5565109135827551 
0.8  0.6240672180197868 
0.9  0.669911527028353 
1.0  0.6989468267951287 
1.1  0.7165223944519746 
1.2  0.726814547899311 
1.3  0.7326607770880512 
1.4  0.7358451169165215 
1.5  0.7374570050031979 
1.6  0.7381462328467241 
1.7  0.7383018461214428 
1.8  0.7381565322760804 
1.9  0.737848892851774 
2.0  0.7374618829773593 
2.1  0.7370428069648897 
2.2  0.7366200016658174 
2.3  0.7362089627239136 
2.4  0.7358180675270454 
2.5  0.7354509946974245 
2.6  0.735108905294509 
2.7  0.734791473833386 
2.8  0.7344975529153663 
2.9  0.7342255829562097 
3.0  0.7339738393570436 
