#mmax= 5
#m-states: all states (FBR)
#Nr. of sites: 4

0.0  -0.0 
0.1  0.006343003111721309 
0.2  0.026475166901931177 
0.3  0.06350093768265401 
0.4  0.12132035804136698 
0.41  0.12834621192844128 
0.42  0.13560024316045774 
0.43  0.14307836146785735 
0.44  0.15077830973852335 
0.45  0.15869696962981183 
0.46  0.1668276631449199 
0.47  0.17516634075486576 
0.48  0.18370818990307816 
0.49  0.19243628826665277 
0.5  0.2013537015625468 
0.51  0.21044646132650904 
0.52  0.21970434574362754 
0.53  0.22911637378182556 
0.54  0.2386702431781976 
0.55  0.2483533470910042 
0.56  0.25815253969239677 
0.57  0.26805296898298214 
0.58  0.2780403244882234 
0.59  0.28809959382649797 
0.6  0.2982152818518454 
0.7  0.39896639889978186 
0.8  0.48912852833954373 
0.9  0.5601100373431731 
1.0  0.6109293226186744 
1.1  0.6451777211784467 
1.2  0.6674561177825508 
1.3  0.6817160098395163 
1.4  0.6907943485646174 
1.5  0.696571943336411 
1.6  0.7002575132061195 
1.7  0.7026120914621253 
1.8  0.7041149117973424 
1.9  0.7050689975278416 
2.0  0.7056675703211397 
2.1  0.7060341846262612 
2.2  0.7062490211530464 
2.3  0.7063643183792123 
2.4  0.7064144894888523 
2.5  0.7064222554854092 
2.6  0.706402745278702 
2.7  0.7063660631865296 
2.8  0.7063189671263128 
2.9  0.7062659726182635 
3.0  0.7062100845697141 
