#mmax= 5
#m-states: all states (FBR)
#Nr. of sites: 4

0.0  0.0 
0.1  0.0024805942580977407 
0.2  0.00968684535183358 
0.3  0.020896881846686522 
0.4  0.03486267857659792 
0.41  0.03634744257252379 
0.42  0.037841022113427256 
0.43  0.03934119191015557 
0.44  0.040846116156210026 
0.45  0.042353846122032295 
0.46  0.04386243491163852 
0.47  0.0453700458943608 
0.48  0.04687488462637022 
0.49  0.0483748516504748 
0.5  0.049868234048536055 
0.51  0.051353286285575804 
0.52  0.05282829963299576 
0.53  0.0542916175258872 
0.54  0.05574168602674415 
0.55  0.0571769943999034 
0.56  0.05859612642774705 
0.57  0.05999774945646558 
0.58  0.06138062822346215 
0.59  0.06274373953146688 
0.6  0.06408581125343674 
0.7  0.07620009277030372 
0.8  0.08580849908396154 
0.9  0.09324595424690063 
1.0  0.09912543482992471 
1.1  0.10400277330716119 
1.2  0.10828455798128407 
1.3  0.11221994361595733 
1.4  0.11595125883687575 
1.5  0.11956222132154692 
1.6  0.12309230873108233 
1.7  0.1265630149458233 
1.8  0.1299851497091721 
1.9  0.13336327376637527 
2.0  0.13669908750625226 
2.1  0.13999188090403067 
2.2  0.143241472549937 
2.3  0.14644722720799488 
2.4  0.14960888621542756 
2.5  0.15272624720337144 
2.6  0.15579943958787024 
2.7  0.1588288361971262 
2.8  0.16181500644387684 
2.9  0.16475867497048172 
3.0  0.1676606841611374 
