#mmax= 5
#m-states: all states (FBR)
#Nr. of sites: 4

0.0  2.535061805312805e-15 
0.1  -5.0872366243865526e-15 
0.2  -7.14734747629398e-11 
0.3  1.0962893663236505e-8 
0.4  2.1881986396650063e-8 
0.41  6.795732077514598e-8 
0.42  7.669358080303067e-9 
0.43  2.1241233738351623e-10 
0.44  -1.0512884338883906e-9 
0.45  -2.9056811910491625e-10 
0.46  -8.843192903787335e-11 
0.47  -1.2935195203877188e-10 
0.48  -1.8402034119995337e-10 
0.49  -5.643441062802985e-10 
0.5  -7.15522341807416e-10 
0.51  -8.069912847184087e-10 
0.52  -1.540750018533807e-9 
0.53  -2.5130021744657474e-9 
0.54  -3.3872844996922604e-9 
0.55  -4.179244268451944e-9 
0.56  -4.936292096415457e-9 
0.57  -5.9431393078663474e-9 
0.58  -7.055667650965555e-9 
0.59  -8.255618879738276e-9 
0.6  -4.1541365753037604e-8 
0.7  1.8326119361044818e-7 
0.8  -2.713048272786495e-7 
0.9  -1.4914230956989903e-6 
1.0  -3.130218041414223e-7 
1.1  -8.743434303415991e-7 
1.2  2.301554728842302e-6 
1.3  1.9855617711011734e-6 
1.4  1.2568631282820021e-6 
1.5  7.021881979185095e-7 
1.6  6.873238528786767e-7 
1.7  6.880140709585428e-7 
1.8  6.841984533302058e-7 
1.9  6.780941425971494e-7 
2.0  6.770656745776742e-7 
2.1  6.664025290255579e-7 
2.2  6.637054265179114e-7 
2.3  6.630435742822791e-7 
2.4  6.634365760060115e-7 
2.5  6.643723646072416e-7 
2.6  6.655694223648002e-7 
2.7  6.668975440439361e-7 
2.8  6.68303704170928e-7 
2.9  6.69754017785795e-7 
3.0  6.712237863520298e-7 
