#mmax= 5
#m-states: all states (FBR)
#Nr. of sites: 4

0.0  0.0 
0.1  0.1507815259054 
0.2  0.30626093893988343 
0.3  0.4708753698864136 
0.4  0.6472872033604387 
0.41  0.6655540687029147 
0.42  0.6839223751936956 
0.43  0.7023818751897475 
0.44  0.7209271295198555 
0.45  0.7395519014849129 
0.46  0.7582441087966586 
0.47  0.7769978406335871 
0.48  0.7958063707608001 
0.49  0.814642608890435 
0.5  0.8335172332641879 
0.51  0.8524102398334971 
0.52  0.8713100344165732 
0.53  0.8902048215102291 
0.54  0.9090816079625762 
0.55  0.9279279918978953 
0.56  0.9467316362642606 
0.57  0.9654784036717433 
0.58  0.9841559040365416 
0.59  1.0027513368431782 
0.6  1.021252097779954 
0.7  1.1984305982271672 
0.8  1.355170127706415 
0.9  1.4875146358704525 
1.0  1.596594589767667 
1.1  1.686091334067847 
1.2  1.7599759190373312 
1.3  1.8217796492164848 
1.4  1.8742727049471373 
1.5  1.9195155414366485 
1.6  1.9590625008430331 
1.7  1.9940565525704228 
1.8  2.0253511348766042 
1.9  2.053591835841212 
2.0  2.079279941619897 
2.1  2.1028071414221046 
2.2  2.124481250647327 
2.3  2.144551257983062 
2.4  2.1632185875554932 
2.5  2.1806503903761585 
2.6  2.1969855353234315 
2.7  2.212340824167733 
2.8  2.2268154584210325 
2.9  2.2404944194037064 
3.0  2.2534510745625687 
