#mmax= 5
#m-states: all states (FBR)
#Nr. of sites: 4

0.0  0.0 
0.1  -0.07420448913209207 
0.2  -0.14359737025435976 
0.3  -0.20325496535193724 
0.4  -0.2484623149711529 
0.41  -0.2520387245298871 
0.42  -0.2554333870412428 
0.43  -0.2586438552848838 
0.44  -0.2616691287434184 
0.45  -0.2645078195812376 
0.46  -0.26716050455610246 
0.47  -0.2696266574645418 
0.48  -0.27190675796169067 
0.49  -0.27400447616573864 
0.5  -0.27591535650097315 
0.51  -0.2776439619369061 
0.52  -0.27919236647021894 
0.53  -0.2805629658877904 
0.54  -0.28175898940258065 
0.55  -0.2827836516521893 
0.56  -0.28364055313289144 
0.57  -0.28433409674231847 
0.58  -0.2848685642270273 
0.59  -0.28524899237243684 
0.6  -0.2854797146548424 
0.7  -0.28082603173852383 
0.8  -0.2676846419779841 
0.9  -0.25121827006224984 
1.0  -0.23470818858617715 
1.1  -0.21965910823685197 
1.2  -0.20656392114113054 
1.3  -0.19536083004178395 
1.4  -0.18580011096782384 
1.5  -0.1776164455369142 
1.6  -0.17054854796919178 
1.7  -0.16438607174636227 
1.8  -0.15896123585942135 
1.9  -0.15414123130296076 
2.0  -0.14982007819503826 
2.1  -0.14591293467460673 
2.2  -0.14235438705796918 
2.3  -0.13909132371874675 
2.4  -0.13608164647257315 
2.5  -0.1332907191014049 
2.6  -0.13069041626078154 
2.7  -0.12825758528521 
2.8  -0.125972982188808 
2.9  -0.12382047106181118 
3.0  -0.12178640918723399 
