#mmax= 10
#m-states: all states (FBR)
#Nr. of sites: 34
 
0.0  17.00000000000001 0.0147058823529439 
0.1  15.416974757401547 0.011998800430514378 
0.2  13.987456682212786 0.009616022745094654 
0.3  12.708706827951973 0.007594477371073438 
0.4  11.576441333727013 0.006070216524555083 
0.41  11.469643730244217 0.0059549026112510894 
0.42  11.363712934958757 0.005848682194466326 
0.43  11.258473462616816 0.005748837303003018 
0.44  11.153709968056637 0.005663412000338264 
0.45  11.049319203445199 0.005589582464587739 
0.46  10.945104788556744 0.005532970522873382 
0.47  10.840807747594855 0.005491412865232914 
0.48  10.736393861235996 0.005465663614638516 
0.49  10.632456969882703 0.005461437577355954 
0.5  10.529909502725367 0.005474588779177614 
0.51  10.430821746829539 0.0054983834668168585 
0.52  10.336373907958293 0.005524604483468476 
0.53  10.246987384070682 0.00554670185978523 
0.54  10.162565954459309 0.005562982790918269 
0.55  10.082292665372476 0.005573057616633514 
0.56  10.005702817564007 0.005578140626286032 
0.57  9.932304398288364 0.0055792957381984865 
0.58  9.861582371145044 0.005577947432913399 
0.59  9.793351521310415 0.005574431048609663 
0.6  9.727258663303651 0.0055696629836696765 
0.7  9.157591284556354 0.005484209297296649 
0.8  8.700996095772378 0.005373515873280388 
0.9  8.318306418789273 0.005264491992486575 
1.0  7.988826119613118 0.005160371838579203 
1.1  7.699904516025282 0.005061320034244976 
1.2  7.443075877843134 0.0049631236825661285 
1.3  7.212389206659305 0.004870182215540142 
1.4  7.003442616871856 0.004782830757822931 
1.5  6.812854742865839 0.004700875102545354 
1.6  6.63794420197789 0.004622520790385387 
1.7  6.4766030943037 0.004548431087391891 
1.8  6.327100665475289 0.00447822772467521 
1.9  6.188030265405402 0.004412075975429808 
2.0  6.058209363400596 0.004349428227235386 
2.1  5.936600770718653 0.004289259614225771 
2.2  5.822377327029069 0.004231859390844139 
2.3  5.714787947862036 0.004176955991987752 
2.4  5.613217305568193 0.004124444289749674 
2.5  5.517099426773734 0.004074204804094594 
2.6  5.425972176073009 0.004026050670289161 
2.7  5.339394185139524 0.00397955891468349 
2.8  5.257001591734314 0.003934854447073977 
2.9  5.178460914999607 0.003891254128270183 
3.0  5.103471624354885 0.0038502059649863085 
3.1  5.031779005044511 0.0038101203711854437 
3.2  4.96316199341301 0.0037715989463665833 
3.3  4.897364333450285 0.003733311688769003 
3.4  4.834180757582458 0.0036977211325318615 
3.5  4.7735134023177945 0.0036617347991190208 
3.6  4.715118733284373 0.0036276840038814706 
3.7  4.6589126757288115 0.003594708440696426 
3.8  4.604750128833489 0.0035626104640854583 
3.9  4.552498234967375 0.003532394208606293 
4.0  4.5020356042008105 0.003502180720204362 
4.1  4.4532733623114105 0.003472811456810443 
4.2  4.40611565863551 0.0034441830001371576 
4.3  4.360474873279331 0.003415883697532429 
4.4  4.316268789354238 0.0033891812302702107 
4.5  4.273425314103928 0.003362736266769195 
4.6  4.231875183048031 0.0033369684397949184 
4.7  4.191553773897444 0.00331184936409723 
4.8  4.1523949982304185 0.003287757252875334 
4.9  4.114355441350629 0.0032633768400447405 
5.0  4.077368089492496 0.0032404288576144413 
