#mmax= 10
#m-states: all states (FBR)
#Nr. of sites: 34
 
0.0  17.000000000000025 0.014705882352942234 
0.1  20.96287057379457 0.02162400897658856 
0.2  27.152265340814658 0.03317426942796975 
0.3  38.59552385583913 0.0569317956064177 
0.4  69.39232149457892 0.13384737478147446 
0.41  75.7255694996139 0.15104519240925862 
0.42  83.37608500277659 0.17202750519371668 
0.43  92.6481091620446 0.1972012233875433 
0.44  104.4561540801537 0.22880862141330205 
0.45  119.32076425082673 0.26668828106327536 
0.46  138.29756603163392 0.31143685724756054 
0.47  162.56940552668797 0.36235131073294735 
0.48  192.99966088650393 0.4167400252217759 
0.49  229.21961792593933 0.4697706559522945 
0.5  269.3628521370234 0.5167819203980406 
0.51  309.5305871987041 0.5540210547509414 
0.52  346.3259170513338 0.581190701080228 
0.53  378.1263451442012 0.6001053035015492 
0.54  404.73185488515037 0.612997413959703 
0.55  427.24851378939195 0.6220350441596458 
0.56  446.43768651068245 0.6284847844923092 
0.57  463.0916121888216 0.633248599866979 
0.58  477.8765490867892 0.6369205952326219 
0.59  491.13073558621045 0.6398144496796501 
0.6  503.25273414967404 0.6421855692357659 
0.7  586.9474794812567 0.6533094862327573 
0.8  638.3438982739477 0.6572835498839358 
0.9  675.3613603726859 0.6593564939032692 
1.0  704.1961708731053 0.6606443464235268 
1.1  727.7519225413594 0.6615309763778676 
1.2  747.6016352258105 0.662182650162537 
1.3  764.7162274324793 0.6626847789561496 
1.4  779.7073376979731 0.6630844118701691 
1.5  793.0116677523058 0.6634108297183704 
1.6  804.9423916840119 0.6636828794344001 
1.7  815.730516854335 0.6639133120975336 
1.8  825.555264755503 0.6641110866137636 
1.9  834.5559286251643 0.6642827512193004 
2.0  842.8415712136679 0.6644330990147391 
2.1  850.5111300710893 0.6645660431069964 
2.2  857.6342879225876 0.6646843370542164 
2.3  864.2765616388573 0.6647903286296524 
2.4  870.4883802692018 0.6648857941566328 
2.5  876.3174883924615 0.6649722758692784 
2.6  881.799531563376 0.6650509258929794 
2.7  886.9693782508326 0.6651227783095288 
2.8  891.8550210388918 0.6651886606598711 
2.9  896.4818513978931 0.6652492797208733 
3.0  900.8728170867769 0.6653052554476202 
3.1  905.0466695554151 0.6653570819713477 
3.2  909.0170569944755 0.665405141710357 
3.3  912.8085257874856 0.6654499570368767 
3.4  916.4326009665872 0.66549182480372 
3.5  919.8929126605772 0.6655308794304059 
3.6  923.2118044101146 0.665567565681074 
3.7  926.3914663559617 0.6656019737339129 
3.8  929.4408466648049 0.6656342998617123 
3.9  932.3745711107844 0.6656648162163965 
4.0  935.1966702991158 0.6656936192619418 
4.1  937.9143301741383 0.6657208539514435 
4.2  940.5336994074607 0.6657466409922831 
4.3  943.0606045538393 0.6657710912634969 
4.4  945.500562635242 0.6657943101494701 
4.5  947.8582147793469 0.6658163816583862 
4.6  950.137984010349 0.6658373873097793 
4.7  952.3442492292984 0.6658574041537293 
4.8  954.4811985052909 0.6658765037209894 
4.9  956.5521973080979 0.6658947436955839 
5.0  958.5596382531407 0.6659121692365482 
