#mmax= 10
#m-states: all states (FBR)
#Nr. of sites: 34
 
0.0  9.293023991333675e-31 
0.1  0.025779235892363108 
0.2  0.05653409541535422 
0.3  0.09900678733023285 
0.4  0.16591435540570254 
0.41  0.17494207492417932 
0.42  0.18460123959517655 
0.43  0.19494181671792477 
0.44  0.20616422116023028 
0.45  0.21830169328662485 
0.46  0.23152634360031832 
0.47  0.24597933304026237 
0.48  0.2617113383476354 
0.49  0.27850300397345673 
0.5  0.29583191828358596 
0.51  0.31278400494184905 
0.52  0.3285883782587652 
0.53  0.3428864486573027 
0.54  0.3556498710973404 
0.55  0.3671510747270524 
0.56  0.37758422017930354 
0.57  0.38715153912267986 
0.58  0.39603202427900036 
0.59  0.4043183312760639 
0.6  0.41212918785886965 
0.7  0.472214051336666 
0.8  0.51364289012384 
0.9  0.545164816636266 
1.0  0.5705043410019726 
1.1  0.5916194546305094 
1.2  0.6096561217960252 
1.3  0.6253568118543026 
1.4  0.6392104953542169 
1.5  0.6515741770429988 
1.6  0.6627100941833151 
1.7  0.6728154160278398 
1.8  0.6820452743978763 
1.9  0.6905220908194373 
2.0  0.6983425415732317 
2.1  0.7055939503718556 
2.2  0.7123396748864249 
2.3  0.7186383690244815 
2.4  0.7245363364930586 
2.5  0.7300765738143578 
2.6  0.7352924277391862 
2.7  0.7402154420219589 
2.8  0.744871654707716 
2.9  0.7492845479930563 
3.0  0.7534750697673914 
3.1  0.7574610797245069 
3.2  0.7612556593803466 
3.3  0.7648805281246611 
3.4  0.7683461741061978 
3.5  0.7716581102115471 
3.6  0.7748350306392913 
3.7  0.7778804204306099 
3.8  0.7808024111650814 
3.9  0.7836144805000015 
4.0  0.7863202775091731 
4.1  0.788926828160197 
4.2  0.791439882615423 
4.3  0.7938649755348155 
4.4  0.7962071572290635 
4.5  0.7984710126246591 
4.6  0.8006606654610833 
4.7  0.8027802568294238 
4.8  0.8048335184533677 
4.9  0.8068241459143384 
5.0  0.8087538729847745 
