#mmax= 10
#m-states: all states (FBR)
#Nr. of sites: 34
 
0.0 1.0266113212894085e-27
0.1 -0.20677354811299947
0.2 -0.8338001508082087
0.3 -1.9047783878491085
0.4 -3.4760509406613025
0.41 -3.66490214398255
0.42 -3.860269130904578
0.43 -4.062426507342806
0.44 -4.271695225966981
0.45 -4.488449433533761
0.46 -4.713125901073511
0.47 -4.946229442402782
0.48 -5.188307874040291
0.49 -5.439868003476522
0.5 -5.701220148173693
0.51 -5.972298719516189
0.52 -6.252613814080536
0.53 -6.5413916553139515
0.54 -6.837788148349288
0.55 -7.14104002758048
0.56 -7.45050736653404
0.57 -7.765670322679064
0.58 -8.086103153840924
0.59 -8.411450351385028
0.6 -8.741410030112283
0.7 -12.248617213879637
0.8 -16.040982061625442
0.9 -20.039828673731094
1.0 -24.19967606950496
1.1 -28.490872691292285
1.2 -32.8925591612452
1.3 -37.38925485534412
1.4 -41.96900964590381
1.5 -46.62232345018707
1.6 -51.34146326182376
1.7 -56.12000919247778
1.8 -60.95256094012686
1.9 -65.83450673638788
2.0 -70.76187201778083
2.1 -75.73119811162556
2.2 -80.73945033600592
2.3 -85.78394793136403
2.4 -90.86230731590521
2.5 -95.97239624557817
2.6 -101.11230140622696
2.7 -106.28029775368499
2.8 -111.4748157532974
2.9 -116.69443056838111
3.0 -121.93784052379362
3.1 -127.20385288872835
3.2 -132.49136955443578
3.3 -137.7993848125778
3.4 -143.12696547367037
3.5 -148.4732455621108
3.6 -153.83742403588133
3.7 -159.21875371946732
3.8 -164.6165396992178
3.9 -170.03013156317235
4.0 -175.45892134573126
4.1 -180.90233893744383
4.2 -186.35984936924248
4.3 -191.83094870335515
4.4 -197.31516329130574
4.5 -202.81204590241381
4.6 -208.32117420855064
4.7 -213.84214908384786
4.8 -219.3745927624147
4.9 -224.91814644484884
5.0 -230.47247040315236
