0.0  -0.0  0.0
0.1  0.00675159657026876  0.00026025911540129246
0.2  0.02688982901696135  0.0005219402330039533
0.3  0.0665676517289877  0.0008329041556234914
0.4  0.14834058305845577  0.0012697106770604527
0.41  0.16178422446904783  0.0013348358202018014
0.42  0.17718991687256777  0.0014038568141590065
0.43  0.19736130250883724  0.001487010685910002
0.44  0.22065486269186704  0.0015811145680625336
0.45  0.2473063303949794  0.0016894394530123922
0.46  0.27955252231011646  0.0018106877585309876
0.47  0.32579121795922783  0.001989013092133448
0.48  0.3799605021844832  0.0021825839818358397
0.49  0.4530839365710801  0.002436708749830957
0.5  0.5230935930244932  0.002689887753274571
0.51  0.59585143880674  0.0029273965960947344
0.52  0.6461070740749081  0.0031044709776732716
0.53  0.6819602852466965  0.003211325435055345
0.54  0.695984174214022  0.0032630154476248796
0.55  0.7110135824814109  0.0033040847372366087
0.56  0.7119250639612403  0.0033061466205928933
0.57  0.7092465512956339  0.0032973592271649432
0.58  0.7112486338432574  0.0032979010150529816
0.59  0.7157342720881724  0.0033000159399597597
0.6  0.7117132548416323  0.0032862380497751236
0.7  0.7034063580815335  0.00324272140199828
0.8  0.7125883913325655  0.0032666333030660633
0.9  0.7108706063788236  0.003256122889771297
1.0  0.6982279221374119  0.0032189529409231347
1.1  0.7069427383987671  0.0032433761863398325
1.2  0.7048461058311569  0.0032373662743321874
1.3  0.706199025879345  0.0032397044741224235
1.4  0.7048221670167695  0.003235954351262341
1.5  0.7049769794737393  0.0032345865330278517
1.6  0.698928024773369  0.0032175668649689682
1.7  0.7067039037072844  0.0032425000036432677
1.8  0.7062412337680245  0.003236427337413073
1.9  0.7097632872954523  0.003249583926976954
2.0  0.6992838537736562  0.003218097502048733
2.1  0.7006907290298005  0.003222485236421689
2.2  0.7027940493563495  0.003229162574028242
2.3  0.7039856816841509  0.003229003140011399
2.4  0.7047559817588335  0.0032314985648142437
2.5  0.6977102422706084  0.003214344322998411
2.6  0.7068623086291164  0.003241835488816424
2.7  0.703879564357929  0.003228873090474485
2.8  0.7007031172799812  0.003219793830793891
2.9  0.7071624245187854  0.0032431820285393647
3.0  0.6976134848416153  0.003205764870767942
3.1  0.7044472262086948  0.003236954754714355
3.2  0.7054691213868904  0.0032322202372902864
3.3  0.7044339663194136  0.0032322140768416157
3.4  0.7037298388480252  0.0032244484247863506
3.5  0.7092835483968586  0.003242930331525196
3.6  0.7071821593726394  0.0032383027002094965
3.7  0.7054011570208257  0.0032353299489480563
3.8  0.7043775200933262  0.0032257507422250625
3.9  0.703308256729268  0.0032243518359137626
4.0  0.7057742275147108  0.0032330725104831436
4.1  0.7021556236687052  0.003221111532515991
4.2  0.7084793010207405  0.0032446531168820536
4.3  0.6967624484810407  0.0032048681070544313
4.4  0.703378618275131  0.003230265148656624
4.5  0.7061467317012124  0.0032355281547238215
4.6  0.7032788552918787  0.0032251392748900583
4.7  0.7035575519658308  0.0032273725288709354
4.8  0.6958203119126036  0.0032021452429037765
4.9  0.7111975150188732  0.0032514176098049586
5.0  0.7033549304047181  0.0032251445083049694
0.0  -0.0  0.0
0.1  0.006682319980405152  0.00025893474511900496
0.2  0.027251964644569346  0.0005255568063446533
0.3  0.06706945644736297  0.0008323548404200075
0.4  0.1506031953570368  0.0012809712231618992
0.41  0.1634182400166422  0.0013398432742431233
0.42  0.17711060187841632  0.001400559978117865
0.43  0.19921858791422584  0.0014915987540826702
0.44  0.2231348782015118  0.001588456820235322
0.45  0.24897754433474278  0.0016963763073584584
0.46  0.27892552616166555  0.0018116381341934493
0.47  0.32586565643782195  0.001990900423682142
0.48  0.3789116550454245  0.002175586198583784
0.49  0.449182415176348  0.0024254786642385145
0.5  0.5217209087585056  0.002692956171132167
0.51  0.5945954040268517  0.002925575974410619
0.52  0.6446597433330651  0.0031000178206792134
0.53  0.6697778483901594  0.0031755037191908433
0.54  0.6880416883441627  0.0032334368289770443
0.55  0.7068396980378442  0.0032979925707568307
0.56  0.7104299068777377  0.0033036402405915775
0.57  0.7191579622096882  0.003319171514722353
0.58  0.7136822543607024  0.0033066976025701244
0.59  0.7115349801802929  0.003294348884477998
0.6  0.7163177486205825  0.00330676188458493
0.7  0.7079914050422491  0.003259909569475027
0.8  0.7046839023798509  0.003243861968042768
0.9  0.7050038955602796  0.0032380726070396553
1.0  0.7031280276007916  0.0032303751956829
1.1  0.7024497540473478  0.0032315889094546913
1.2  0.7058616101181344  0.0032452749412029244
1.3  0.7039766702253849  0.003233461819772635
1.4  0.7026384430454855  0.0032293403469174603
1.5  0.7048303686664968  0.00323771590478132
1.6  0.7019211101258493  0.0032258530583424414
1.7  0.6969708356325747  0.0032126330407337826
1.8  0.6984598058585177  0.0032143310864009953
1.9  0.7061404163401105  0.0032331486576591723
2.0  0.7110637267743416  0.0032503967094203888
2.1  0.7064669082986781  0.00323671473687531
2.2  0.7073181387027998  0.0032407827800460033
2.3  0.7092009514462132  0.003243381246980479
2.4  0.7059045166128061  0.003233104553410223
2.5  0.7023117720590889  0.003227962020996001
2.6  0.7046301584785766  0.003230257322114181
2.7  0.7076339001959989  0.003238482704684894
2.8  0.7103531734301657  0.0032489649041549705
2.9  0.6989422639102815  0.003214187375700329
3.0  0.7024330338874055  0.003226121657327827
3.1  0.7028003539522121  0.003227105350823066
3.2  0.7075784214892951  0.003240457749292218
3.3  0.7032102051108545  0.00322712515209105
3.4  0.7015770214250373  0.003220774281426158
3.5  0.7048461048258642  0.003232867729346074
3.6  0.7035839126001885  0.00322836094499342
3.7  0.7000624844353036  0.0032160916304730934
3.8  0.7052815306424209  0.003231418482717096
3.9  0.7077648295393801  0.0032370048832078037
4.0  0.701427635614502  0.003219601101997419
4.1  0.704764987225681  0.0032324763645798496
4.2  0.7084890836088171  0.0032454110736707133
4.3  0.7017478981588224  0.0032233709582333903
4.4  0.7030694409809264  0.003226726238737404
4.5  0.7054823192294628  0.003231329912412912
4.6  0.6979992425006739  0.003210190770050926
4.7  0.6999352906320991  0.003219084230321845
4.8  0.7037810991184196  0.003228676850703485
4.9  0.7018073597088212  0.003222570680451673
5.0  0.7032844287418246  0.0032264936276860516
