#mmax= 10
#m-states: all states (FBR)
#Nr. of sites: 34
 
0.0  -0.0 
0.1  0.006345489653421424 
0.2  0.02670088277441643 
0.3  0.06678794285573161 
0.4  0.14971389075772565 
0.41  0.1635309933353252 
0.42  0.17939707406883432 
0.43  0.1978458694542108 
0.44  0.22012035927183263 
0.45  0.24735081388655228 
0.46  0.2816115076995455 
0.47  0.32555559058393496 
0.48  0.3816113707704483 
0.49  0.44931201915140345 
0.5  0.523305018415189 
0.51  0.5916625692466975 
0.52  0.644307691741082 
0.53  0.6786463661423215 
0.54  0.6979391288754118 
0.55  0.7078912653355148 
0.56  0.7123956950625664 
0.57  0.7140932467342073 
0.58  0.7144505341691461 
0.59  0.7141759874418426 
0.6  0.7136498650161132 
0.7  0.7090558336303487 
0.8  0.7072083869283275 
0.9  0.7062555147970999 
1.0  0.7057324173868715 
1.1  0.7053376334365997 
1.2  0.7050773036163182 
1.3  0.7048359006147866 
1.4  0.7046563642426765 
1.5  0.704524039732598 
1.6  0.7044058108747585 
1.7  0.7043032696712292 
1.8  0.7041958957934873 
1.9  0.7041292790622642 
2.0  0.7040780749069212 
2.1  0.7040199802430932 
2.2  0.7039694706550284 
2.3  0.703919424737867 
2.4  0.7038733937203333 
2.5  0.7038293795695891 
2.6  0.7037884662158296 
2.7  0.7037515995729189 
2.8  0.7037167454889686 
2.9  0.7036834805412918 
3.0  0.7036536246609606 
3.1  0.7036254258218968 
3.2  0.7035992090647152 
3.3  0.7035743701016393 
3.4  0.7035504125121501 
3.5  0.7035290123225532 
3.6  0.7035079308927514 
3.7  0.7034877529508273 
3.8  0.7034689243160017 
3.9  0.7034507758536106 
4.0  0.7034335604870032 
4.1  0.7034171662253559 
4.2  0.7034014431708259 
4.3  0.7033864467208154 
4.4  0.7033720672867555 
4.5  0.7033582794613074 
4.6  0.703344978650665 
4.7  0.7033322192122975 
4.8  0.7033199563588082 
4.9  0.7033081609788002 
5.0  0.7032967728491628 
