#mmax= 10
#m-states: all states (FBR)
#Nr. of sites: 34
 
0.0  0.0 
0.1  0.022975112596374327 
0.2  0.07702431715455604 
0.3  0.16004750000835039 
0.4  0.29197445769515623 
0.41  0.3109781395675183 
0.42  0.3320850124322747 
0.43  0.35574747930808065 
0.44  0.38332550477667304 
0.45  0.4156183754507263 
0.46  0.4542038405880896 
0.47  0.500566618077841 
0.48  0.5548403782683429 
0.49  0.6135412118186032 
0.5  0.669919512972131 
0.51  0.7151096558210367 
0.52  0.7450531095149048 
0.53  0.7613725214743746 
0.54  0.7681423132535258 
0.55  0.7696756890996038 
0.56  0.7685204897439344 
0.57  0.7662493893825337 
0.58  0.7636456585866305 
0.59  0.7610565798023361 
0.6  0.7586323089837759 
0.7  0.7442744101790861 
0.8  0.7384822169469132 
0.9  0.7354558631654182 
1.0  0.7336367332364943 
1.1  0.7323814784926606 
1.2  0.7314799233669234 
1.3  0.7307653075165556 
1.4  0.7301987305855565 
1.5  0.7297405626103606 
1.6  0.7293509464493305 
1.7  0.7290151608790454 
1.8  0.7287143080428915 
1.9  0.728463031245045 
2.0  0.7282436999911959 
2.1  0.7280406468471274 
2.2  0.7278580865765656 
2.3  0.7276901895414347 
2.4  0.7275364966605289 
2.5  0.7273943904054562 
2.6  0.7272627953335343 
2.7  0.7271419817104113 
2.8  0.7270294456147093 
2.9  0.7269242662923756 
3.0  0.7268265343411539 
3.1  0.7267348672063355 
3.2  0.7266486806952829 
3.3  0.7265677154147467 
3.4  0.7264907760411691 
3.5  0.7264191157842876 
3.6  0.7263504252113613 
3.7  0.7262853685706525 
3.8  0.7262239718102204 
3.9  0.7261650089355149 
4.0  0.7261091411762689 
4.1  0.7260557220998435 
4.2  0.7260046394331936 
4.3  0.7259557968282845 
4.4  0.7259089860458102 
4.5  0.7258640609427052 
4.6  0.7258209308744921 
4.7  0.7257795166660528 
4.8  0.7257396872927107 
4.9  0.7257013441176969 
5.0  0.7256643940561155 
