#mmax= 10
#m-states: all states (FBR)
#Nr. of sites: 34

0.0  0.0 0.0 0.0 NaN NaN 0.0 
0.1  -0.00192 0.0019382468119429584 0.3756800704007042 -0.02604041823729497 10.463256497088953 0.0 
0.2  0.00634 0.0038460558973394616 1.479214596545965 0.030474828456417854 2.478097462550255 0.0 
0.3  0.0069 0.0057942264048444206 3.35730596305963 0.0261179488206209 1.0599235537052225 0.0 
0.4  0.0086 0.007827788521845196 6.127427314273141 -0.0025532863756348454 0.46415523342280185 0.0 
0.41  0.0068 0.008033590914767186 6.453858298582987 0.01643521450557038 0.42313909225975044 0.0 
0.42  -0.00196 0.008247268745373683 6.801744175841761 -0.010282897800410178 0.38566662680669594 0.0 
0.43  -0.00338 0.008490995626313044 7.209700672606724 -0.002848083682295585 0.3650101226578455 0.0 
0.44  -0.01262 0.008752758048965746 7.661077346373466 0.0016773552674417191 0.3819751534658282 0.0 
0.45  -0.00344 0.008991412020305888 8.084549011890122 -0.011168541795860614 0.32871218807020375 0.0 
0.46  -0.00344 0.009174700181217596 8.417512341523418 -0.005831466219291246 0.2767290746168265 0.0 
0.47  0.00636 0.009481249624650984 8.989409444494443 0.01254987107146115 0.28081839786507334 0.0 
0.48  0.00508 0.009700798059480977 9.41054829908299 0.013760055982819609 0.256322787579506 0.0 
0.49  -0.02326 0.010055366767453501 10.111040082800828 -0.004224078936904882 0.22782895614893617 0.0 
0.5  0.00912 0.010236494327364284 10.478581611416114 0.009095348767758377 0.14880431063532562 0.0 
0.51  0.01974 0.010544155495636016 11.117921511615119 0.0015774138420675524 0.16993478644172821 0.0 
0.52  0.00584 0.010817468702071256 11.701762912029118 -0.0001372277548956662 0.14626977889047144 0.0 
0.53  0.00054 0.01103130155422015 12.168961398013986 -0.001883492240997996 0.13992544255242567 0.0 
0.54  0.00174 0.011206534950119768 12.558642558825586 -0.0019529427715221388 0.10709232946460334 0.0 
0.55  -0.0161 0.011384230492529528 12.96007039070391 -0.01741847256158983 0.1424573870117909 0.0 
0.56  0.0077 0.011516541729500835 13.263073340733408 -0.007772328890206523 0.12209808115675047 0.0 
0.57  -0.00648 0.01167730035964807 13.635934368943696 0.025245236451523035 0.05130003284602047 0.0 
0.58  0.01008 0.011880858364779659 14.115479548395477 0.00810741056189969 0.08464510172946937 0.0 
0.59  0.01406 0.011995159940685242 14.388386200261994 0.009769294008953643 0.07790763639517317 0.0 
0.6  -0.00996 0.012118303367912737 14.685327651676516 0.009110797435103296 0.058842632328675926 0.0 
0.7  0.00794 0.013206722293557073 17.44175137391374 -0.01066451575884728 0.02998710064262955 0.0 
0.8  -0.0063 0.01402045537176622 19.657316883168825 0.0005094498093518592 0.041936856415929924 0.0 
0.9  0.00305 0.014617460233448105 21.367014367643673 -0.005841422004828574 0.04150535057898219 0.0 
1.0  -0.01864 0.015201672158429286 23.109083641236413 -0.009424469483236863 0.007318851027286133 0.0 
1.1  0.02821 0.01568061863502227 24.58818007770077 -0.003836290905260599 0.006313318309561389 0.0 
1.2  -0.01004 0.016206813955623293 26.2660818592186 -0.011069915200623224 0.033908571912220964 0.0 
1.3  -0.00628 0.01657885865195617 27.485855420154202 0.0005337248840223892 0.033919636571307255 0.0 
1.4  0.00024 0.016965178383877254 28.7817277596776 0.0015355287321648186 -0.004517362083077181 0.0 
1.5  -0.0018 0.017324934895510895 30.01533691336911 -0.007654562931426335 -0.0046561106202398506 0.0 
1.6  -0.01758 0.017710145282533944 31.364924592845934 -0.006695777353634029 0.017492075653458894 0.0 
1.7  -0.01345 0.01801631862652214 32.45877368523686 0.010058607006597694 0.015725673212888758 0.0 
1.8  -0.00087 0.01833003688849325 33.59902523335233 -0.004844283994977593 0.04722152867754481 0.0 
1.9  -0.00416 0.018616898045402952 34.65888928329283 0.006251608987301971 0.012837774402714608 0.0 
2.0  -0.02501 0.018856410067693334 35.55642006410065 0.004891671602360297 0.0006735722199890937 0.0 
2.1  -0.02448 0.019233764755581955 36.993770667306656 0.00901543091679392 -0.005539709709868834 0.0 
2.2  -0.0078 0.019437673982030317 37.782316983169835 0.011568049304352587 -0.0056553240331806975 0.0 
2.3  -0.01527 0.01965170807251374 38.61896301673017 -0.011992754440854162 -0.001004459069025021 0.0 
2.4  -0.00855 0.01993760627699425 39.75081440564406 0.005093361288087592 -0.0173686067071106 0.0 
2.5  -0.02035 0.02020655442729953 40.83048418234183 -0.00939044411281105 -0.02629431052680209 0.0 
2.6  -0.01527 0.020396409694019287 41.6013528406284 0.0029049253409319793 0.0037559692820114954 0.0 
2.7  -0.04348 0.020630258141174817 42.56075509715098 0.007473815158487312 0.028318241841036595 0.0 
2.8  -0.00677 0.02078064387892253 43.183516002260035 -0.008152024237032462 0.014731664736856942 0.0 
2.9  0.03851 0.021000106662676703 44.10044798437985 0.010955454416130923 -0.0012261903740715674 3.660101120066e-312 
3.0  -0.01924 0.021225758020669967 45.05328035520355 0.006559161398345207 0.0147064660725027 7.1851847736e-314 
3.1  0.03672 0.021411209699944745 45.8439900815008 0.0024059116415373113 0.012103927073112253 2.388017e-318 
3.2  0.02674 0.021563587354774625 46.49882996069961 -0.01717810190571387 0.0279031832458303 2.965048547278e-311 
3.3  0.01022 0.021832419061139804 47.66545220612207 0.010995900697607806 0.019316993385840142 1.0534521689e-313 
3.4  -0.00641 0.021955603148264818 48.204850960409594 -0.007671090764336687 -0.009958959430705683 7.656911917120113e-289 
3.5  -0.02157 0.022180026304913815 49.195356688666884 -0.005276076583946577 0.016263101379417666 6.397882543796221e-292 
3.6  -0.00617 0.022324146187167604 49.836750298602986 0.009238751945868238 0.009965400109162026 5.923051280418541e-292 
3.7  -0.00936 0.022587258039573056 51.01842257462577 0.004047213470637829 0.009402577198349693 1.4685054971503224e-279 
3.8  0.04378 0.022647718699851938 51.291916230762325 0.0028342854357192694 -0.0008609474605640877 3.404966080727586e-267 
3.9  -0.02964 0.022813513961426297 52.04564192681926 -0.022306501445067732 -0.0029298114310933876 8.123144143367785e-273 
4.0  0.0594 0.023000447965334635 52.902060660606615 0.006404165765549793 -0.02725937142860957 5.490785514987589e-258 
4.1  0.01567 0.023174576913530726 53.706101512115126 -0.0032624232292143315 -0.008008684995152393 2.4234827082552224e-263 
4.2  -0.00066 0.023337172962473812 54.46236418804188 -0.0012248387260996516 0.01309800106403447 1.2506256653900063e-262 
4.3  0.0139 0.023417872488070274 54.839675186751855 -0.002200020927458505 0.02513378484537032 5.955593308548211e-264 
4.4  -0.01754 0.023567105837772606 55.540847756877575 -0.006117821633000068 -0.0021085868317958223 4.3766227233044325e-251 
4.5  -0.00239 0.023757678488267146 56.442728715187144 -0.00794234045070601 -0.02791278204506531 4.734708390492286e-247 
4.6  0.0104 0.023844454365324445 56.85580039800399 0.00516156891069426 -0.002359811278794588 9.106319081278632e-253 
4.7  0.00818 0.024120815678858997 58.18137490134901 0.001433323396575092 0.021541558479804657 2.6109551747527333e-242 
4.8  -0.003 0.0241947631496082 58.53865638656388 0.001901872436879616 0.021986513207951752 3.6359386152062566e-245 
4.9  0.01849 0.024371528899788157 59.39714209132094 0.01774895775437879 0.023461861403260453 2.932701422173077e-243 
5.0  -0.0297 0.024471828043766533 59.88703678036781 -0.004109821469312575 -0.001284826056900279 4.306475375995041e-233 
