#mmax= 10
#m-states: all states (FBR)
#Nr. of sites: 34
 
0.0  7.392289781917108e-61 
0.1  0.0024810293010992294 
0.2  0.009691447994488378 
0.3  0.020902196828075766 
0.4  0.03467299507402487 
0.41  0.03609920489826355 
0.42  0.037519237224191274 
0.43  0.038927366938054576 
0.44  0.040318910324705214 
0.45  0.04168501747155801 
0.46  0.04301703268035235 
0.47  0.044304292902481605 
0.48  0.04553481623506142 
0.49  0.046696984732935314 
0.5  0.047785981042502305 
0.51  0.048808070038923256 
0.52  0.04977865444411916 
0.53  0.05071346722245963 
0.54  0.05162391736032437 
0.55  0.05251431125172871 
0.56  0.05338725847035665 
0.57  0.054243307905269655 
0.58  0.05508237335134225 
0.59  0.055904838709327664 
0.6  0.05671110661513401 
0.7  0.06401919464192189 
0.8  0.07031585532064384 
0.9  0.07593648724171481 
1.0  0.08107607646055695 
1.1  0.0858539772579111 
1.2  0.0903478738241468 
1.3  0.09460946459027934 
1.4  0.09867816131116944 
1.5  0.10258146429202934 
1.6  0.10634066235766705 
1.7  0.1099727423941234 
1.8  0.11349119143403277 
1.9  0.11690654205770294 
2.0  0.12022941815205018 
2.1  0.12346482955389827 
2.2  0.1266213212541148 
2.3  0.12970408801551914 
2.4  0.13271872851648717 
2.5  0.13566884968389026 
2.6  0.13855904308883796 
2.7  0.14139318196546452 
2.8  0.14417439646882968 
2.9  0.1469054031346632 
3.0  0.14958933878932684 
3.1  0.15222781094017537 
3.2  0.15482581705686763 
3.3  0.1573788788585074 
3.4  0.15989372793457074 
3.5  0.16237323392437325 
3.6  0.16481507977631665 
3.7  0.16722429227495147 
3.8  0.16960422027816816 
3.9  0.17194839706569365 
4.0  0.17426356253091455 
4.1  0.17654930644610323 
4.2  0.17880710312525555 
4.3  0.18103759480974013 
4.4  0.18324266788981225 
4.5  0.18542226303391893 
4.6  0.18757772042423662 
4.7  0.18970959464980175 
4.8  0.1918192702069964 
4.9  0.19390498399731887 
5.0  0.19597254671564754 
