#mmax= 10
#m-states: all states (FBR)
#Nr. of sites: 34
 
0.0  -6.085777299618269e-15 
0.1  -1.402288848289927e-8 
0.2  9.249722951991509e-8 
0.3  5.913168919604567e-7 
0.4  -2.369194883153485e-6 
0.41  1.2363283457141595e-5 
0.42  7.823583368519913e-6 
0.43  -7.16700362232177e-5 
0.44  4.178385035553019e-5 
0.45  -0.0003384540605867899 
0.46  -1.4231282167870215e-5 
0.47  -0.00012794736874880124 
0.48  -4.561461395552826e-5 
0.49  0.0003597765963047553 
0.5  -0.00019537458690937 
0.51  -0.0009194210980254055 
0.52  -0.001787393754016433 
0.53  -0.004260336850549825 
0.54  -0.0023369438520830653 
0.55  -0.004402838202801627 
0.56  -0.004655546212067036 
0.57  -0.0033869073098102874 
0.58  -0.0049672254824901846 
0.59  -0.004208862304242214 
0.6  -0.0030280488587721872 
0.7  0.05635048044424097 
0.8  0.04303055426956402 
0.9  -0.1437831077448138 
1.0  0.003178666239464407 
1.1  0.12365345157354642 
1.2  0.08189483852334094 
1.3  0.17501503236370047 
1.4  0.19821008282323305 
1.5  0.18502863169507933 
1.6  0.18702205147809237 
1.7  0.19004511125435403 
1.8  0.2281527813230298 
1.9  0.20725460909606336 
2.0  0.16708609928632387 
2.1  0.15609885301566112 
2.2  0.13903577437148967 
2.3  0.135135441343902 
2.4  0.13212640999087769 
2.5  0.13482493035327675 
2.6  0.13807641571769014 
2.7  0.13814835772789683 
2.8  0.14010386401257174 
2.9  0.1444496845688785 
3.0  0.14453726513350462 
3.1  0.1453088219720277 
3.2  0.14487025524040464 
3.3  0.14547244554364155 
3.4  0.14705754139336136 
3.5  0.1452222367319626 
3.6  0.1454402319360732 
3.7  0.14646643200246678 
3.8  0.1466724991399184 
3.9  0.14699099982091296 
4.0  0.14745353330874944 
4.1  0.14754802555483648 
4.2  0.14783856652507488 
4.3  0.14792560512120295 
4.4  0.14805956529779307 
4.5  0.14807592944297882 
4.6  0.148364951427574 
4.7  0.14855521141265915 
4.8  0.14871013449290915 
4.9  0.1488105263776974 
5.0  0.1489755103331883 
