#mmax= 10
#m-states: all states (FBR)
#Nr. of sites: 34

0.0  -0.0  0.0
0.1  -0.0  6.538812761206723e-19
0.2  -0.0  2.1256746078860736e-19
0.3  -0.0  3.821541582756565e-19
0.4  2.000020000268671e-5  1.4142347759124069e-5
0.41  -0.0  3.230517156806202e-19
0.42  2.000020000268671e-5  1.4142347759124072e-5
0.43  2.000020000268671e-5  1.4142347759118244e-5
0.44  2.000020000268671e-5  1.414234775912026e-5
0.45  5.000125004166272e-5  2.236135061996341e-5
0.46  8.000320016398402e-5  2.828554411187921e-5
0.47  0.00011000605044298054  3.3168238039070875e-5
0.48  0.0002400288045975206  4.8995919667329576e-5
0.49  0.00025003125509268  5.000650118193321e-5
0.5  0.0002900420569494946  5.385972733885383e-5
0.51  0.00044009682270153104  6.634742465178194e-5
0.52  0.0006101861059030467  7.812671702404156e-5
0.53  0.000700245098616549  8.369571773021711e-5
0.54  0.0006902381514078923  8.30953258164647e-5
0.55  0.0008803873855234236  9.385008291252642e-5
0.56  0.0011106162705420545  0.00010541556382429817
0.57  0.001070572786616027  0.00010349670012366882
0.58  0.0015111381438740316  0.00012297530453418104
0.59  0.0015912650380675976  0.00012619617044837926
0.6  0.0017014459787427034  0.00013049561778836035
0.7  0.004128495347297888  0.00020339752697403179
0.8  0.0065714158886414275  0.000256768196942062
0.9  0.009972526212655961  0.00031652198248595907
1.0  0.011897864600868438  0.0003459247085277059
1.1  0.014653078892960041  0.00038415249204103364
1.2  0.01962539533045729  0.0004468067193947972
1.3  0.021743236390438563  0.00046863711295352185
1.4  0.024225464308299974  0.0004948226392000225
1.5  0.028078641604560216  0.0005331087410638002
1.6  0.03117233902107756  0.0005620255750597951
1.7  0.033818609719157525  0.000587483588519686
1.8  0.0384573889513794  0.0006277239637757467
1.9  0.04075014064970315  0.0006451287727543833
2.0  0.04391163426442024  0.000669453274035184
2.1  0.04875615521073038  0.0007081550602357098
2.2  0.05020040123588499  0.000730881696384124
2.3  0.05285405619287627  0.0007352806588757073
2.4  0.05761095285274804  0.0007843953400626889
2.5  0.06013126404657434  0.0007915119205971834
2.6  0.0627032098009164  0.0008103003240106869
2.7  0.06529925451133431  0.0008339168943527492
2.8  0.06721718335598363  0.0008416697987857842
2.9  0.06977409915870278  0.0008549182992270119
3.0  0.07335863142282519  0.000870794421886488
3.1  0.07673153060639577  0.0008939966503103667
3.2  0.07862904618429696  0.0009181839397860235
3.3  0.08035435958739173  0.0009190616580279531
3.4  0.08364797660692136  0.0009512549682620847
3.5  0.08558907638197306  0.0009518746828248699
3.6  0.0870411339753039  0.0009581855715081658
3.7  0.09163438976374769  0.0010002274330417275
3.8  0.09332131737574213  0.0009939604184745817
3.9  0.09406203090622085  0.0010157319477304089
4.0  0.09643100124903858  0.0010192005628767396
4.1  0.10015737430944449  0.0010443632141595822
4.2  0.10081864706442357  0.0010408977972069838
4.3  0.10281292209897618  0.0010566199714994611
4.4  0.10269417115618767  0.0010761123533893715
4.5  0.10378187708699241  0.0010880363518502444
4.6  0.1088937493942768  0.0010873192529671143
4.7  0.11119906827072051  0.0011091028335343325
4.8  0.11225421467847259  0.0011320140862826791
4.9  0.11451316778095971  0.0011297382051600696
5.0  0.11621461216783804  0.0011338892948299336
