#mmax= 10
#m-states: all states (FBR)
#Nr. of sites: 34

0.0  1.0  0.0
0.1  1.0  6.538812761206723e-19
0.2  1.0  2.1256746078860736e-19
0.3  1.0  3.821541582756565e-19
0.4  0.99998  1.4142064912168886e-5
0.41  1.0  3.230517156806202e-19
0.42  0.99998  1.414206491216889e-5
0.43  0.99998  1.4142064912163062e-5
0.44  0.99998  1.4142064912165078e-5
0.45  0.99995  2.2360232552432412e-5
0.46  0.9999200000000067  2.828328126835045e-5
0.47  0.9998900000000007  3.31645895328866e-5
0.48  0.9997600000000113  4.898416064660997e-5
0.49  0.9997500000001166  4.999399955664356e-5
0.5  0.9997100000011816  5.384410801798921e-5
0.51  0.9995600000057  6.631823178531334e-5
0.52  0.9993900000197798  7.807905972820222e-5
0.53  0.9993000000157658  8.36371307291255e-5
0.54  0.9993100000081462  8.303799004232824e-5
0.55  0.9991200000417472  9.376749484348138e-5
0.56  0.9988900002354532  0.00010529855257327363
0.57  0.9989300000719825  0.00010338595866198645
0.58  0.9984900030504644  0.00012278961219946622
0.59  0.9984100003528633  0.00012599551858189634
0.6  0.9983000006598911  0.00013027377532423304
0.7  0.995880015173708  0.00020255953224919347
0.8  0.9934501286462175  0.00025508639828434877
0.9  0.9900770345414132  0.0003133811457868675
1.0  0.9881726351144738  0.00034183333077702946
1.1  0.9854537550157705  0.00037856451578050247
1.2  0.9805659290904266  0.00043812344592720484
1.3  0.9784914437942317  0.00045855740526945207
1.4  0.97606561698812  0.00048297936463045986
1.5  0.972311899626616  0.0005183479727312974
1.6  0.9693085090010465  0.0005447761721816657
1.7  0.9667468472164262  0.0005679479069927986
1.8  0.9622727073153476  0.0006040416380692089
1.9  0.960068982194019  0.0006193681242423774
2.0  0.9570385231497138  0.0006406925727003731
2.1  0.9524133424162027  0.0006744563278680397
2.2  0.9510388160481565  0.0006950968632004255
2.3  0.9485184327724663  0.0006974272582046922
2.4  0.94401714318045  0.0007404826480500371
2.5  0.9416409218737144  0.000745320014585166
2.6  0.9392221842668558  0.0007610520402294583
2.7  0.9367870836661023  0.0007812025754806051
2.8  0.9349921145587827  0.0007869546249269856
2.9  0.93260447224666  0.0007973006292646195
3.0  0.9292675057313167  0.0008092009604312005
3.1  0.9261384600641567  0.0008279646810209574
3.2  0.9243827641658415  0.000848753408272087
3.3  0.9227892892103611  0.0008481002541521108
3.4  0.9197549743804595  0.0008749214889631785
3.5  0.9179713698438016  0.0008737937065123799
3.6  0.9166393898356389  0.0008783106376165581
3.7  0.9124386854926655  0.000912646204198297
3.8  0.9109007650248153  0.0009053993055928821
3.9  0.9102262983273799  0.0009245459308755098
4.0  0.9080725513100338  0.0009255080554281034
4.1  0.9046950310764552  0.00094483021048921
4.2  0.9040969786605169  0.0009410725535492215
4.3  0.9022957572895404  0.0009533837173513588
4.4  0.9024029121236354  0.0009710869214707876
4.5  0.901421896748984  0.0009807797920166922
4.6  0.8968257007101249  0.0009751358509378418
4.7  0.8947606127510996  0.0009923815309371602
4.8  0.8938170072132997  0.0010118134427244824
4.9  0.8918001953111784  0.0010075007520122501
5.0  0.890284136984852  0.0010094836522840298
