#mmax= 10
#m-states: all states (FBR)
#Nr. of sites: 34
 
0.0  3.0666979171401124e-29 
0.1  1.6655930975177389 
0.2  3.432396162567119 
0.3  5.447160815236862 
0.4  8.014183044054846 
0.41  8.326486150685243 
0.42  8.654311656301813 
0.43  8.998930796155447 
0.44  9.36583918874564 
0.45  9.755766861960572 
0.46  10.173317517590764 
0.47  10.622190935216352 
0.48  11.103507098019593 
0.49  11.61084577552869 
0.5  12.129512873599023 
0.51  12.634191861840987 
0.52  13.103891111362937 
0.53  13.529206240277446 
0.54  13.909843965061784 
0.55  14.253715138957093 
0.56  14.566455083937159 
0.57  14.85384487830076 
0.58  15.120976147137085 
0.59  15.370525136768016 
0.6  15.605881227206217 
0.7  17.418535035483302 
0.8  18.666894602838823 
0.9  19.61435247684344 
1.0  20.37409530495732 
1.1  21.00575137930132 
1.2  21.54426629381312 
1.3  22.01219359325211 
1.4  22.42447502036481 
1.5  22.791932895685893 
1.6  23.122514414702312 
1.7  23.422200512748912 
1.8  23.695674921105354 
1.9  23.94663034680071 
2.0  24.17800416541543 
2.1  24.392374007709417 
2.2  24.591678411128733 
2.3  24.777664278997452 
2.4  24.951731927136617 
2.5  25.115154149458345 
2.6  25.268941660686316 
2.7  25.41403365082319 
2.8  25.551211101967738 
2.9  25.68117282054756 
3.0  25.804544740956718 
3.1  25.92185555928459 
3.2  26.03352575503261 
3.3  26.14013096624596 
3.4  26.2420222246746 
3.5  26.339396169299597 
3.6  26.432751384253724 
3.7  26.522235886398146 
3.8  26.60810149639918 
3.9  26.6906868743744 
4.0  26.770141305497 
4.1  26.846664111916947 
4.2  26.920428387212553 
4.3  26.991596402498182 
4.4  27.06032127948169 
4.5  27.126735277714342 
4.6  27.190963303936712 
4.7  27.25312597501164 
4.8  27.313336032207403 
4.9  27.371691896043757 
5.0  27.428270611194836 
