#mmax= 10
#m-states: all states (FBR)
#Nr. of sites: 34
 
0.0  -9.723461371658034e-63 
0.1  -0.8148783130697563 
0.2  -1.5667710138604298 
0.3  -2.179936833339178 
0.4  -2.539009315666663 
0.41  -2.5533976781873253 
0.42  -2.5624707496609864 
0.43  -2.56585084446393 
0.44  -2.5624198904580417 
0.45  -2.5518109835019516 
0.46  -2.5329481787802592 
0.47  -2.504872944887695 
0.48  -2.467032932547625 
0.49  -2.4202466444046173 
0.5  -2.367059570240686 
0.51  -2.312319698759969 
0.52  -2.260474628823686 
0.53  -2.2139534345864553 
0.54  -2.173398218849551 
0.55  -2.1377296729643636 
0.56  -2.106175818020143 
0.57  -2.077844087252325 
0.58  -2.0519193459300737 
0.59  -2.0280202046579054 
0.6  -2.005618027863518 
0.7  -1.8354713413733243 
0.8  -1.7166792287521027 
0.9  -1.623913527846662 
1.0  -1.5474520518922263 
1.1  -1.48230937649451 
1.2  -1.4256142745442888 
1.3  -1.3754188020601235 
1.4  -1.330528673675652 
1.5  -1.2899850532669308 
1.6  -1.2530813066529176 
1.7  -1.2192917838301964 
1.8  -1.188180865975436 
1.9  -1.1594013497592786 
2.0  -1.1327002934987813 
2.1  -1.1077736454381826 
2.2  -1.0844691398767108 
2.3  -1.0625981011895616 
2.4  -1.0420328228656834 
2.5  -1.022627213584537 
2.6  -1.0042915452931716 
2.7  -0.9869240640985464 
2.8  -0.9704464966131113 
2.9  -0.9547827367766983 
3.0  -0.9398674386328039 
3.1  -0.9256399283758607 
3.2  -0.9120889954811746 
3.3  -0.8990735381321427 
3.4  -0.8865984791700706 
3.5  -0.8746785323185431 
3.6  -0.8631953731571119 
3.7  -0.8521820121880189 
3.8  -0.8416219279514917 
3.9  -0.8314090178743515 
4.0  -0.8215721476942868 
4.1  -0.8120787826304462 
4.2  -0.8029122609035982 
4.3  -0.7940522098492706 
4.4  -0.7854850909225949 
4.5  -0.7771918611005888 
4.6  -0.7691613437209627 
4.7  -0.7613774996406536 
4.8  -0.7538299232462694 
4.9  -0.7464950808705899 
5.0  -0.7393928026972797 
