#mmax= 5
#m-states: all states (FBR)
#Nr. of sites: 45
 
0.0  22.500000000000032 0.011111111111113625 
0.1  20.390448456918946 0.009050341100011683 
0.2  18.481770596015526 0.0072310870099562274 
0.3  16.785693142003254 0.005694094768182945 
0.4  15.279042137542223 0.004530253462073697 
0.41  15.13685881991307 0.004444346044378045 
0.42  14.995598558773453 0.00435832639946121 
0.43  14.855216782899578 0.004284847613414189 
0.44  14.715438979383293 0.004222421138471266 
0.45  14.575798713275548 0.004168008505979204 
0.46  14.4358272284155 0.004123932211110071 
0.47  14.294981314201824 0.004094402874050496 
0.48  14.152939614180116 0.004083727474843535 
0.49  14.010881189507794 0.004091071526685974 
0.5  13.871826010541497 0.004113238605069847 
0.51  13.739452725743826 0.004138127980120476 
0.52  13.615581172469847 0.004158469675976217 
0.53  13.49955690297987 0.004173351511157608 
0.54  13.389969590724453 0.0041835790218767155 
0.55  13.285619058491358 0.004187060756817518 
0.56  13.185755991753735 0.004187904973787959 
0.57  13.089622217689444 0.004186697275977758 
0.58  12.99689356683512 0.004183835669030689 
0.59  12.9072076708586 0.004179970244915565 
0.6  12.820417960415531 0.004175138034141934 
0.7  12.069804467963062 0.004102170051713205 
0.8  11.467487463253212 0.004017813402911408 
0.9  10.962260683344525 0.003929071178916055 
1.0  10.527173515067112 0.003844645453714546 
1.1  10.14570282733782 0.003771129143884333 
1.2  9.806521101085862 0.003695484081833844 
1.3  9.501880802082043 0.0036243969377363072 
1.4  9.226044982925263 0.0035636162858534437 
1.5  8.974352259257808 0.003500900585117206 
1.6  8.743396273241869 0.0034415067870660065 
1.7  8.530390686391554 0.0033855272106442236 
1.8  8.333018225218236 0.003331169582817317 
1.9  8.14945986536703 0.0032818716131229886 
2.0  7.978108539862603 0.003234510279460534 
2.1  7.817611660074068 0.0031890620585987017 
2.2  7.666895529613733 0.0031465972984204837 
2.3  7.524946548562838 0.0031053730111724187 
2.4  7.390945894676198 0.0030660064397186604 
2.5  7.264168177702654 0.0030283680956415537 
2.6  7.143969594032404 0.00299231085477325 
2.7  7.029818175677517 0.002958095752155443 
2.8  6.921179742367841 0.002924946609792478 
2.9  6.8176476001309885 0.002893198754445936 
3.0  6.718813190577155 0.0028626730782266296 
