#mmax= 5
#m-states: all states (FBR)
#Nr. of sites: 45
 
0.0  22.500000000000036 0.011111111111108851 
0.1  27.792013247568175 0.016379337905021663 
0.2  36.094723006347046 0.025201109850375047 
0.3  51.60790476534612 0.04351276041939056 
0.4  94.70688386706776 0.10536747731929974 
0.41  103.92134651837145 0.1201522341343233 
0.42  115.24603587862187 0.13866718632256902 
0.43  129.5666236147745 0.16250177616513628 
0.44  148.27035797691934 0.19376454606410698 
0.45  173.132148626287 0.23433379682184952 
0.46  207.21926533667596 0.28643181370743975 
0.47  254.6161346934671 0.35023859805270485 
0.48  318.97687837684873 0.42143290764607266 
0.49  399.88908196338144 0.4901780857537267 
0.5  487.99745869475004 0.5454918558325161 
0.51  569.3067480446923 0.583078770727615 
0.52  636.4458673466402 0.60630872186983 
0.53  689.7531046629317 0.6203798899024942 
0.54  732.9174858046431 0.6292971689606206 
0.55  768.969334946139 0.6352902249114828 
0.56  799.9454372063691 0.6395550728098426 
0.57  827.2337604577351 0.6427564511342206 
0.58  851.6632108734341 0.645251227292412 
0.59  873.8136905611499 0.6472540776998479 
0.6  894.0830362832542 0.6488988282574029 
0.7  1036.313117144886 0.6568403679943737 
0.8  1124.5093441591066 0.6597258735584097 
0.9  1188.3104649065413 0.6612407921475103 
1.0  1238.1714965030535 0.662187440199665 
1.1  1278.9968684106598 0.6628420536537576 
1.2  1313.4634178969925 0.6633246814704352 
1.3  1343.20111361245 0.6636970910015387 
1.4  1369.279855463016 0.6639942047086533 
1.5  1392.4394385901023 0.664237096981136 
1.6  1413.2155604089282 0.6644396981794477 
1.7  1432.0089083259554 0.664611429002374 
1.8  1449.1274954017633 0.6647588977408917 
1.9  1464.8140768168275 0.6648869884937985 
2.0  1479.2603311045577 0.6649992370451667 
2.1  1492.6313894172613 0.665098496988239 
2.2  1505.048940855407 0.6651868284651942 
2.3  1516.6278260675829 0.6652659783547002 
2.4  1527.4591916304798 0.6653373041050372 
2.5  1537.6198708599682 0.6654018972202668 
2.6  1547.1791773190728 0.6654606830161697 
2.7  1556.1897575602234 0.6655143721987152 
2.8  1564.707942988092 0.6655636321066525 
2.9  1572.7718163276743 0.6656089438383876 
3.0  1580.424529386878 0.6656507944664458 
