#mmax= 5
#m-states: all states (FBR)
#Nr. of sites: 45
 
0.0  -1.3436944347951298e-32 
0.1  0.025785876466754384 
0.2  0.0565929375864271 
0.3  0.09925833740601431 
0.4  0.16687174243231218 
0.41  0.176055192499532 
0.42  0.18590156356492551 
0.43  0.19651201988438263 
0.44  0.20801547244404378 
0.45  0.2205782295477487 
0.46  0.23441884476134717 
0.47  0.24979262565684712 
0.48  0.26684787885400535 
0.49  0.2852841400616409 
0.5  0.30396763902524887 
0.51  0.321401790277575 
0.52  0.336830125970657 
0.53  0.35031759934925594 
0.54  0.3622897546406786 
0.55  0.3731062581806066 
0.56  0.3830176716364557 
0.57  0.39220541218015126 
0.58  0.4007851974870075 
0.59  0.4088438465511366 
0.6  0.41644575602060496 
0.7  0.4754454620086493 
0.8  0.5163321434487745 
0.9  0.5475078901768252 
1.0  0.5726109051662777 
1.1  0.5935548177950019 
1.2  0.6114636592970742 
1.3  0.6270578372455947 
1.4  0.6408275851974279 
1.5  0.6531209520471503 
1.6  0.6641958282508544 
1.7  0.6742483248325418 
1.8  0.6834311148220586 
1.9  0.6918660333370311 
2.0  0.6996503595752529 
2.1  0.7068675684769057 
2.2  0.7135810832972896 
2.3  0.7198495813591209 
2.4  0.7257205331427198 
2.5  0.7312340380593809 
2.6  0.7364261623519311 
2.7  0.7413250506950283 
2.8  0.7459596698247473 
2.9  0.7503507134955592 
3.0  0.7545205818156795 
