#mmax= 5
#m-states: all states (FBR)
#Nr. of sites: 45
 
0.0 2.2363652995790873e-28
0.1 -0.2757085067603775
0.2 -1.1119158343902136
0.3 -2.540774329384206
0.4 -4.63921177451115
0.41 -4.891688451042523
0.42 -5.152965521518574
0.43 -5.423438020942939
0.44 -5.703572761850101
0.45 -5.993928146437231
0.46 -6.295189350983318
0.47 -6.608191395747596
0.48 -6.933905461437245
0.49 -7.2732644776035364
0.5 -7.626707876511748
0.51 -7.993736856868136
0.52 -8.373069372346304
0.53 -8.763241975177365
0.54 -9.163008887031381
0.55 -9.571406439590337
0.56 -9.98768837980613
0.57 -10.411258817285653
0.58 -10.841622415551022
0.59 -11.278356623542837
0.6 -11.721092430518137
0.7 -16.420237298240608
0.8 -21.49421271550866
0.9 -26.840470324526905
1.0 -32.39945066423588
1.1 -38.13221903114609
1.2 -44.01132972099485
1.3 -50.01637445523367
1.4 -56.13157820828785
1.5 -62.34438621986803
1.6 -68.64456339387804
1.7 -75.0236124752106
1.8 -81.47437895459265
1.9 -87.9907478501703
2.0 -94.56745057937471
2.1 -101.19989621957947
2.2 -107.88405682643356
2.3 -114.61637375094939
2.4 -121.39368147454528
2.5 -128.21314948493526
2.6 -135.0722338211225
2.7 -141.96863155808768
2.8 -148.90027249441758
2.9 -155.86525441011582
3.0 -162.8618464500184
