#mmax= 5
#m-states: all states (FBR)
#Nr. of sites: 45
 
0.0  0.0 
0.1  0.022971460663621712 
0.2  0.07677190751143112 
0.3  0.15694486517804218 
0.4  0.2674605262749846 
0.41  0.28065554344019195 
0.42  0.29434696586409353 
0.43  0.3085814247750993 
0.44  0.3234235313453629 
0.45  0.3389611647350377 
0.46  0.3553209209428098 
0.47  0.37269712766467966 
0.48  0.3913263844701265 
0.49  0.41134461861714106 
0.5  0.4323853163397538 
0.51  0.4534766069972011 
0.52  0.4736936604743582 
0.53  0.4925595331461384 
0.54  0.5100471619843301 
0.55  0.5262260974414266 
0.56  0.54116355629779 
0.57  0.5549861181801671 
0.58  0.5677635511719584 
0.59  0.5795826996289378 
0.6  0.5905079180708287 
0.7  0.6635110642693648 
0.8  0.6979583831984153 
0.9  0.71497172551594 
1.0  0.7236800885334289 
1.1  0.728233968206527 
1.2  0.7306125312006222 
1.3  0.7318178624595437 
1.4  0.7323752430591375 
1.5  0.732569383615788 
1.6  0.7325591568385936 
1.7  0.7324367407963034 
1.8  0.7322539198321909 
1.9  0.7320414654020079 
2.0  0.7318186633927288 
2.1  0.7315926498512882 
2.2  0.7313734425118603 
2.3  0.7311626955073556 
2.4  0.7309614349576621 
2.5  0.7307708263138839 
2.6  0.7305894645126733 
2.7  0.7304207529899721 
2.8  0.7302603702225796 
2.9  0.7301112035772747 
3.0  0.729969935786931 
