#mmax= 5
#m-states: all states (FBR)
#Nr. of sites: 45
 
0.0  -0.0 
0.1  0.0063442421110540955 
0.2  0.02658763905446867 
0.3  0.06505096373154799 
0.4  0.13253745161664282 
0.41  0.1417606718218737 
0.42  0.1516095784787858 
0.43  0.16215769645254274 
0.44  0.17349956122235324 
0.45  0.18575859177877385 
0.46  0.19910744120401536 
0.47  0.21379852539721095 
0.48  0.23016086650961406 
0.49  0.2484828418530643 
0.5  0.2686102789473676 
0.51  0.28972586451339416 
0.52  0.3108917651243779 
0.53  0.33149847633778484 
0.54  0.3513727023577694 
0.55  0.3704543613883428 
0.56  0.3886945694300245 
0.57  0.40613132922869377 
0.58  0.4227493845295826 
0.59  0.43856814506724995 
0.6  0.45358986500328313 
0.7  0.565324381877225 
0.8  0.6267564822791142 
0.9  0.6602755436865627 
1.0  0.6788904285020317 
1.1  0.6894996737390904 
1.2  0.6956887184095274 
1.3  0.6993778828833966 
1.4  0.7016156409774621 
1.5  0.702988996926379 
1.6  0.7038372327081562 
1.7  0.7043604911157382 
1.8  0.7046794590981201 
1.9  0.7048682623157633 
2.0  0.7049738302374604 
2.1  0.7050250271396822 
2.2  0.7050416193762428 
2.3  0.7050361451663061 
2.4  0.7050160758731442 
2.5  0.7049871403218287 
2.6  0.7049524348613477 
2.7  0.7049154276536832 
2.8  0.7048763727530051 
2.9  0.7048380394991497 
3.0  0.704799691692068 
