#mmax= 5
#m-states: all states (FBR)
#Nr. of sites: 45

0.0  -0.0  0.0
0.1  0.0075282664201182315  0.0013746421992784459
0.2  0.02737181786592864  0.0026342061906146487
0.3  0.05944491954223899  0.003912675481261944
0.4  0.12605898593507034  0.005807906729999643
0.41  0.14066915670997843  0.006145807818167394
0.42  0.15384528328085975  0.006501872121899565
0.43  0.16033765000221406  0.006761728842348283
0.44  0.1700492765479371  0.006892558327309106
0.45  0.18043027525053928  0.007169218926094318
0.46  0.19860893038935543  0.007534541862853968
0.47  0.21812132494056166  0.0078307254957234
0.48  0.23117559207466684  0.008087653105718011
0.49  0.2504603833034055  0.008429601852140704
0.5  0.2641980355783452  0.008778943075084878
0.51  0.27885908271763277  0.008993466477404247
0.52  0.3062236044761821  0.009541072218406133
0.53  0.3244919299402587  0.009921850788706594
0.54  0.33480616183601253  0.01003698241729272
0.55  0.3755722264105129  0.010719172281729434
0.56  0.3910729813911339  0.011027760375666853
0.57  0.40655127734436153  0.0113339378339143
0.58  0.42083709233674416  0.011557319344936522
0.59  0.4252406370164484  0.01153419363195889
0.6  0.44842703339492673  0.01226443113812931
0.7  0.5675846011274432  0.014006153618602232
0.8  0.6205914078844419  0.014884610434100226
0.9  0.6498914016949116  0.015390951314065312
1.0  0.6824708580624195  0.015929504135160432
1.1  0.7105859946149807  0.016262802169040677
1.2  0.7069795350704191  0.016106077813783214
1.3  0.7057023534838907  0.016263256319624785
1.4  0.7211575438791578  0.016615323666165027
1.5  0.7018034310585017  0.016152649451015817
1.6  0.708975022126692  0.01618658475000487
1.7  0.716945799936908  0.016285679154766867
1.8  0.692471516189047  0.015970916834383234
1.9  0.6938848418562182  0.016053061060468648
2.0  0.7044280971902984  0.016214845316814414
2.1  0.7156024447477156  0.016317118825031934
2.2  0.7241141871063981  0.01642024756693982
2.3  0.6836527609499565  0.015817976986599893
2.4  0.6915174368841286  0.016020467745804137
2.5  0.7075333296742978  0.01624982653939713
2.6  0.6922067141505899  0.016010242728769233
2.7  0.7205781708131282  0.016373904501359643
2.8  0.6993274992692672  0.016122489118371615
2.9  0.7018533085006005  0.01620491248839185
3.0  0.6838518577503929  0.015957245479460324
