#mmax= 5
#m-states: all states (FBR)
#Nr. of sites: 45

0.0  0.0 0.0 0.0 NaN NaN 0.0 
0.1  0.0015 0.011259712819747934 0.5071245311327839 0.010300528929687223 7.877286668919771 0.0 
0.2  -0.008 0.022217277102526817 1.9744296074018497 -0.029071688426193794 1.3908632470149982 0.0 
0.3  0.02 0.033281780589833346 4.43070767691923 0.030271564465637658 0.775824204803619 3.1891233623892037e-168 
0.4  -0.0645 0.04521859261166192 8.178884471117783 0.04894773147322684 0.248292751299239 3.7063409378963352e-81 
0.41  0.0445 0.0470936236644353 8.871237559389842 0.004615111828147853 0.3749119025476406 1.3963834366845434e-74 
0.42  0.044 0.048333218649353894 9.344400100025005 0.02517219419503048 0.26572008688319615 1.2477626758810332e-67 
0.43  0.0395 0.04951740028245308 9.807891722930737 0.09197358594913232 0.25854324818582874 1.110284837083312e-75 
0.44  0.03 0.05027829528478652 10.111627906976745 0.05606904527805683 0.3784515717332795 2.4032701915339805e-63 
0.45  -0.005 0.051494239135713445 10.606626656664169 -0.01612893020849159 0.2986582462340377 2.44436332647511e-61 
0.46  0.0335 0.05236558961994088 10.96861990497624 0.0010985437148504167 0.35869621383243766 1.644883001655072e-60 
0.47  -0.0205 0.05360376179261658 11.493453113278326 0.012032692897489277 0.24600732388434743 1.7680522136136548e-59 
0.48  -0.1305 0.055473072322868806 12.309047011752934 0.010331668106582257 0.20785166522663667 9.641215294902359e-50 
0.49  -0.173 0.058505328546783614 13.691493873468374 -0.009531823932157731 0.026073313794281017 4.1713270477578516e-43 
0.5  0.024 0.060081265296345956 14.43903375843962 0.09788578182205923 -0.0015244943068526418 1.1438991255964122e-41 
0.51  0.081 0.06147604880068364 15.117218304576145 -0.0008356242860896992 0.1712523946765221 1.780945837542759e-40 
0.52  0.0985 0.06309770017553622 15.925279069767448 -0.024991971539908845 0.13015012509887303 2.2136825602103376e-35 
0.53  -0.0545 0.06314668885680702 15.950017254313584 0.0885937829401188 0.05578990473406931 2.7365123049462747e-36 
0.54  -0.029 0.06386555763761162 16.31523780945237 -0.02484827155188477 0.3085618591402808 1.6927721721400365e-37 
0.55  -0.024 0.06606017701116677 17.45578794698675 -0.017660191821200467 0.17998717559856114 2.8309806574619135e-38 
0.56  -0.0505 0.06721414935092344 18.070967491872974 0.01394953354563927 -0.010777956464113725 4.979375356081913e-32 
0.57  -0.0165 0.06863205903498631 18.841438109527388 0.02674397143474622 0.20666850557741778 4.898268100946255e-31 
0.58  -0.128 0.06863367719575683 18.842326581645406 0.04304987388145044 0.1718746055367255 3.276311164123087e-32 
0.59  -0.0495 0.06810871557138774 18.555188547136776 -0.027023526381971946 0.0603711031044476 1.843596501515811e-37 
0.6  -0.043 0.06950356419896098 19.322981745436362 0.049513869881819446 0.15706681628110086 1.3303355707402236e-32 
0.7  -0.086 0.07591502995417466 23.052367091772943 -0.012485047927656732 0.022894235129301332 5.636581300976161e-26 
0.8  -0.086 0.08215435675960008 26.997353338334584 0.0422485373519487 0.07528150380716525 6.276230499277506e-24 
0.9  -0.034 0.08503833770553097 28.92607551887972 0.01330910614920778 0.017848019206594845 1.5115879874552332e-23 
1.0  0.093 0.08853415908185429 31.35318929732433 -0.03417890490469528 -0.05143092927510873 8.988702149806659e-20 
1.1  -0.1095 0.08970654521027654 32.189057014253564 -0.008442414040978351 0.0325076463521361 7.002236155788915e-19 
1.2  0.078 0.093998339995877 35.34275168792197 -0.0750196704492383 0.01684707960948373 4.95194932545307e-22 
1.3  -0.0315 0.09549493053528804 36.47712703175795 0.04226689588686504 0.08107353605514689 9.270349033739535e-20 
1.4  0.112 0.09645563706948714 37.21475968992248 0.061415339964491465 0.08896808724171112 2.9000570487590217e-18 
1.5  0.0115 0.10141887587917818 41.143153538384595 -0.035090599601527994 0.10464059258190161 3.9261706125320524e-16 
1.6  0.0215 0.10176553195150775 41.42489397349338 0.015198700883741518 0.06164831153403538 1.2466207595290465e-15 
1.7  -0.1795 0.10506880984002959 44.1578192048012 0.025680844466392308 0.052109668328490066 5.209541131821952e-14 
1.8  -0.0185 0.10429709443928493 43.51153563390848 -0.021664407201316724 -0.01305230185338413 1.5429877699820314e-15 
1.9  -0.104 0.10840080111982962 47.002934733683425 -0.03348272255049401 -0.027408469764317545 1.8557711301447885e-12 
2.0  -0.1125 0.10862566833605841 47.198143285821445 -0.02092710633708195 -0.0530205299694666 1.71232228884102e-15 
2.1  -0.1585 0.1107363313067027 49.0501402850713 -0.002633992620495574 -0.050899246281773 4.003209908193231e-12 
2.2  0.0665 0.11180907724750587 50.00507901975494 0.003395396518176052 -0.147585908543717 7.525005263082095e-13 
2.3  0.036 0.11322933021220728 51.28352488122031 0.00734022362616697 0.004701214352143435 1.598302646829754e-12 
2.4  0.078 0.11373307699697921 51.7408512128032 -0.04401916043466255 -0.17450429500138265 9.65815736403529e-14 
2.5  0.066 0.11519430729036928 53.078913728432106 -0.014298540186518462 0.034114281953889325 3.350685148282032e-11 
2.6  0.0175 0.11863891535056652 56.30076894223555 -0.00955996382778754 0.15887405312336123 4.85339864735284e-13 
2.7  0.1885 0.12071458047802261 58.28803975993999 0.0218002004654063 -0.08604635286186513 9.215927265999614e-12 
2.8  0.0215 0.1204377878935352 58.02104301075269 -0.002760209439027927 0.19033542509578938 7.046763656237267e-10 
2.9  0.0515 0.12162559407371233 59.17114053513379 0.054977466345770463 0.1347886323759444 5.047997775283769e-11 
3.0  -0.047 0.12200889021838975 59.54467716929232 -0.00029217085306564846 0.05106098323248842 5.008121618799133e-11 
