#mmax= 5
#m-states: all states (FBR)
#Nr. of sites: 45
 
0.0  -1.5304653038750975e-61 
0.1  0.002481048549555313 
0.2  0.009691837643723894 
0.3  0.020902607521922762 
0.4  0.034670392872510954 
0.41  0.03609539011110721 
0.42  0.037513931089774 
0.43  0.03892076643737424 
0.44  0.04030934795021387 
0.45  0.04167186848021847 
0.46  0.0429987745680291 
0.47  0.04427748545585775 
0.48  0.04549274689820904 
0.49  0.046630694055499 
0.5  0.04769074636226486 
0.51  0.04869098601298862 
0.52  0.049653610777997965 
0.53  0.050591869025871955 
0.54  0.0515094483126298 
0.55  0.05240689310017199 
0.56  0.053284524019221215 
0.57  0.05414262529246763 
0.58  0.05498187865720083 
0.59  0.05580315025884313 
0.6  0.056607203242051214 
0.7  0.06387976269784149 
0.8  0.07014294806074318 
0.9  0.07573601856441808 
1.0  0.0808520715999237 
1.1  0.08560922056477553 
1.2  0.09008469016513748 
1.3  0.09433107370382081 
1.4  0.09838566111886289 
1.5  0.10227614239766186 
1.6  0.10602353155278742 
1.7  0.10964420205882242 
1.8  0.11315180391332022 
1.9  0.1165569928930815 
2.0  0.11986920391272828 
2.1  0.12309524209364571 
2.2  0.12624296987453454 
2.3  0.1293172460409742 
2.4  0.13232294633316968 
2.5  0.13526495658622154 
2.6  0.13814661080591226 
2.7  0.14097221163972548 
2.8  0.14374457381110076 
2.9  0.14646756343956668 
3.0  0.14914258321702897 
