#mmax= 5
#m-states: all states (FBR)
#Nr. of sites: 45
 
0.0  1.549044684128851e-15 
0.1  -1.0327169883829063e-9 
0.2  6.94540617951695e-9 
0.3  3.51990696353667e-7 
0.4  -1.132582951901357e-6 
0.41  3.023271898530075e-6 
0.42  2.12008601583323e-6 
0.43  -1.1901524465682684e-5 
0.44  -2.2116764150833286e-6 
0.45  -1.033648532095637e-5 
0.46  5.8045016818380575e-6 
0.47  -2.0164412123536446e-6 
0.48  5.174523580786957e-5 
0.49  0.00023817306596680428 
0.5  -0.0003100431604647071 
0.51  -0.0019209390723969127 
0.52  -0.003145261509852899 
0.53  -0.000983592683321547 
0.54  -0.0006896326367032623 
0.55  -0.001504232610562623 
0.56  -0.003111678110215895 
0.57  -0.0040590761371119615 
0.58  -0.004000642244374949 
0.59  -0.0036707210767803326 
0.6  -0.006289630275682881 
0.7  -0.11574028105466172 
0.8  -0.10663160773255621 
0.9  -0.11365774617848946 
1.0  -0.09232970758273747 
1.1  -0.07250417075374446 
1.2  -0.07758925825333761 
1.3  -0.08011550529353442 
1.4  -0.0796430107410112 
1.5  -0.08224516162170828 
1.6  -0.08275633640924339 
1.7  -0.08322449246143825 
1.8  -0.08302241288673673 
1.9  -0.08356737292739243 
2.0  -0.08282012016581809 
2.1  -0.08273562772132087 
2.2  -0.08411970299486073 
2.3  -0.08170149998875002 
2.4  -0.08066015187170547 
2.5  -0.07925090816729273 
2.6  -0.07729489435436368 
2.7  -0.07716236096919518 
2.8  -0.07902575516250769 
2.9  -0.07670353435211741 
3.0  -0.0758422920838204 
