#mmax= 5
#m-states: all states (FBR)
#Nr. of sites: 45

0.0  -0.0  0.0
0.1  -0.0  3.234971111062906e-18
0.2  -0.0  2.2897427076117234e-18
0.3  -0.0  1.3807160704440302e-18
0.4  -0.0  1.6445916856085502e-18
0.41  -0.0  1.6004239417278106e-18
0.42  -0.0  1.4964159791152194e-18
0.43  -0.0  1.5569830734756465e-18
0.44  -0.0  1.5542586915573818e-18
0.45  -0.0  1.480627009343634e-18
0.46  -0.0  1.5395638238689543e-18
0.47  0.00025003125520928253  0.0002500625156289071
0.48  -0.0  1.5064238456320438e-18
0.49  -0.0  1.5237162454914926e-18
0.5  -0.0  1.512294874990905e-18
0.51  -0.0  1.5112754647806994e-18
0.52  -0.0  1.498988468514837e-18
0.53  -0.0  1.517889393381405e-18
0.54  -0.0  1.5353036081650211e-18
0.55  0.00025003125520928253  0.00025006251562890704
0.56  0.0005001250416822429  0.00035368602561708905
0.57  0.00025003125520928253  0.0002500625156289068
0.58  0.00025003125520928253  0.00025006251562890693
0.59  0.00025003125520928253  0.0002500625156289069
0.6  -0.0  1.5145860393169956e-18
0.7  0.0012507819016526025  0.0005594366418383916
0.8  0.0017515330388057093  0.0006621001142822862
0.9  0.0012507819016523802  0.000559436641838285
1.0  0.003255292720669729  0.000902969032293262
1.1  0.004259056920379741  0.0010331029589285624
1.2  0.006521216990229145  0.0012790780334173753
1.3  0.006521216990184334  0.0012790780334085807
1.4  0.0072764089701706095  0.0013513671367393456
1.5  0.01005033585129076  0.0015893029903498038
1.6  0.012325649689600376  0.001761038388122205
1.7  0.018163970607051782  0.002140941527040807
1.8  0.011313759897548011  0.001686775602656297
1.9  0.01384540681728057  0.001867162595947826
2.0  0.020457841806071676  0.002273417368314678
2.1  0.01689186764343485  0.00206395262930807
2.2  0.017909420531577656  0.0021257513208157957
2.3  0.023268626919562475  0.002426280086026971
2.4  0.02275698708568613  0.0023991487371775163
2.5  0.030974804268241563  0.002804789742350854
2.6  0.02711429242017698  0.002621645608143867
2.7  0.031748698221181405  0.0028401642054650326
2.8  0.03692335382569504  0.0030668752061381813
2.9  0.03796150586512287  0.003110503310576337
3.0  0.03744229529742789  0.0030887549804860157
