#mmax= 5
#m-states: all states (FBR)
#Nr. of sites: 45

0.0  1.0  0.0
0.1  1.0  3.234971111062906e-18
0.2  1.0  2.2897427076117234e-18
0.3  1.0  1.3807160704440302e-18
0.4  1.0  1.6445916856085502e-18
0.41  1.0  1.6004239417278106e-18
0.42  1.0  1.4964159791152194e-18
0.43  1.0  1.5569830734756465e-18
0.44  1.0  1.5542586915573818e-18
0.45  1.0  1.480627009343634e-18
0.46  1.0  1.5395638238689543e-18
0.47  0.99975  0.0002499999999999999
0.48  1.0  1.5064238456320438e-18
0.49  1.0  1.5237162454914926e-18
0.5  1.0  1.512294874990905e-18
0.51  1.0  1.5112754647806994e-18
0.52  1.0  1.498988468514837e-18
0.53  1.0  1.517889393381405e-18
0.54  1.0  1.5353036081650211e-18
0.55  0.99975  0.00024999999999999984
0.56  0.9995  0.0003535091826042805
0.57  0.99975  0.0002499999999999996
0.58  0.99975  0.00024999999999999973
0.59  0.99975  0.0002499999999999997
0.6  1.0  1.5145860393169956e-18
0.7  0.99875  0.0005587373460360937
0.8  0.9982500000000006  0.0006609414390822926
0.9  0.9987500000000002  0.0005587373460359872
1.0  0.9967500000000029  0.0009000343829383116
1.1  0.9957500000000037  0.0010287122713531199
1.2  0.9935000000000361  0.0012707640262002086
1.3  0.9935000000000807  0.001270764026191528
1.4  0.9927500000006012  0.0013415697249987977
1.5  0.9900000000021886  0.0015734099604497842
1.6  0.9877500000010239  0.0017394656678695111
1.7  0.9820000000202482  0.002102404579597423
1.8  0.9887500000026948  0.001667799377130959
1.9  0.9862500000047069  0.0018414891102623318
2.0  0.979750000094374  0.0022273806668208574
2.1  0.9832500000263347  0.0020293814228215133
2.2  0.9822500000117774  0.002088019234896351
2.3  0.9770000000193366  0.0023704756440952666
2.4  0.9775000000360992  0.0023451678906776293
2.5  0.9695000000302377  0.0027192436552939637
2.6  0.9732500000694851  0.002551516588308184
2.7  0.9687500000904802  0.002751409074301229
2.8  0.9637500002687925  0.0029557009807400256
2.9  0.9627500004062766  0.002994637063521093
3.0  0.9632500001718844  0.0029752432354840635
