#mmax= 5
#m-states: all states (FBR)
#Nr. of sites: 45
 
0.0  -5.912255513098572e-31 
0.1  2.22103826247653 
0.2  4.578728862447205 
0.3  7.272066561062007 
0.4  10.720514275765522 
0.41  11.142619645188466 
0.42  11.586590837212052 
0.43  12.056036930292045 
0.44  12.555564179277031 
0.45  13.091141970662632 
0.46  13.67062414247996 
0.47  14.303136266569691 
0.48  14.993681082263702 
0.49  15.730549331232739 
0.5  16.471414595246326 
0.51  17.16122111740991 
0.52  17.772835880563516 
0.53  18.309497573112317 
0.54  18.787507572725715 
0.55  19.220526267477652 
0.56  19.618079164118953 
0.57  19.987075507321666 
0.58  20.331966203773767 
0.59  20.656110222543248 
0.6  20.962014094507136 
0.7  23.3374143311258 
0.8  24.981196643716263 
0.9  26.231438693099953 
1.0  27.235631098675974 
1.1  28.071535287568455 
1.2  28.784902060626223 
1.3  29.405007345249388 
1.4  29.951742419111678 
1.5  30.439228811964494 
1.6  30.877894808643102 
1.7  31.27565979280134 
1.8  31.63868684242813 
1.9  31.971874920038413 
2.0  32.27914720575115 
2.1  32.563827692080594 
2.2  32.828495168884636 
2.3  33.0754747296037 
2.4  33.30666538224404 
2.5  33.5236778082837 
2.6  33.7279397816834 
2.7  33.92059661185854 
2.8  34.10278032733821 
2.9  34.275340581238055 
3.0  34.43914604224114 
