#mmax= 5
#m-states: all states (FBR)
#Nr. of sites: 45
 
0.0  -2.4308653429145085e-63 
0.1  -1.086459697939337 
0.2  -2.088639608644413 
0.3  -2.9046997151973777 
0.4  -3.3781576087437855 
0.41  -3.3961911752090574 
0.42  -3.4069220403553295 
0.43  -3.4095080553792085 
0.44  -3.402883391739105 
0.45  -3.3856998705616896 
0.46  -3.356194972980685 
0.47  -3.3122607376684168 
0.48  -3.2523744126874656 
0.49  -3.1780471685205414 
0.5  -3.0968384781353757 
0.51  -3.0195423451966086 
0.52  -2.9523103378546094 
0.53  -2.8955232017450556 
0.54  -2.8467583685358577 
0.55  -2.8038509075309626 
0.56  -2.7653016121149014 
0.57  -2.7300373713950106 
0.58  -2.6974175143454366 
0.59  -2.6669809742932404 
0.6  -2.638400829600518 
0.7  -2.417814002745232 
0.8  -2.262582331970181 
0.9  -2.141091525319645 
1.0  -2.0407512713597566 
1.1  -1.955123304588371 
1.2  -1.8805010515549547 
1.3  -1.8144625064432198 
1.4  -1.7553286704248514 
1.5  -1.7019069218898815 
1.6  -1.653278365605505 
1.7  -1.6087335001694947 
1.8  -1.567717790257551 
1.9  -1.5297694532090451 
2.0  -1.4945313844400239 
2.1  -1.4616546790967422 
2.2  -1.4309275038038882 
2.3  -1.4020931498023783 
2.4  -1.374961923964372 
2.5  -1.3493801336709417 
2.6  -1.325188638198431 
2.7  -1.3022943812772965 
2.8  -1.2805548550493326 
2.9  -1.2599091874334536 
3.0  -1.2402404423512428 
