#mmax= 10
#m-states: all states (FBR)
#Nr. of sites: 50
 
0.0  25.000000000000114 0.010000000000002673 
0.1  30.895365559144654 0.014751921626264375 
0.2  40.156677625917155 0.02271445718955989 
0.3  57.49128003411259 0.039257645165519106 
0.4  106.10716410848997 0.09574278443940032 
0.41  116.63674642910924 0.10943534684035383 
0.42  129.67330975266705 0.1269423297048723 
0.43  146.33024851752947 0.14985449323080502 
0.44  168.1614039080455 0.18016962067437547 
0.45  198.0273489142938 0.22119714808598767 
0.46  239.90464338079585 0.27551068991001426 
0.47  300.15588788788654 0.34446186977747906 
0.48  385.59757330293314 0.42344648367704096 
0.49  495.0751618715937 0.498918978309177 
0.5  612.6906027735663 0.5567771330883932 
0.51  716.3118203351715 0.5931383672563195 
0.52  797.8884779149834 0.6139796264460423 
0.53  862.0014160194696 0.6262788043017778 
0.54  913.509022890536 0.6338945518220018 
0.55  956.6616011209853 0.6390089149533136 
0.56  994.0861577275222 0.6427006767484572 
0.57  1027.2064773292536 0.645489931730874 
0.58  1056.9242321916563 0.6476730591924078 
0.59  1083.9403236713447 0.6494352694765844 
0.6  1108.663227036738 0.650883255076314 
0.7  1282.532993988891 0.6578995808816137 
0.8  1390.7111897792097 0.6604624205394374 
0.9  1469.0590445573546 0.6618111015358088 
1.0  1530.3734082445671 0.66265588337016 
1.1  1580.6073797238223 0.6632404793201991 
1.2  1623.0416597763506 0.6636720176187163 
1.3  1659.6647295735365 0.6640052086263157 
1.4  1691.7917603668157 0.6642711104509045 
1.5  1720.3249924792729 0.6644886234656013 
1.6  1745.9249300925474 0.6646700969339643 
1.7  1769.0813685965634 0.664823942198699 
1.8  1790.1864562454175 0.6649561582722106 
1.9  1809.517337815732 0.6650709040737416 
2.0  1827.3336613481065 0.6651715909341402 
2.1  1843.8107740572468 0.6652605185502556 
2.2  1859.1220889412643 0.6653397162201493 
2.3  1873.3994043359096 0.6654106814196717 
2.4  1886.7543704240652 0.6654746229637626 
2.5  1899.2836432661577 0.6655325366605589 
2.6  1911.0679299496533 0.6655852083674856 
2.7  1922.1825666005411 0.6656333368943921 
2.8  1932.685631626964 0.6656774629823945 
2.9  1942.633561736213 0.6657180750485052 
3.0  1952.0723725699945 0.6657555655116638 
3.1  1961.0459158466824 0.6657902846335202 
3.2  1969.5908094614201 0.6658225374944864 
3.3  1977.7360541550092 0.6658525285007407 
3.4  1985.5239181486768 0.6658805571037314 
3.5  1992.9676479151428 0.6659067453153821 
3.6  2000.0965944804211 0.6659312901905123 
3.7  2006.9319777329754 0.665954337767802 
3.8  2013.4886491242987 0.6659759970792285 
3.9  2019.7990196149747 0.6659964549304793 
4.0  2025.8606679594554 0.6660157252176286 
4.1  2031.7019398259858 0.6660339633619249 
4.2  2037.3326816671083 0.6660512357958736 
4.3  2042.7640007496543 0.6660676102651684 
4.4  2048.0082889512196 0.6660831581625128 
4.5  2053.074999527448 0.6660979353781504 
4.6  2057.9755770857914 0.6661120041566605 
4.7  2062.717058395336 0.6661254058377195 
4.8  2067.309479541969 0.6661381927730552 
4.9  2071.759009143545 0.6661504002433767 
5.0  2076.075067966638 0.6661620739336152 
