#mmax= 10
#m-states: all states (FBR)
#Nr. of sites: 50
 
0.0  25.000000000000124 0.010000000000002673 
0.1  22.651095270208007 0.008141058809228663 
0.2  20.533078645963123 0.006503905115698205 
0.3  18.63899773436856 0.00511262461875861 
0.4  16.962334408985203 0.004064580454097522 
0.41  16.804091746295967 0.003985723966296928 
0.42  16.64695210809714 0.003913914905996796 
0.43  16.49050441260869 0.003846608352379932 
0.44  16.33458571395351 0.0037881492814088036 
0.45  16.178867025005392 0.0037395151072253663 
0.46  16.022686744085348 0.00370335361058316 
0.47  15.865216840726836 0.003678210016078487 
0.48  15.705913504177422 0.0036683832727197885 
0.49  15.546176040905673 0.0036797464059360463 
0.5  15.39046347255704 0.003702547619466312 
0.51  15.243667831876573 0.0037263162124953064 
0.52  15.107071682845385 0.0037437875423573796 
0.53  14.979125230388329 0.0037545784146996164 
0.54  14.858010087837673 0.003759877497058195 
0.55  14.742539676293664 0.0037618421204362873 
0.56  14.631800938808498 0.0037616979936242467 
0.57  14.525193441390979 0.0037599263690647478 
0.58  14.422352400507263 0.003756896036593238 
0.59  14.322870056917562 0.003752973381407232 
0.6  14.226515247027946 0.0037483677273713045 
0.7  13.393701768790216 0.0036833605260249147 
0.8  12.725010809683365 0.0036045610409642936 
0.9  12.16420118145185 0.003527282769727802 
1.0  11.681222504915665 0.003454955273132776 
1.1  11.257608890032762 0.0033865305044066263 
1.2  10.880990870352719 0.003318241936514865 
1.3  10.54272648836155 0.0032540592185923423 
1.4  10.236332681394533 0.003193628478075361 
1.5  9.956885819210406 0.003137114199748936 
1.6  9.700456554093767 0.003083341290887054 
1.7  9.463967947419505 0.0030326444134539665 
1.8  9.24482589963023 0.0029845489913596923 
1.9  9.041021195305714 0.002939244556954268 
2.0  8.850745682634328 0.0028963295920564347 
2.1  8.672574525607047 0.0028552960618749568 
2.2  8.505221573277055 0.0028161593005412433 
2.3  8.347615324816232 0.002778782726761131 
2.4  8.198832578966359 0.0027430458864718954 
2.5  8.05807021697589 0.002708996343073866 
2.6  7.924615266243262 0.0026762311041171882 
2.7  7.797831657675772 0.002644667599567496 
2.8  7.677196802209324 0.0026143498279487254 
2.9  7.562202247254544 0.002585162894364612 
3.0  7.452436305812371 0.0025570388774885933 
3.1  7.347482206852313 0.0025298984483975717 
3.2  7.247015108431487 0.0025036161447584693 
3.3  7.15072054182566 0.0024783290984314865 
3.4  7.058270048388694 0.0024537822257776343 
3.5  6.969464879810491 0.002430083127326177 
3.6  6.884045996214633 0.002407122347022006 
3.7  6.801804583431501 0.002384664208901377 
3.8  6.722549173887977 0.002363042426008155 
3.9  6.646082670861252 0.002342309757985661 
4.0  6.5722771953465875 0.0023221706556726396 
4.1  6.500947279364473 0.002302192971809114 
4.2  6.431959732145386 0.0022830995962515033 
4.3  6.365199190983801 0.002264380640274677 
4.4  6.300542185707381 0.002246111047023769 
4.5  6.237880438873257 0.002228369276410458 
4.6  6.177110629291238 0.0022110289571712904 
4.7  6.1181415534290124 0.0021941612084879214 
4.8  6.060878784549396 0.0021776885849909 
4.9  6.005248591957767 0.002161572950477697 
5.0  5.951163211230675 0.002145902831642621 
