#mmax= 10
#m-states: all states (FBR)
#Nr. of sites: 50
 
0.0  1.9828505572647295e-23 
0.1  0.02578757673128327 
0.2  0.05660963669446661 
0.3  0.09933391167164743 
0.4  0.16716334437947214 
0.41  0.1763897027429432 
0.42  0.18629328907040008 
0.43  0.19698336832246435 
0.44  0.20858047309372765 
0.45  0.22127716464910974 
0.46  0.23531358391403515 
0.47  0.2509932607405982 
0.48  0.2685488114707527 
0.49  0.2875995459631371 
0.5  0.3067092588482768 
0.51  0.32412152597998345 
0.52  0.3392263029908188 
0.53  0.35243022343069497 
0.54  0.3641577206156056 
0.55  0.3747912251125594 
0.56  0.3845854537380395 
0.57  0.3936875797821548 
0.58  0.4021978815717583 
0.59  0.41020234265125055 
0.6  0.4177537637272223 
0.7  0.4764271814895209 
0.8  0.5171521075446776 
0.9  0.5482200754332123 
1.0  0.5732538724367081 
1.1  0.5941454320582844 
1.2  0.6120155046598998 
1.3  0.6275782858772411 
1.4  0.6413225908201167 
1.5  0.6535939432830332 
1.6  0.6646496426503362 
1.7  0.6746844109301705 
1.8  0.6838548903234776 
1.9  0.692275507987624 
2.0  0.7000514650855943 
2.1  0.7072564338501788 
2.2  0.7139617783077958 
2.3  0.7202227839459506 
2.4  0.7260864833089848 
2.5  0.7315937463101134 
2.6  0.7367788388598809 
2.7  0.741673426852602 
2.8  0.7463027795444256 
2.9  0.7506906101648334 
3.0  0.7548570328417801 
3.1  0.7588204009621888 
3.2  0.7625968108412603 
3.3  0.7661988254037815 
3.4  0.7696439929936222 
3.5  0.7729389323617583 
3.6  0.7760959273638293 
3.7  0.7791243190838235 
3.8  0.7820304753874487 
3.9  0.7848282652474826 
4.0  0.7875171641826053 
4.1  0.7901090073105812 
4.2  0.7926080968394311 
4.3  0.7950195386313406 
4.4  0.7973486263124392 
4.5  0.7995995145575071 
4.6  0.8017771673541698 
4.7  0.8038847207296872 
4.8  0.8059264710444675 
4.9  0.8079052092306435 
5.0  0.8098249863964199 
