#mmax= 10
#m-states: all states (FBR)
#Nr. of sites: 50
 
0.0 4.263256414560601e-14
0.1 -0.30704255983940953
0.2 -1.238330039690075
0.3 -2.829860231170103
0.4 -5.167916751244533
0.41 -5.449314681150332
0.42 -5.740550773859336
0.43 -6.042074996619139
0.44 -6.354421097442042
0.45 -6.678234888159096
0.46 -7.014311005842106
0.47 -7.363647870282222
0.48 -7.727442899773974
0.49 -8.106855795385664
0.5 -8.502355635607032
0.51 -8.913121133791975
0.52 -9.337443594262936
0.53 -9.773598041012633
0.54 -10.220227416670227
0.55 -10.676314511990183
0.56 -11.141073690023742
0.57 -11.613871651188939
0.58 -12.094173662852398
0.59 -12.581519877526134
0.6 -13.075506151047499
0.7 -18.316423968740725
0.8 -23.97295361617996
0.9 -29.93166752031194
1.0 -36.1266158568063
1.1 -42.51464572196189
1.2 -49.0653134221612
1.3 -55.75597206274497
1.4 -62.56910908898104
1.5 -69.49077572895851
1.6 -76.50961009025481
1.7 -83.61616559482896
1.8 -90.8024907889862
1.9 -98.06178981602811
2.0 -105.3882026969776
2.1 -112.77662737637074
2.2 -120.22258602153548
2.3 -127.72212137524014
2.4 -135.27171397640677
2.5 -142.8682128891125
2.6 -150.5087977212977
2.7 -158.19091406591684
2.8 -165.91224489561847
2.9 -173.6706844867806
3.0 -181.46430886766973
3.1 -189.29135562080285
3.2 -197.15020022624196
3.3 -205.03935927958142
3.4 -212.95745006730823
3.5 -220.9031940947097
3.6 -228.875405843618
3.7 -236.87298183718528
3.8 -244.89489391967618
3.9 -252.9401803246146
4.0 -261.00794242170906
4.1 -269.09733722793305
4.2 -277.20757368452655
4.3 -285.3379067008805
4.4 -293.487635706737
4.5 -301.6560995058956
4.6 -309.84267369901187
4.7 -318.0467680450706
4.8 -326.2678233837131
4.9 -334.5053101139674
5.0 -342.75872506640053
