#mmax= 10
#m-states: all states (FBR)
#Nr. of sites: 50
 
0.0  0.0 
0.1  0.02297533806095634 
0.2  0.07702396061034571 
0.3  0.16004805423903895 
0.4  0.2919959824210802 
0.41  0.31101022170776754 
0.42  0.3321894209891564 
0.43  0.3562935627460195 
0.44  0.38442565816109614 
0.45  0.418695490914174 
0.46  0.4621560259834155 
0.47  0.5195036891129146 
0.48  0.5939260917547798 
0.49  0.6762699180416044 
0.5  0.743055616840624 
0.51  0.7780165036071698 
0.52  0.7883157088766917 
0.53  0.787382486306586 
0.54  0.7826945694292256 
0.55  0.7774419914048333 
0.56  0.7725977658435956 
0.57  0.7683737714256635 
0.58  0.764748961685069 
0.59  0.7616292019619475 
0.6  0.7589317978649925 
0.7  0.7440942478602633 
0.8  0.738481686366589 
0.9  0.7353582681940948 
1.0  0.7335084839332328 
1.1  0.7320423578050452 
1.2  0.730961176230609 
1.3  0.7303172357507441 
1.4  0.7297521939345754 
1.5  0.7292404512673765 
1.6  0.7289443362694117 
1.7  0.7285091947700032 
1.8  0.7282006240698463 
1.9  0.7279821439305457 
2.0  0.7277398066064249 
2.1  0.727527851669057 
2.2  0.727325431176278 
2.3  0.7271291634605389 
2.4  0.7270024528303413 
2.5  0.7268628853625821 
2.6  0.7267247443519039 
2.7  0.7266205645539753 
2.8  0.7265115432989423 
2.9  0.7264210642551528 
3.0  0.726325242128904 
3.1  0.7262343438110855 
3.2  0.7261563257760975 
3.3  0.726081285745416 
3.4  0.7260053113482506 
3.5  0.7259358567692892 
3.6  0.7258667326693659 
3.7  0.7258026300835002 
3.8  0.7257418412653889 
3.9  0.7256824262093113 
4.0  0.7256270828082777 
4.1  0.7255743852530941 
4.2  0.7255233403307325 
4.3  0.7254748920517797 
4.4  0.7254281300864551 
4.5  0.7253835618887209 
4.6  0.7253406268903273 
4.7  0.7252995246750794 
4.8  0.7252598440624993 
4.9  0.7252218909981192 
5.0  0.7251852343255648 
