#mmax= 10
#m-states: all states (FBR)
#Nr. of sites: 50
 
0.0  -0.0 
0.1  0.006345564552180178 
0.2  0.02670071779554995 
0.3  0.06678809007212579 
0.4  0.14972555237292987 
0.41  0.16355200742472273 
0.42  0.17946432929969217 
0.43  0.198194707412469 
0.44  0.2208455601033049 
0.45  0.24946269587551073 
0.46  0.28746902272847014 
0.47  0.3409022445536447 
0.48  0.41762413993995007 
0.49  0.5168197626166522 
0.5  0.6145913579606902 
0.51  0.6793931649590517 
0.52  0.708993339111629 
0.53  0.71918376148349 
0.54  0.721176729870502 
0.55  0.7204707322746702 
0.56  0.7190667665525898 
0.57  0.7176092985833139 
0.58  0.7162909820981883 
0.59  0.7151438403879222 
0.6  0.7141565309843274 
0.7  0.7086888821239544 
0.8  0.7072062626480005 
0.9  0.7060573119049589 
1.0  0.7054765379892685 
1.1  0.7046596680786249 
1.2  0.7040403979931241 
1.3  0.7039402715403184 
1.4  0.7037617902443272 
1.5  0.7035242022275939 
1.6  0.7035931129868436 
1.7  0.7032915470602042 
1.8  0.7031693515033068 
1.9  0.7031676130521592 
2.0  0.7030714090134441 
2.1  0.7029952651571559 
2.2  0.7029049537508728 
2.3  0.7027981809691085 
2.4  0.7028060603027303 
2.5  0.7027681864484403 
2.6  0.7027129555506979 
2.7  0.7027094602095385 
2.8  0.7026815245480157 
2.9  0.7026778038911696 
3.0  0.7026516979368124 
3.1  0.7026250534386729 
3.2  0.7026154530283323 
3.3  0.7026020485528588 
3.4  0.7025801539472856 
3.5  0.7025635758753594 
3.6  0.702541203144042 
3.7  0.7025229262067012 
3.8  0.7025053095324909 
3.9  0.7024864017826454 
4.0  0.702470038100254 
4.1  0.702455149418661 
4.2  0.7024395000452065 
4.3  0.7024254072491805 
4.4  0.7024111182557858 
4.5  0.7023979573629923 
4.6  0.7023849833018079 
4.7  0.7023729015773397 
4.8  0.7023609400612348 
4.9  0.7023498885583016 
5.0  0.702339103563411 
