0.0  -2.2204460492503128e-16  0.0
0.1  0.006229214760318044  0.0002499774101539301
0.2  0.027369401484108137  0.0005266398301754031
0.3  0.06569134608059898  0.0008235777046703359
0.4  0.1499905596971862  0.0012745215581589462
0.41  0.16101884725966223  0.0013476676977683105
0.42  0.17903005090702326  0.001410628255689305
0.43  0.19927197445425987  0.0014907923159958232
0.44  0.2202264811076721  0.0015801861693346493
0.45  0.24938430901023353  0.0016941865198477383
0.46  0.28647143708146633  0.0018437021420676053
0.47  0.3408045573500427  0.002041131577399488
0.48  0.41627634908567707  0.002321741660434436
0.49  0.5195884863380567  0.0026848796058361207
0.5  0.616939985744584  0.003041226907475513
0.51  0.6800736231513443  0.0032355129805753885
0.52  0.7165518678433725  0.0033458941265145314
0.53  0.7210110637003603  0.003356566726327849
0.54  0.7184200930800065  0.0033397125447906166
0.55  0.7157134037559185  0.003324227733856873
0.56  0.7232269332783782  0.003338527964003088
0.57  0.717458562399825  0.003314310677986142
0.58  0.7184495622190703  0.0033192565139582883
0.59  0.7157096871429991  0.003303837262037718
0.6  0.7137524359273969  0.0032952440442267634
0.7  0.7086367444589432  0.003262927100942828
0.8  0.7042449051106076  0.0032426495152457044
0.9  0.6998671066651653  0.003223939633603212
1.0  0.7019294708141831  0.003232184888402786
1.1  0.7079999454727665  0.0032470522295877475
1.2  0.7018213645663461  0.0032257164551833845
1.3  0.7046214414978267  0.003236553958822283
1.4  0.7011166797586377  0.0032243627712049837
1.5  0.7026980693626429  0.0032260596711271012
1.6  0.7002570591586442  0.0032214214758650626
1.7  0.7031803568910292  0.0032319652898352737
1.8  0.7032911283106552  0.0032267165844702063
1.9  0.7098290287294099  0.003248316677196379
2.0  0.7011938733034743  0.003220628902632557
2.1  0.701763230226795  0.0032198082012733407
2.2  0.702487855978196  0.0032251643220891253
2.3  0.7016752064640132  0.0032224269385959766
2.4  0.7087663253161849  0.003246062614035212
2.5  0.7002193454897896  0.003216350560588497
2.6  0.7019284814028555  0.003224289459606838
2.7  0.7059625719045809  0.0032381064230007743
2.8  0.7002916368451625  0.0032171655641843305
2.9  0.7046979108455854  0.003234116107367599
3.0  0.7090798430755875  0.0032438178771224692
3.1  0.7015874199438581  0.003220026118796618
3.2  0.7062762890376966  0.0032382152745611425
3.3  0.7041523747129711  0.0032273112141796936
3.4  0.7033765882001485  0.003225332862492218
3.5  0.702490373185957  0.003224036961935427
3.6  0.7085320741387623  0.0032397737384055733
3.7  0.7047676725366813  0.0032312927317400793
3.8  0.7008594102404534  0.003224092194409221
3.9  0.6951648662274532  0.003201128078313828
4.0  0.7005716923619417  0.003214064597023724
4.1  0.7036388451611006  0.0032272625321574026
4.2  0.7003209278565292  0.0032129149185434404
4.3  0.7017317597630235  0.0032214704876584437
4.4  0.7032423206171522  0.0032248361779647584
4.5  0.7037227830683  0.003224494799040272
4.6  0.6969632787428919  0.003207634583204078
4.7  0.7087463015878641  0.0032389521318899237
4.8  0.7028685797121802  0.003221498113815831
4.9  0.7018789467451745  0.0032203893566478117
5.0  0.6986985399495848  0.0032112780507649037
0.0  -2.2204460492503128e-16  0.0
0.1  0.00624718775500987  0.00025029481875899336
0.2  0.02626325062524686  0.0005159595783362485
0.3  0.06729194024546975  0.0008370853058147573
0.4  0.15122194702047342  0.0012808105156953545
0.41  0.1629168434129067  0.0013597192507292175
0.42  0.18050847421812913  0.0014158958634058717
0.43  0.1992836620054344  0.0014938703044556168
0.44  0.22041381145791578  0.001584718479759052
0.45  0.2477191346308667  0.0016877925926126914
0.46  0.2880296611712057  0.0018490271255119173
0.47  0.34266964401332595  0.0020468124729214427
0.48  0.4192859498535982  0.0023252078621835703
0.49  0.5178151234692837  0.0026798159038829753
0.5  0.6115027640590515  0.0029971449351975598
0.51  0.6768822989408848  0.003230173471025081
0.52  0.7067531814697661  0.0033170766927178865
0.53  0.716859209265596  0.0033476686002284935
0.54  0.7214645695437074  0.003350429456155696
0.55  0.7198994739435736  0.00333614500507683
0.56  0.7199070803274533  0.0033296093625468106
0.57  0.718826921174384  0.0033249326378786918
0.58  0.7211443860859099  0.003330286168823568
0.59  0.7207082853837505  0.0033172985462182917
0.6  0.7122452195339937  0.003295190260943911
0.7  0.7067855497189943  0.003254710852160979
0.8  0.705135726698744  0.003249764842022682
0.9  0.7076232627849433  0.0032550616778046406
1.0  0.7087706348391074  0.003254667122296146
1.1  0.7050166129039787  0.0032336839460611606
1.2  0.7048721326360827  0.003231529861109076
1.3  0.704308258272013  0.003233876668803302
1.4  0.7021730847254839  0.003228948581249464
1.5  0.7047175872599705  0.0032378490360240836
1.6  0.6990795008412329  0.0032154268374432727
1.7  0.708790836759559  0.0032454324619509006
1.8  0.7058687695069094  0.0032337529137099336
1.9  0.7030397088279458  0.0032228215369782603
2.0  0.6994490174517519  0.003216556838910215
2.1  0.707126992678538  0.0032376459541595152
2.2  0.6973101401467675  0.003208087005338254
2.3  0.7047608353308654  0.0032309994980043786
2.4  0.6978027074900547  0.0032088896319477896
2.5  0.6971605097736033  0.0032078759256741482
2.6  0.7048755641198124  0.003228106422345423
2.7  0.7038137570390576  0.0032296419321538802
2.8  0.702361972283845  0.0032234789854792417
2.9  0.7027923957562728  0.0032240301541523082
3.0  0.7046921624047564  0.0032331732881265376
3.1  0.7025047714551177  0.003225260493335756
3.2  0.6972472691519324  0.003206459126173155
3.3  0.6972396498289025  0.00320992636995217
3.4  0.7056562840606194  0.003234620674060167
3.5  0.7049989668678773  0.003235396647204916
3.6  0.6993388262431545  0.003213148047480623
3.7  0.7042159620527694  0.0032281265272408877
3.8  0.7060163826250684  0.0032342288455792915
3.9  0.7018349501505285  0.003220088870491074
4.0  0.7114118019353874  0.0032520074639889986
4.1  0.6986466399711754  0.0032176100696978066
4.2  0.699070723138609  0.0032081187220217985
4.3  0.6998280636847959  0.003216976716453396
4.4  0.7047591952410204  0.003227938901524357
4.5  0.7028873514988924  0.003223103681486905
4.6  0.7060957834454121  0.003233336257671099
4.7  0.7043080515322726  0.0032275136361933614
4.8  0.7030754546415322  0.0032265926455230702
4.9  0.7005380801986125  0.0032140724229758086
5.0  0.7023151769408632  0.0032246901586976988
