#mmax= 10
#m-states: all states (FBR)
#Nr. of sites: 50

0.0  0.0 0.0 0.0 NaN NaN 0.0 
0.1  0.0006 0.0023455599366705945 0.5501651416514164 0.02345123921766897 7.194860582585653 0.0 
0.2  0.00314 0.004699842794096722 2.208852228922288 0.0030439901496419593 1.612794424966589 0.0 
0.3  0.00658 0.007036224990761821 4.950846212062119 -0.010273416230359366 0.6807745554695392 0.0 
0.4  -0.0001 0.009574325907193976 9.166771657716575 -0.014425916636787675 0.32227836057135795 0.0 
0.41  -0.00186 0.009782787048342836 9.570292243322434 0.0031413014627423006 0.29354668228457825 0.0 
0.42  0.00354 0.01010297458103077 10.207009538495386 0.0074727981284447575 0.269097364596107 0.0 
0.43  0.00164 0.010375020458509713 10.764104951449509 0.02281180734972929 0.28993347531614466 0.0 
0.44  -0.00666 0.010613401098932843 11.264428288682888 -0.005149982879807686 0.24278489557639782 0.0 
0.45  0.0098 0.010916237045901505 11.916423124231244 0.005096859329391589 0.22946482078958885 0.0 
0.46  -0.00054 0.01124003827700799 12.633846046860475 -0.012430032373279101 0.1820341594664283 0.0 
0.47  -0.00318 0.011618470155940823 13.498884876448761 -0.0031959069784954974 0.19301604290200647 0.0 
0.48  0.0084 0.011993628844988025 14.384713287132877 0.011735174120522957 0.15797381617441264 0.0 
0.49  -0.00132 0.012293929151534095 15.114069398293982 0.0031507491058065627 0.14746945128609257 0.0 
0.5  0.01652 0.012639417250992406 15.975486844468444 0.002459722995253036 0.15697248076118164 0.0 
0.51  0.00794 0.01297634206618083 16.83854534185342 -0.005887070772681922 0.08994508421285019 0.0 
0.52  -0.00268 0.01323658869379881 17.52072802488025 0.001192107016753935 0.096184549242885 0.0 
0.53  0.0155 0.013546004298032847 18.349423244232433 0.006922530613953585 0.09566181379343641 0.0 
0.54  0.01474 0.013710146133614697 18.796810700507002 0.0036117277018862604 0.06996454306343791 0.0 
0.55  -0.00106 0.013946122533067646 19.44943337073371 -0.00569675409598087 0.10542589548848502 0.0 
0.56  -0.01028 0.01412224265452821 19.943773759337596 -0.003456137753402382 0.08334055807790852 0.0 
0.57  0.01578 0.014289490957046654 20.41895518115181 -0.005157103780561466 0.051505789216293785 0.0 
0.58  0.012 0.014503125987408164 21.034066340663404 0.0021169898239311222 0.0610738671099198 0.0 
0.59  0.01096 0.014616789500069874 21.36505352893529 0.012738905808463385 0.06381609035726798 0.0 
0.6  0.0048 0.014801633709952588 21.908836048360477 -0.002042033834490309 0.02439284498771599 0.0 
0.7  0.00663 0.016073370647236365 25.83532439634396 -8.03392940415051e-5 0.0647411826769142 0.0 
0.8  0.004 0.017094968920112835 29.22379623796238 0.008698123325961264 0.0246669382715492 0.0 
0.9  0.00488 0.017778991050710045 31.60925227812278 -0.014378580663020576 0.012233287343126786 0.0 
1.0  -0.02495 0.0184897889035526 34.187229369793684 -0.0005359265825075831 -0.0005167776414087832 0.0 
1.1  0.00031 0.019031051490871663 36.218092084820846 0.0009218442822980329 -0.004794223787555563 0.0 
1.2  -0.01435 0.01963777220552199 38.564209719597194 -0.004674762502778401 0.028056497742837916 0.0 
1.3  -0.02862 0.020175804310777697 40.70630795867959 0.004697853153518981 -0.0015116288914018838 0.0 
1.4  0.00961 0.020684227199766217 42.783725485154854 -0.0006848651235616662 0.03603985850109348 0.0 
1.5  -0.00564 0.021018979515642494 44.17974998789988 0.012482982823724368 -0.002775561514833491 0.0 
1.6  -0.00304 0.021584586318196264 46.58943665276653 -0.0001932355491948854 -0.0014449633784798799 1.1453857329086126e-294 
1.7  0.01144 0.021918761269400146 48.04320955849559 0.0002081455694737646 0.013750602150243374 1.0746976514986424e-287 
1.8  0.0019 0.022205618541147373 49.3089494794948 -0.0020468179840136794 0.028418494220263213 9.679276462038057e-279 
1.9  -0.05729 0.022597973033943827 51.066838524285245 0.006546268424729917 0.03506861341468159 4.560051555421671e-281 
2.0  0.00155 0.023004085894785704 52.91879678546787 0.008920295125964466 0.03246753664214497 3.499122070670046e-276 
2.1  -0.00801 0.02329483386701543 54.264928489184896 -0.011122605310318685 -0.014330512309328025 6.592055887571775e-260 
2.2  0.00893 0.023564775737052023 55.52986555375558 0.0056019255455561955 -0.0004281205835194868 8.298586313399176e-256 
2.3  -0.02319 0.023867794597641177 56.967161895518935 -0.006137774891723654 0.04575047816491162 1.423097601610705e-249 
2.4  0.04062 0.024235630254106 58.73657738137381 0.01574545935098524 -0.003454773290464619 1.3652350120555325e-246 
2.5  0.04032 0.02459009942448174 60.46729897058971 -0.0011456553957325001 -0.011186054245142074 3.49949417721642e-231 
2.6  0.01188 0.02474884469443244 61.250531370913684 0.01198076121866035 0.007006400632229237 4.730133559452269e-250 
2.7  0.02276 0.025098344947290668 62.99269190931909 0.005651837454169681 0.022256192289005217 5.537857064713922e-240 
2.8  -0.0026 0.025292863216514198 63.97289296892969 0.0007031204672856454 -0.014833881678904426 2.451475780559254e-227 
2.9  -0.00306 0.025609683030499403 65.58558649226491 -0.008713750350256278 -0.011554509793101353 1.9957845739361792e-209 
3.0  -0.01197 0.02580963247631174 66.61371285622856 0.014946675896555127 -0.012827963560452016 2.5249420160562244e-234 
3.1  -0.01856 0.025981029721761497 67.50139054030542 0.0018779079006024809 -0.01924395440658344 6.117019226223264e-212 
3.2  -0.03489 0.02630147989291564 69.17678445574457 0.011051578897523135 -0.022971193710174642 5.790074200886909e-213 
3.3  -0.02419 0.026504680217269823 70.24980734197342 -0.005888571794968408 0.0007509833044854197 4.898267692186891e-208 
3.4  0.0062 0.02671233331417364 71.35487510875109 0.004833791384213423 -0.017278521652327683 1.2655454032840739e-197 
3.5  -0.02355 0.027001500787649704 72.90810447854476 -0.016053205373316157 -0.005484374148893245 4.821467702560995e-206 
3.6  -0.03468 0.027134662995426325 73.62899358753587 -0.007919503521638708 0.029145483663789662 2.4045110625433624e-197 
3.7  -0.03023 0.027307823396294083 74.57172186431865 -0.008764293546560848 0.011741625461354044 4.257691500875312e-188 
3.8  0.02072 0.02745328110886632 75.36826436424366 -0.006407213456587987 0.021339730501658494 6.081814921585723e-185 
3.9  -0.04201 0.027739847630988638 76.9499146590466 -0.014551691145480083 -0.00963585341792772 5.328275471094467e-193 
4.0  0.01721 0.02796667945092151 78.21351595105953 0.0018947032128029259 0.009585902310181638 1.748762180489081e-187 
4.1  0.04669 0.028192616917829514 79.48236486754868 -0.007396914061528867 -0.0018314747819525579 1.6492245514018632e-176 
4.2  0.06706 0.028330002743638318 80.25890554545545 -0.007145666398719053 -0.019677567332874624 3.6528372737048473e-172 
4.3  0.03768 0.028564281215490327 81.59181613576136 0.0038715153173434396 -0.010772829042765775 1.566308655564191e-168 
4.4  -0.01978 0.02870458721266116 82.39533270492706 0.017335074689219115 0.021522099519406535 1.3817586914861386e-180 
4.5  -0.03774 0.028799667552465102 82.94208511325112 0.005277463783577553 0.015397007737048884 2.8820897166447876e-169 
4.6  0.02333 0.02888341738141448 83.4251799628996 -0.0013387790919105293 0.010026992616861019 4.921826965609366e-172 
4.7  -0.03933 0.029252654387061813 85.57177886888867 -0.01892787240157074 0.008237712501479422 1.0683226436956036e-164 
4.8  0.06105 0.02941809788582246 86.5424483219832 -0.016586331010097616 0.021283006258708603 1.4655647210818656e-166 
4.9  0.0344 0.02953040614094003 87.20448868488685 -0.003743574155906664 -0.004889196368509374 2.103262534364544e-165 
5.0  -0.01124 0.029673195675717443 88.04985416094163 -0.007792264056757285 0.0083282194942349 3.431573581559082e-166 
