#mmax= 10
#m-states: all states (FBR)
#Nr. of sites: 50
 
0.0  1.2865175104934316e-44 
0.1  0.0024810455183699384 
0.2  0.009691612768199678 
0.3  0.020902556454613534 
0.4  0.03466916678614581 
0.41  0.03609399829443165 
0.42  0.03751227158016383 
0.43  0.03891842862485627 
0.44  0.04030626408050106 
0.45  0.04166778976676853 
0.46  0.042992967344477766 
0.47  0.04426886052297008 
0.48  0.045478942698514366 
0.49  0.046608511651207524 
0.5  0.04765941589447452 
0.51  0.048655376287621274 
0.52  0.049619470274931445 
0.53  0.05055989653155339 
0.54  0.05147975509529117 
0.55  0.052378613598156994 
0.56  0.053256449121280094 
0.57  0.054114197560344926 
0.58  0.054952643710579056 
0.59  0.05577285625815247 
0.6  0.056575849212524704 
0.7  0.06383696544418484 
0.8  0.0700903027354236 
0.9  0.0756750076227789 
1.0  0.08078348425170366 
1.1  0.08553473479215676 
1.2  0.09000457854268809 
1.3  0.09424606239246937 
1.4  0.09829614762271609 
1.5  0.10218237035121926 
1.6  0.10592639264160854 
1.7  0.10954423628505933 
1.8  0.11304845849611524 
1.9  0.1164516749661092 
2.0  0.11976013734962261 
2.1  0.12298454499272253 
2.2  0.12612948135829163 
2.3  0.12920110934195247 
2.4  0.13220475810515403 
2.5  0.13514432794680237 
2.6  0.1380248512728156 
2.7  0.1408492024610609 
2.8  0.1436206196342031 
2.9  0.14634228833935714 
3.0  0.14901631332902002 
3.1  0.15164587399905352 
3.2  0.15423186010946294 
3.3  0.15677909557338862 
3.4  0.15928503843041592 
3.5  0.1617552673109981 
3.6  0.1641900071970336 
3.7  0.16659046794778665 
3.8  0.16896163749086085 
3.9  0.1712959813893264 
4.0  0.17360503610847386 
4.1  0.1758825959349985 
4.2  0.17813269817235886 
4.3  0.18035584694710197 
4.4  0.18255280154572096 
4.5  0.18472528379437117 
4.6  0.1868728717369355 
4.7  0.18899768854386048 
4.8  0.19109959007747718 
4.9  0.19318006188330505 
5.0  0.19523835570495343 
