#mmax= 10
#m-states: all states (FBR)
#Nr. of sites: 50
 
0.0  -3.648139658634669e-8 
0.1  -3.798201363339505e-9 
0.2  -1.4847594086591536e-7 
0.3  1.802543195645455e-6 
0.4  -1.3711395429816514e-8 
0.41  2.2202470931986077e-5 
0.42  1.8829831494336105e-6 
0.43  -1.7071606127302946e-6 
0.44  3.247079725376308e-5 
0.45  -1.8258130055768057e-6 
0.46  -4.254271277238041e-5 
0.47  -2.8249801535858553e-5 
0.48  0.00020413018945044932 
0.49  -0.004316056224399697 
0.5  4.8288543917677834e-5 
0.51  0.011153344018953867 
0.52  0.011676705345290223 
0.53  0.005890681734741922 
0.54  0.003134973157705212 
0.55  -0.006831400386821048 
0.56  -0.004224256575867135 
0.57  -0.011792723139948424 
0.58  -0.025365891354763075 
0.59  -0.02677887039355922 
0.6  -0.025830269405025006 
0.7  0.6908660623990852 
0.8  -0.08502707680606517 
0.9  -0.5795827870171545 
1.0  -0.6247237773764515 
1.1  -1.049968488679459 
1.2  -1.3017591455000455 
1.3  -1.2452765655537659 
1.4  -1.263825117275329 
1.5  -1.3388693201828759 
1.6  -1.2220013809059047 
1.7  -1.3663423973572393 
1.8  -1.3961737413288418 
1.9  -1.353657670100497 
2.0  -1.3779725692207663 
2.1  -1.3932590913835357 
2.2  -1.4212979322406698 
2.3  -1.4626636239387634 
2.4  -1.4321161836538678 
2.5  -1.43320539487474 
2.6  -1.4478445863573994 
2.7  -1.4297176414335497 
2.8  -1.4293161953735134 
2.9  -1.4136817604815115 
3.0  -1.4144976967800154 
3.1  -1.4167820734920133 
3.2  -1.4081392486417945 
3.3  -1.4031156551742665 
3.4  -1.404696171658462 
3.5  -1.4033790149754803 
3.6  -1.4068715150069857 
3.7  -1.4081064864386175 
3.8  -1.4095430577249788 
3.9  -1.412300616881858 
4.0  -1.4139097423407154 
4.1  -1.4148232071456592 
4.2  -1.4167757454287289 
4.3  -1.4179580526910185 
4.4  -1.4197256189121954 
4.5  -1.4209919426934883 
4.6  -1.4225120202798676 
4.7  -1.4236485861755028 
4.8  -1.4250210737174889 
4.9  -1.4260137222481017 
5.0  -1.4270695543105756 
