#mmax= 10
#m-states: all states (FBR)
#Nr. of sites: 50

0.0  -2.2204460492503128e-16  0.0
0.1  -0.0  1.8145700287744565e-19
0.2  -0.0  4.761301681705269e-19
0.3  -0.0  3.172884873071933e-19
0.4  -0.0  2.986164032525391e-19
0.41  -0.0  3.1031434865146467e-19
0.42  -0.0  3.083378801711264e-19
0.43  -0.0  3.028991679529542e-19
0.44  -0.0  3.0625811724882217e-19
0.45  1.0000050000287824e-5  1.000010000100001e-5
0.46  -0.0  3.0353129472285405e-19
0.47  -0.0  3.0864554087489783e-19
0.48  1.0000050000287824e-5  1.0000100001000008e-5
0.49  -0.0  3.073569109001575e-19
0.5  3.0000450008974692e-5  1.732085449364423e-5
0.51  1.0000050000287824e-5  1.000010000099992e-5
0.52  4.000080002115192e-5  2.0000500014670254e-5
0.53  5.000125004166272e-5  2.2361350619971602e-5
0.54  6.0001800071730164e-5  2.4495754786769346e-5
0.55  7.000245011435383e-5  2.645857146538986e-5
0.56  8.000320016875836e-5  2.8285544113599687e-5
0.57  0.00011000605044109294  3.316823803849972e-5
0.58  0.00010000500033279216  3.162451598191044e-5
0.59  0.00011000605044009363  3.316823803819816e-5
0.6  0.00014000980090923983  3.74193803988521e-5
0.7  0.000610186119267293  7.812671873567383e-5
0.8  0.0011206275779909593  0.00010588988797540211
0.9  0.001781585390785752  0.00013353615600231078
1.0  0.0024229314294754003  0.0001557527480326382
1.1  0.003536206182272661  0.00018821430218667675
1.2  0.004851564132520933  0.00022052699252984466
1.3  0.005303973785582813  0.0002306089731344179
1.4  0.00678218326632382  0.00026085549183402804
1.5  0.007961286247450298  0.00028271569519167246
1.6  0.009351576134775696  0.00030648988475585426
1.7  0.010816824667071262  0.00032976027863334
1.8  0.011605971851344911  0.0003416378074526903
1.9  0.013611909982716826  0.00037009782774868546
2.0  0.01524749921226183  0.0003918817713053348
2.1  0.016236241706603108  0.00040449730559571407
2.2  0.01851161231716526  0.0004321526725365119
2.3  0.019270545921903387  0.0004409521208436849
2.4  0.02128820862961579  0.0004635961561311354
2.5  0.022995144305228362  0.00048212247538422144
2.6  0.02406870116190515  0.0004962634449266827
2.7  0.0255012057425732  0.0005078964003162596
2.8  0.027157964350476106  0.0005243213108883291
2.9  0.02944449261074332  0.0005461323595159391
3.0  0.030524554865321553  0.0005561961165402229
3.1  0.03254032809464176  0.0005743791713788606
3.2  0.034260870888726015  0.00059031845621661
3.3  0.03464561391604979  0.0005949487380633682
3.4  0.036046923049640335  0.0006126723780836723
3.5  0.03909463216333423  0.0006315959106247481
3.6  0.04064287028904529  0.0006431258695334632
3.7  0.040583194479513175  0.0006488799314693735
3.8  0.04165087487737061  0.0006509740825411107
3.9  0.04410368510652621  0.000670100117784093
4.0  0.04616393359476179  0.0006921057526052494
4.1  0.04790420940287903  0.000701998534353997
4.2  0.04932083362298528  0.0007178421749715828
4.3  0.05101326813764137  0.0007222959388578894
4.4  0.05223995100805518  0.0007301580602733699
4.5  0.053361918024472765  0.0007379546680392184
4.6  0.053805703147228455  0.0007458321592425735
4.7  0.056055391425956044  0.000756766693497831
4.8  0.057741216388953354  0.0007687938731642261
4.9  0.058569780039573804  0.0007828386013390906
5.0  0.06010798029767066  0.0007879193503317433
