#mmax= 10
#m-states: all states (FBR)
#Nr. of sites: 50

0.0  1.0000000000000002  0.0
0.1  1.0  1.8145700287744565e-19
0.2  1.0  4.761301681705269e-19
0.3  1.0  3.172884873071933e-19
0.4  1.0  2.986164032525391e-19
0.41  1.0  3.1031434865146467e-19
0.42  1.0  3.083378801711264e-19
0.43  1.0  3.028991679529542e-19
0.44  1.0  3.0625811724882217e-19
0.45  0.99999  1.0e-5
0.46  1.0  3.0353129472285405e-19
0.47  1.0  3.0864554087489783e-19
0.48  0.99999  9.999999999999999e-6
0.49  1.0  3.073569109001575e-19
0.5  0.99997  1.732033486800942e-5
0.51  0.99999  9.999999999999911e-6
0.52  0.9999600000000002  1.999969999466967e-5
0.53  0.99995  2.2360232552440605e-5
0.54  0.9999400000000003  2.4494285041482147e-5
0.55  0.99993  2.6456719365387285e-5
0.56  0.9999200000000019  2.8283281270070653e-5
0.57  0.9998900000000026  3.3164589532315566e-5
0.58  0.9999000000000006  3.1621353530312265e-5
0.59  0.9998900000000036  3.316458953201408e-5
0.6  0.9998600000000055  3.741414168559647e-5
0.7  0.9993900000064238  7.807906143774693e-5
0.8  0.9988800000906105  0.0001057712913104644
0.9  0.9982200006904137  0.00013329846173682186
1.0  0.9975800014996403  0.0001553758266159723
1.1  0.9964700388314217  0.00018754991300858672
1.2  0.995160185695384  0.00021945968283684477
1.3  0.99471006744763  0.00022938906722056552
1.4  0.993240763832156  0.00025909230795904275
1.5  0.9920703208585488  0.00028047385044055017
1.6  0.9906920138690896  0.0003036370811592824
1.7  0.9892414668153031  0.0003262125417326683
1.8  0.9884611176428723  0.0003376956889837467
1.9  0.9864803131454447  0.00036509422101197207
2.0  0.9848681553434717  0.0003859518772182174
2.1  0.9838948555976618  0.00039798281807873834
2.2  0.9816586751937205  0.00042422642000361797
2.3  0.9809139440732161  0.00043253608400422834
2.4  0.9789367858787074  0.0004538313310287371
2.5  0.9772672290731309  0.00047116249559261687
2.6  0.9762186400992057  0.00048446162533727317
2.7  0.9748212035816061  0.0004951081802510614
2.8  0.9732074972914144  0.0005102734307461844
2.9  0.9709847729751416  0.0005302862051189625
3.0  0.9699366151118461  0.0005394749786153777
3.1  0.9679834121174975  0.0005559895101605304
3.2  0.9663193871565601  0.0005704361688384412
3.3  0.9659476740217875  0.0005746893496945082
3.4  0.9645950306806895  0.0005909807313348309
3.5  0.9616597009023934  0.0006073803345025701
3.6  0.9601719746639163  0.0006175114361073935
3.7  0.9602292754135118  0.0006230735064252057
3.8  0.9592046045465421  0.0006244173374138942
3.9  0.9568547407437629  0.0006411884744746632
4.0  0.9548854115610087  0.0006608816864202053
4.1  0.9532250927051455  0.0006691626179884651
4.2  0.9518756869776929  0.0006832965134426366
4.3  0.9502660621878735  0.0006863733175527795
4.4  0.9491011017516392  0.0006929938194582952
4.5  0.9480368387658538  0.0006996082106404056
4.6  0.9476162074628458  0.0007067626421452728
4.7  0.9454867625798916  0.0007155128910635533
4.8  0.9438941801781126  0.000725660062636303
4.9  0.9431124276809602  0.000738304813791277
5.0  0.941662847059746  0.0007419543786868548
