#mmax= 10
#m-states: all states (FBR)
#Nr. of sites: 50
 
0.0  9.715967730597175e-22 
0.1  2.473495707057241 
0.2  5.099672244476196 
0.3  8.101495742237661 
0.4  11.950584200742812 
0.41  12.422416141503069 
0.42  12.919174905316634 
0.43  13.445212810570663 
0.44  14.005349984490278 
0.45  14.607300666249257 
0.46  15.260687694637559 
0.47  15.977658367499284 
0.48  16.76726175148135 
0.49  17.61304063088859 
0.5  18.455365604173902 
0.51  19.222349133099733 
0.52  19.88994607991474 
0.53  20.47579681489284 
0.54  20.99797659793058 
0.55  21.47259664606289 
0.56  21.91042327483937 
0.57  22.31775112658791 
0.58  22.698893291440392 
0.59  23.05756495202235 
0.6  23.396080308595153 
0.7  26.02749759051353 
0.8  27.851211217972963 
0.9  29.23900266164345 
1.0  30.35441755499932 
1.1  31.28318093772163 
1.2  32.076041257311886 
1.3  32.76536051151675 
1.4  33.37322517070518 
1.5  33.91524747358106 
1.6  34.403027209214315 
1.7  34.845325413776315 
1.8  35.2491349688959 
1.9  35.61966039025803 
2.0  35.96152827098443 
2.1  36.27811613661275 
2.2  36.57255627349805 
2.3  36.84732612812195 
2.4  37.10452823736279 
2.5  37.345976477831094 
2.6  37.57320719938913 
2.7  37.78761196787841 
2.8  37.99032145682502 
2.9  38.182386692079504 
3.0  38.364695996293925 
3.1  38.538067723245575 
3.2  38.703204206852504 
3.3  38.86069324741452 
3.4  39.01124509421963 
3.5  39.15521541862782 
3.6  39.29312362095235 
3.7  39.42538036884528 
3.8  39.552305998834164 
3.9  39.67441116017202 
4.0  39.791792634525535 
4.1  39.90488829153733 
4.2  40.01391779770435 
4.3  40.119104738145104 
4.4  40.22067940447228 
4.5  40.31883250484298 
4.6  40.41377028974173 
4.7  40.50564387628876 
4.8  40.59463266327526 
4.9  40.68086771285551 
5.0  40.76451319920292 
