#mmax= 10
#m-states: all states (FBR)
#Nr. of sites: 50
 
0.0  1.5557538194652854e-61 
0.1  -1.2099044472243607 
0.2  -2.325800046447332 
0.3  -3.2341340703269372 
0.4  -3.7595803261486775 
0.41  -3.7793207070988535 
0.42  -3.7908037408670308 
0.43  -3.7930277627699103 
0.44  -3.784906802897623 
0.45  -3.76471959844288 
0.46  -3.7303220828498365 
0.47  -3.678988591209972 
0.48  -3.6083699894144665 
0.49  -3.5206628786948744 
0.5  -3.4266119206083374 
0.51  -3.340394360080544 
0.52  -3.2678572333646208 
0.53  -3.206715866788783 
0.54  -3.154248287765905 
0.55  -3.1078266155474776 
0.56  -3.0657360416754353 
0.57  -3.0270597172623264 
0.58  -2.991197094424235 
0.59  -2.9576501621110727 
0.6  -2.92614588596126 
0.7  -2.682565697527009 
0.8  -2.510757948283766 
0.9  -2.376218965416046 
1.0  -2.2649778056006236 
1.1  -2.170054766865692 
1.2  -2.0872815289767916 
1.3  -2.0140245035319357 
1.4  -1.9484182205194667 
1.5  -1.889144252712431 
1.6  -1.8351947193478404 
1.7  -1.7857892781979612 
1.8  -1.7402453430455032 
1.9  -1.6981604988644519 
2.0  -1.6590064817903076 
2.1  -1.6225508779539892 
2.2  -1.588429136416055 
2.3  -1.5564097147703677 
2.4  -1.5262905552225368 
2.5  -1.497882908635537 
2.6  -1.4710440952549646 
2.7  -1.4456140521009155 
2.8  -1.4214852591481715 
2.9  -1.3985467940026715 
3.0  -1.376701387046703 
3.1  -1.3558680760983253 
3.2  -1.335960475630752 
3.3  -1.3169508026292198 
3.4  -1.298689437532145 
3.5  -1.281207732901665 
3.6  -1.2644231801247168 
3.7  -1.2482887337379283 
3.8  -1.2328127048491728 
3.9  -1.2178261630453713 
4.0  -1.2034515895778726 
4.1  -1.1895469333188482 
4.2  -1.1761210525722248 
4.3  -1.1631473452094176 
4.4  -1.1505967151627545 
4.5  -1.1384562915251337 
4.6  -1.1266890893874033 
4.7  -1.1152925605340895 
4.8  -1.1042355820963576 
4.9  -1.0935124605539814 
5.0  -1.0830888657783517 
