#mmax= 10
#m-states: all states (FBR)
#Nr. of sites: 41
 
0.0  20.499999999999954 0.01219512195121808 
0.1  18.581904051892447 0.009938445858114098 
0.2  16.850602495237993 0.00795101806808618 
0.3  15.3031948994332 0.006264193776902238 
0.4  13.932753210273255 0.004992912537417404 
0.41  13.803478315250223 0.004897341623662066 
0.42  13.675144578734525 0.004809390614620268 
0.43  13.547429904630981 0.004727268853486399 
0.44  13.42032731289473 0.004655308262871083 
0.45  13.293519707293187 0.0045962179149363624 
0.46  13.166589477579906 0.004550749253018904 
0.47  13.039111706900043 0.004516049905736064 
0.48  12.910909465606 0.004501416554394955 
0.49  12.782781153559393 0.004504358845360379 
0.5  12.657120285581602 0.004525437324137349 
0.51  12.536699796440342 0.004551171065038884 
0.52  12.423322364896103 0.004573629322198403 
0.53  12.316933301154062 0.004589957744018824 
0.54  12.216385582260871 0.0045999663945767155 
0.55  12.120881874782826 0.004604871785807041 
0.56  12.029438992803142 0.00460643397880367 
0.57  11.941542858748024 0.004605486638786904 
0.58  11.856831461536888 0.004602725356821158 
0.59  11.774941386563432 0.004598698810271862 
0.6  11.695653843374261 0.004593755958041679 
0.7  11.010884687213377 0.00451897968520909 
0.8  10.461501550076754 0.00442416060201678 
0.9  10.000873009213933 0.004330960343862489 
1.0  9.604237189032565 0.004244020446119601 
1.1  9.256392971275096 0.004160892774193181 
1.2  8.947162544460909 0.004079242215779599 
1.3  8.669409643775436 0.004001263238924246 
1.4  8.41783009522784 0.0039284731699380515 
1.5  8.188368465775506 0.0038598094709522135 
1.6  7.9777992248038325 0.003794590745463733 
1.7  7.783568249866383 0.0037329688548947138 
1.8  7.603611874105213 0.0036744901017151665 
1.9  7.436225105835997 0.0036197760432897796 
2.0  7.279944807932012 0.0035672648084683622 
2.1  7.133587547241142 0.0035172838552323116 
2.2  6.996122889574786 0.0034696168606218603 
2.3  6.866651391794059 0.0034240708492480065 
2.4  6.744418305124626 0.003380480587432566 
2.5  6.628776648455088 0.0033388828511587976 
2.6  6.519127492992708 0.0032989792604111168 
2.7  6.414969879234247 0.003260477268405282 
2.8  6.315837349828773 0.003223450333634803 
2.9  6.221345560628021 0.003187765822896149 
3.0  6.131139859413418 0.00315339533033121 
3.1  6.044895416045814 0.003120205283015709 
3.2  5.962354399909717 0.003088062393589608 
3.3  5.883202561443973 0.0030574750060955447 
3.4  5.807217956912088 0.0030270699348772245 
3.5  5.734228890688471 0.0029980625189381938 
3.6  5.664024712879175 0.002969693296422382 
3.7  5.5964290535057595 0.0029427149663073804 
3.8  5.531293312173109 0.0029163253841631986 
3.9  5.468442637918797 0.0028909622777583133 
4.0  5.40776986291149 0.0028660571046594807 
4.1  5.349135265403715 0.002841446113035051 
4.2  5.2924238132501795 0.0028178822483131416 
4.3  5.237539567449589 0.0027951668985302103 
4.4  5.18439015976438 0.0027727885636837923 
4.5  5.132874904760059 0.002750974946596485 
4.6  5.082916109712447 0.0027297549680800337 
4.7  5.034437405825276 0.0027090434959000653 
4.8  4.987360041516565 0.0026888456871639876 
4.9  4.941620075312167 0.0026697059377288612 
5.0  4.897157702165431 0.0026497972051559016 
