#mmax= 10
#m-states: all states (FBR)
#Nr. of sites: 41
 
0.0  20.500000000000107 0.01219512195122241 
0.1  25.308702641692005 0.017963853365622895 
0.2  32.842509019302575 0.02761436337601264 
0.3  46.874061119194245 0.04759329395783407 
0.4  85.45383518449475 0.1142024386198004 
0.41  93.63737779341737 0.12985058133680072 
0.42  103.60296510479496 0.14927814145505514 
0.43  116.10735554022509 0.17391004046790892 
0.44  132.13544227291396 0.20526370469902466 
0.45  153.28892965176544 0.24538824735821618 
0.46  181.50588618132502 0.2952392544165999 
0.47  219.37317745480877 0.3543120626313039 
0.48  269.7927306883393 0.41975863011179226 
0.49  331.6326862233712 0.4827916532484071 
0.5  399.51718114903105 0.5354469407598814 
0.51  464.79799696242793 0.5737561110902458 
0.52  520.3905572855873 0.598649962443689 
0.53  565.5834613395887 0.6143785870221647 
0.54  602.600905086679 0.6246155102171917 
0.55  633.2367122364751 0.6314477545833899 
0.56  659.6057868703559 0.636345340980372 
0.57  682.7513343995853 0.6399996814769042 
0.58  703.345571242784 0.642816869887056 
0.59  722.0074777470056 0.6450759326952331 
0.6  739.0424319536368 0.6469226702895716 
0.7  858.2116307889506 0.6557923523498856 
0.8  931.8901606486738 0.6589985230813415 
0.9  985.114200925016 0.6606787058982451 
1.0  1026.671917341676 0.6617268504451321 
1.1  1060.6719110741994 0.6624503164353088 
1.2  1089.3647735200584 0.6629834191775255 
1.3  1114.111493301958 0.6633944537416636 
1.4  1135.8066986158444 0.6637221039860726 
1.5  1155.066538833589 0.6639898989428247 
1.6  1172.3440729636995 0.6642132445468796 
1.7  1187.9696540304985 0.6644025001576078 
1.8  1202.2057184229272 0.664565048150412 
1.9  1215.244274766645 0.6647061021470135 
2.0  1227.2570632824822 0.6648297844790219 
2.1  1238.3727396621505 0.664939108203954 
2.2  1248.697127865738 0.6650363983176696 
2.3  1258.3246236081945 0.6651235768554797 
2.4  1267.3307598272659 0.6652021292471474 
2.5  1275.7785321653548 0.6652732530546024 
2.6  1283.7256699635182 0.6653379627620131 
2.7  1291.218425318154 0.6653970602858912 
2.8  1298.3011766023028 0.6654512674701172 
2.9  1305.0093725476197 0.6655011545360414 
3.0  1311.3739419914689 0.6655472007703698 
3.1  1317.424395459203 0.6655898393930701 
3.2  1323.1817798068228 0.6656293991319561 
3.3  1328.67691242123 0.6656662652712342 
3.4  1333.9291633485736 0.6657006980255608 
3.5  1338.948661868091 0.6657328642997694 
3.6  1343.7551858283205 0.6657630049628911 
3.7  1348.3643928157753 0.6657913146173167 
3.8  1352.7851480051086 0.6658179134514011 
3.9  1357.0373363645117 0.6658430151276613 
4.0  1361.1274599646404 0.6658667064868409 
4.1  1365.0664420592711 0.6658891086420469 
4.2  1368.863387170016 0.665910323688871 
4.3  1372.5261426964967 0.6659304389434155 
4.4  1376.062525149335 0.6659495367023811 
4.5  1379.4796631122658 0.6659676914381206 
4.6  1382.7841437326865 0.6659849714725141 
4.7  1385.9815159213865 0.6660014331619024 
4.8  1389.0784143670865 0.6660171404494428 
4.9  1392.079140330668 0.6660321376498174 
5.0  1394.9895283553055 0.6660464763133418 
