#mmax= 10
#m-states: all states (FBR)
#Nr. of sites: 41
 
0.0  -1.0504148637475894e-24 
0.1  0.02578375295906495 
0.2  0.05657560405407913 
0.3  0.09918311732069465 
0.4  0.16658380521606522 
0.41  0.17572099239669298 
0.42  0.18550615687559674 
0.43  0.19604790194810864 
0.44  0.20745747056393588 
0.45  0.21989163126146724 
0.46  0.23354472343028926 
0.47  0.24860777299215134 
0.48  0.26524369486835775 
0.49  0.2831184532923413 
0.5  0.3013636026059163 
0.51  0.31876920656811886 
0.52  0.3343932937559656 
0.53  0.34815676404843243 
0.54  0.36039454423599915 
0.55  0.37137451277435807 
0.56  0.38142774357383724 
0.57  0.3907251272283811 
0.58  0.39937916735220214 
0.59  0.40750436631143944 
0.6  0.415159624334524 
0.7  0.4744773629231956 
0.8  0.5155251977128325 
0.9  0.5468034235753735 
1.0  0.5719783170584714 
1.1  0.5929727967297997 
1.2  0.6109217800062996 
1.3  0.6265476912174989 
1.4  0.6403427493941563 
1.5  0.6526562668135514 
1.6  0.6637493911387338 
1.7  0.6738166558203624 
1.8  0.6830149786836998 
1.9  0.6914605070204982 
2.0  0.6992573763468146 
2.1  0.7064850226084859 
2.2  0.713208903788122 
2.3  0.7194872905093689 
2.4  0.7253675379981231 
2.5  0.7308895845855012 
2.6  0.7360893810674227 
2.7  0.7409964767022597 
2.8  0.7456385122660705 
2.9  0.7500384247193391 
3.0  0.7542159435431401 
3.1  0.7581897849868073 
3.2  0.761974017009817 
3.3  0.765587075852544 
3.4  0.7690419156281811 
3.5  0.7723456553473722 
3.6  0.7755107329535569 
3.7  0.778547060261847 
3.8  0.7814607051157748 
3.9  0.7842639546946859 
4.0  0.7869615436907089 
4.1  0.7895602371220765 
4.2  0.7920658305714321 
4.3  0.7944836473297505 
4.4  0.7968188522161168 
4.5  0.7990758665240631 
4.6  0.8012590421794737 
4.7  0.8033720934536477 
4.8  0.8054191331005642 
4.9  0.8074030060698731 
5.0  0.8093277264735329 
