#mmax= 10
#m-states: all states (FBR)
#Nr. of sites: 41
 
0.0 2.842170943040401e-14
0.1 -0.25064127537643244
0.2 -1.0107820954963376
0.3 -2.3095028945519545
0.4 -4.21624220496804
0.41 -4.4455826165933985
0.42 -4.682892149536375
0.43 -4.928523049267255
0.44 -5.182887716347608
0.45 -5.446479811346876
0.46 -5.7198892387070455
0.47 -6.003828049091183
0.48 -6.299103998036507
0.49 -6.606479936749128
0.5 -6.926355436943093
0.51 -7.2584351112729735
0.52 -7.6017557235602276
0.53 -7.955093379117329
0.54 -8.317321813336825
0.55 -8.687530619725823
0.56 -9.065006660331107
0.57 -9.449181497943457
0.58 -9.839587363546897
0.59 -10.235828087167961
0.6 -10.637559986519745
0.7 -14.903282045644273
0.8 -19.51121962912302
0.9 -24.36750848755782
1.0 -29.41771234720889
1.1 -34.62627359718693
1.2 -39.968139163626596
1.3 -45.424693723422976
1.4 -50.981553249975136
1.5 -56.627271364879434
1.6 -62.352527466606304
1.7 -68.14957752504729
1.8 -74.01190524798425
1.9 -79.93394285022424
2.0 -85.91089167011711
2.1 -91.93857341770173
2.2 -98.013322192297
2.3 -104.1318988057218
2.4 -110.29142282131811
2.5 -116.48931683628527
2.6 -122.7232684008982
2.7 -128.99119222530524
2.8 -135.2911908884977
2.9 -141.62154163432257
3.0 -147.9806703766749
3.1 -154.36713529023447
3.2 -160.77960818768736
3.3 -167.2168737389008
3.4 -173.6778024529712
3.5 -180.16134811473972
3.6 -186.66654113367179
3.7 -193.19247855616237
3.8 -199.7383194659492
3.9 -206.3032778374701
4.0 -212.8866180217354
4.1 -219.48765063216192
4.2 -226.10572871628938
4.3 -232.7402428594921
4.4 -239.39061995749168
4.5 -246.05631935359565
4.6 -252.736830212229
4.7 -259.431670020864
4.8 -266.14038107540307
4.9 -272.86253045818046
5.0 -279.597706900648
