0.0  -0.0  0.0
0.1  0.006601746556055663  0.0002573645161367776
0.2  0.0274080663771879  0.0005271817482278688
0.3  0.06831294677858539  0.0008432653944779919
0.4  0.14748932451888108  0.0012658993657323856
0.41  0.16104975666913746  0.0013317062066057575
0.42  0.17874205511550742  0.001408897565662033
0.43  0.19846975157339555  0.0014912964258653072
0.44  0.22054376045743998  0.0015816246519962938
0.45  0.24978599724172143  0.001696496801658504
0.46  0.2845938778548593  0.0018330148107198797
0.47  0.33115090425727584  0.002006316010148509
0.48  0.39698518422801543  0.002258035076874374
0.49  0.48030458128167486  0.0025368509916804697
0.5  0.5638661528095464  0.002822104783107935
0.51  0.6362310120034683  0.003082100007445528
0.52  0.676783998068059  0.0032184917700236624
0.53  0.703283563709789  0.0032971888758572885
0.54  0.7139584157314192  0.0033198007651770176
0.55  0.7202976887506857  0.0033330514350992557
0.56  0.7174774387197859  0.0033307263136802133
0.57  0.7192073251862692  0.00332304749658598
0.58  0.7153558677014729  0.0033059259108049453
0.59  0.7130507633856078  0.0032947666445356134
0.6  0.706213976455928  0.003270007036215601
0.7  0.7087188220462602  0.0032639986622913686
0.8  0.7118376927215677  0.003263842728882119
0.9  0.7021071309163309  0.003233152278007774
1.0  0.7021500379091551  0.0032338073890591152
1.1  0.7024242571617016  0.003231120440354367
1.2  0.7000047120684333  0.0032214682010718184
1.3  0.6998055585506879  0.0032167071638024643
1.4  0.7045510226320005  0.003236708403707631
1.5  0.7075152633229651  0.003243182975612976
1.6  0.7009137189871736  0.0032185267138925664
1.7  0.7027622017064747  0.003230925326349891
1.8  0.704879359086072  0.003232899077592728
1.9  0.7033830728092202  0.0032286520314615728
2.0  0.7055254188860004  0.0032323533575792456
2.1  0.7003970691466473  0.003220513438782894
2.2  0.7045469807073613  0.0032348248428770874
2.3  0.7052540375767296  0.003233210882032391
2.4  0.702611246062016  0.003225709124823045
2.5  0.7100453993751422  0.0032487459888092566
2.6  0.7060917041842484  0.0032315264577826163
2.7  0.7036331542519642  0.0032281617925631464
2.8  0.7014339142832982  0.003219476602976798
2.9  0.7040192451740933  0.003229717163142141
3.0  0.7028511040369965  0.0032257766416050053
3.1  0.7026092998570261  0.003227179627009481
3.2  0.7050962315908904  0.003230761422871856
3.3  0.6973325125876111  0.003210973380797093
3.4  0.7075444278982813  0.0032434207710363666
3.5  0.7057603020412261  0.0032330510163974344
3.6  0.698567383803935  0.0032190660577059863
3.7  0.7116266544362413  0.0032515961665350902
3.8  0.7040693366618858  0.0032313438156285454
3.9  0.6977881058426579  0.003209813716047978
4.0  0.6973659468419643  0.003209082265819194
4.1  0.699306616351337  0.0032141630662494295
4.2  0.704436985384822  0.00323020183953257
4.3  0.7025087383317185  0.0032276466857946266
4.4  0.6997683417997833  0.0032195761822654645
4.5  0.7027595604067699  0.0032241391434401022
4.6  0.70594200972396  0.0032329390016154497
4.7  0.7049635833627904  0.0032334488394065324
4.8  0.6996179209572941  0.003213906001528491
4.9  0.7027054037746898  0.0032293018343268827
5.0  0.7050377379803843  0.0032332961471871397
0.0  -0.0  0.0
0.1  0.0062986167840751025  0.0002513476908757537
0.2  0.026353825838616615  0.0005166620046800823
0.3  0.0675381913695502  0.0008361170532772726
0.4  0.14794622824345002  0.0012704862994843526
0.41  0.1621452186439266  0.0013333459844323998
0.42  0.18069663029805438  0.0014164487141758225
0.43  0.19590654816695366  0.0014797863480818661
0.44  0.22050841095225457  0.001583766001193872
0.45  0.2503088387792928  0.0016966826364170394
0.46  0.28708680775618517  0.0018418106724523019
0.47  0.3334458124362721  0.0020126710783904354
0.48  0.3989576778408993  0.0022554638245438764
0.49  0.4791906041409492  0.0025466332354506255
0.5  0.5653418705482912  0.002835416132594558
0.51  0.637990311868304  0.003086187820548138
0.52  0.6759194023837597  0.0032156934705949614
0.53  0.7057965737816756  0.0033030932157593357
0.54  0.7140527447870998  0.003329766676901755
0.55  0.7191854060370094  0.0033321594590836417
0.56  0.7173748766484911  0.003317989107381248
0.57  0.723052404220682  0.0033292649643553215
0.58  0.7111852776425401  0.0032876806660156782
0.59  0.7142120739528421  0.0032954475441403495
0.6  0.7161855061919046  0.0032958543359577334
0.7  0.7127794179530523  0.003274251319941102
0.8  0.7079534818065307  0.003254969902456256
0.9  0.70083916493241  0.0032298393838180936
1.0  0.7060637011002033  0.003243983114060431
1.1  0.7094232110241246  0.0032511676128435013
1.2  0.7106206380724516  0.003250335306111278
1.3  0.7068323684115708  0.003240924120118828
1.4  0.707764583020389  0.003239673758302966
1.5  0.7074024230801671  0.0032479133825408044
1.6  0.7061679611022579  0.0032366115183411837
1.7  0.7028110888552832  0.003230310942093048
1.8  0.700498430711312  0.0032241079809118924
1.9  0.6995540536920601  0.003218365118203505
2.0  0.7012270630392955  0.003220792068694154
2.1  0.7008840605782871  0.003219377861281243
2.2  0.6972757182369145  0.0032107963702412284
2.3  0.7106275911829936  0.003252185433655442
2.4  0.7025513753935227  0.0032288669395499903
2.5  0.70199349809045  0.0032255486508295096
2.6  0.7018411070238874  0.00322194339368012
2.7  0.705082082245759  0.003237268117941776
2.8  0.7010343281217813  0.003224597355094572
2.9  0.7014846907725624  0.003227057020247642
3.0  0.7004654995959232  0.00321951847406008
3.1  0.6950541664383746  0.003204048501991266
3.2  0.7015678361545934  0.003221837427516565
3.3  0.7003857490809173  0.0032172452661426115
3.4  0.7036025894683015  0.003227588740975492
3.5  0.7033766662417386  0.0032312253456968395
3.6  0.7009678287173009  0.0032198764945064315
3.7  0.704619824026804  0.003232703821915588
3.8  0.7101029875640837  0.003248523587277562
3.9  0.7082124320999539  0.003238297116776128
4.0  0.7016946720697435  0.0032223181997930385
4.1  0.701194123439795  0.0032215982481260006
4.2  0.7056260928900293  0.003235435952871329
4.3  0.7048045608750408  0.0032300983556272727
4.4  0.7000349840619382  0.0032151604850100247
4.5  0.6994635660830009  0.0032178992900961374
4.6  0.702836665793402  0.0032215837557354314
4.7  0.7099562075616396  0.003242704377688765
4.8  0.703295440864765  0.0032273482373243517
4.9  0.7042794643564971  0.003225568367841812
5.0  0.7073353683082878  0.0032404669519071286
