#mmax= 10
#m-states: all states (FBR)
#Nr. of sites: 41
 
0.0  -8.881784197001248e-16 
0.1  0.006345522362900888 
0.2  0.026701063240276372 
0.3  0.06679094834242909 
0.4  0.14972372938009235 
0.41  0.16355684186382805 
0.42  0.179442849535119 
0.43  0.1981061842393984 
0.44  0.22059424164896876 
0.45  0.24864771459906743 
0.46  0.2849709497617786 
0.47  0.33342764560843746 
0.48  0.39889434752111064 
0.49  0.48023617340886826 
0.5  0.5660778863585569 
0.51  0.6372623284642965 
0.52  0.6817489219864515 
0.53  0.7041477253447841 
0.54  0.7137500048884023 
0.55  0.7168947836624687 
0.56  0.7173962452451755 
0.57  0.7168359515643831 
0.58  0.7159317832276013 
0.59  0.7149778922556494 
0.6  0.7140786921816463 
0.7  0.7090329752349886 
0.8  0.7070579161455013 
0.9  0.7058042176093892 
1.0  0.7052348155312237 
1.1  0.7045238763598319 
1.2  0.7046513437112041 
1.3  0.7045539292143517 
1.4  0.7045486789590101 
1.5  0.7044316342277784 
1.6  0.7043135382310959 
1.7  0.7041808643692817 
1.8  0.7041428042181155 
1.9  0.704071518845997 
2.0  0.7039906408429751 
2.1  0.7039312473611882 
2.2  0.7038889542755162 
2.3  0.7038391043349074 
2.4  0.7038058826019974 
2.5  0.7037735614133033 
2.6  0.7037360044071546 
2.7  0.7037029199036121 
2.8  0.7036664336935335 
2.9  0.7036413970782814 
3.0  0.703611588282849 
3.1  0.703583355734332 
3.2  0.7035568519725832 
3.3  0.7035319898412338 
3.4  0.7035089561601455 
3.5  0.7034868343338112 
3.6  0.703466194568859 
3.7  0.7034465658088613 
3.8  0.7034279340670684 
3.9  0.7034098633582055 
4.0  0.7033928172003688 
4.1  0.703376425117936 
4.2  0.70336090031474 
4.3  0.7033458437676938 
4.4  0.7033318062696816 
4.5  0.7033179854405546 
4.6  0.7033047440260377 
4.7  0.703291958557606 
4.8  0.7032798276887702 
4.9  0.7032680124870146 
5.0  0.7032565679623941 
