#mmax= 10
#m-states: all states (FBR)
#Nr. of sites: 41
 
0.0  -4.440892098500627e-16 
0.1  0.022975210996415144 
0.2  0.07702467010670225 
0.3  0.1600551700591382 
0.4  0.291993058487584 
0.41  0.31101998557165805 
0.42  0.33215239988101086 
0.43  0.35614870299651186 
0.44  0.38402770129830377 
0.45  0.4174848071469927 
0.46  0.4587107282107928 
0.47  0.5101610833261905 
0.48  0.5735825215156524 
0.49  0.6426902053987956 
0.5  0.7050018174057282 
0.51  0.748452877486937 
0.52  0.7703550493637072 
0.53  0.7777989517662864 
0.54  0.7780388527040198 
0.55  0.7752298407763041 
0.56  0.7715721707439563 
0.57  0.7678990272201649 
0.58  0.7645306731847301 
0.59  0.7615299192458235 
0.6  0.7588840130496941 
0.7  0.7442629080895586 
0.8  0.7384073167759772 
0.9  0.7352308938439226 
1.0  0.7333854093113251 
1.1  0.7319739296473251 
1.2  0.7312671511263708 
1.3  0.7306243128325641 
1.4  0.730145240108106 
1.5  0.7296944000717991 
1.6  0.7293047383686935 
1.7  0.7289539692592035 
1.8  0.7286877359838156 
1.9  0.7284342818663527 
2.0  0.7281999428684911 
2.1  0.7279962530902407 
2.2  0.7278178720363401 
2.3  0.727650008633327 
2.4  0.7275027433884226 
2.5  0.7273659183697126 
2.6  0.7272365713262455 
2.7  0.7271177186997523 
2.8  0.7270043195455278 
2.9  0.7269031919741514 
3.0  0.7268055163183026 
3.1  0.7267138115328807 
3.2  0.7266274878369934 
3.3  0.7265462829954276 
3.4  0.7264700376071638 
3.5  0.7263978067632486 
3.6  0.7263295535625248 
3.7  0.7262647735015998 
3.8  0.7262034716184842 
3.9  0.7261446919533874 
4.0  0.7260887681249735 
4.1  0.7260353375090096 
4.2  0.7259843491814593 
4.3  0.725935449562698 
4.4  0.7258888157679809 
4.5  0.7258438830526379 
4.6  0.7258007954616946 
4.7  0.7257593649907449 
4.8  0.7257195995022239 
4.9  0.7256812512209234 
5.0  0.7256442763416022 
