#mmax= 10
#m-states: all states (FBR)
#Nr. of sites: 41

0.0  0.0 0.0 0.0 NaN NaN 0.0 
0.1  0.00152 0.002127350970625563 0.45256221522215245 0.06837436604835986 8.491064067315467 0.0 
0.2  -0.00062 0.004244970712945326 1.8019776353763546 -0.015117773784912568 2.0521249849529752 0.0 
0.3  -0.00676 0.006369422950274788 4.056954871948719 -0.01773580739458837 0.8441147493401355 0.0 
0.4  0.00218 0.008582231004982925 7.365468902289022 -0.00567156473466409 0.3911153875902045 0.0 
0.41  -0.0031 0.008864371927604161 7.857708967089672 -0.009841238955621043 0.38286639512332155 0.0 
0.42  -0.01436 0.009071954635447042 8.230036090760908 -0.015166901332690337 0.3492821974147615 0.0 
0.43  -0.00684 0.00937078493297667 8.781161026010258 0.006648052426365636 0.34942977100894 0.0 
0.44  0.00848 0.009622609149397497 9.259460684206843 0.0004926639625516454 0.26270445054991676 0.0 
0.45  0.00354 0.00985050480982828 9.70324450084501 0.007508722939691822 0.2902259545791188 0.0 
0.46  -0.00932 0.010174210854983556 10.35145665216652 -0.001422514840045894 0.23622419735264932 0.0 
0.47  -0.0097 0.010475025363289755 10.972615636156364 -0.008698003282024058 0.21877260449020808 0.0 
0.48  -0.00404 0.010779322739485406 11.619379872198717 -0.007796029205838117 0.24193187960708729 0.0 
0.49  0.00584 0.011091406093768786 12.301928913689135 -0.0021064563767384734 0.199131957818373 0.0 
0.5  0.00892 0.01138007466570382 12.950609939699394 0.0012703559103517017 0.15501060383268772 0.0 
0.51  -0.00494 0.01167458431479208 13.629591892318924 -0.010229698979053415 0.10334970291363854 0.0 
0.52  0.01114 0.011949819537795113 14.279818698586983 -0.0022540138433242503 0.09202057009140185 0.0 
0.53  -0.00518 0.012187797877392414 14.854241710017103 0.003259309050642746 0.08807498004238168 0.0 
0.54  0.01076 0.012404885369716656 15.388118103581034 0.008960358222277408 0.10830728845370485 0.0 
0.55  -0.00098 0.012568355900104846 15.79635700317003 -0.00805400355522691 0.025137451848177506 0.0 
0.56  -0.012 0.012753391176070186 16.264898648986485 -0.006821068542322325 0.09695275020358407 0.0 
0.57  -0.03012 0.01295715272481062 16.78878067340673 -0.00700911548945512 0.061974739335999285 0.0 
0.58  -0.00692 0.013039954813580276 17.004042154021537 -0.0024935453620669 0.035736501872617676 0.0 
0.59  -0.01346 0.013257041365834903 17.574914577545776 -0.005574715267903902 0.09474274119169479 0.0 
0.6  -0.00742 0.013431934097684369 18.0416853604536 -0.00876392714915763 0.06901323580930674 0.0 
0.7  -0.01138 0.014536994813171736 21.132421819818195 -0.011102295132761784 0.0409410637444636 0.0 
0.8  -0.00504 0.015406424619722636 23.735791956319577 0.004525186497795039 0.014565135025501164 0.0 
0.9  0.01727 0.016137295981490083 26.041232159421597 0.01527919779036407 0.0370750992606963 0.0 
1.0  0.01189 0.01669716365829066 27.879527423174228 -0.01585835849485351 0.037268628664121284 0.0 
1.1  -0.0109 0.017218959806729564 29.649257682576824 0.0027182806012119648 0.01697322565529502 0.0 
1.2  0.01422 0.017797447721722745 31.674914540745416 -0.007007766804805316 0.0016936364286452843 0.0 
1.3  0.00798 0.018286976440381644 33.44135073310733 0.009767443933611172 0.0038308564999720573 0.0 
1.4  0.0167 0.018737713897891094 35.110192211922104 -0.008286107402692453 -0.02078374933332272 0.0 
1.5  0.01737 0.019063837943346332 36.342991713017135 -0.0014701180328402425 0.023469851447955214 0.0 
1.6  0.00755 0.01935811657527078 37.47366773417733 0.0035505641258522067 0.021654550202784506 0.0 
1.7  -0.00651 0.01974937914413427 39.003797657876575 -0.00021279135007178652 0.017943586487819463 0.0 
1.8  -0.03129 0.020055521224797822 40.2223931598316 0.0034656593051963754 0.03427455844711824 0.0 
1.9  0.00371 0.020447658629447876 41.81067434264342 -0.006181788053650816 0.005004754382377019 0.0 
2.0  0.00348 0.02077296305431511 43.15159940559405 -0.002152128625936441 -0.005330037758742634 2.69029357e-316 
2.1  0.03179 0.02108714396582444 44.466764063540616 -0.0045937462651502005 0.01198732781281553 2.545949334e-315 
2.2  0.01893 0.021404539193684614 45.81542980939808 0.0011965913346701769 0.003947669286952227 1.805025572635e-311 
2.3  0.05213 0.021564521207686236 46.502857491674945 0.00678857263109215 0.003256581179561735 1.0166483745958814e-308 
2.4  0.01319 0.021823448922391454 47.626292286822874 -0.008451890756401693 0.0003043366312009965 4.349516980216172e-288 
2.5  0.00104 0.022085594103819557 48.77734669186692 -0.00517643813626052 -0.01060498061105486 4.6110908041041e-282 
2.6  -0.01489 0.02238392041796818 50.10398932779327 -0.004498848443087273 0.009545044458910468 2.2254955229684902e-282 
2.7  -0.01551 0.022686944293434798 51.46974413734137 0.0016427774851783849 0.009780505573532938 4.934610990671809e-284 
2.8  0.01401 0.022851441072339197 52.21883590825908 -0.004770452620494358 0.02381352624756694 4.626023631194362e-267 
2.9  0.03659 0.023080135152233977 53.269263864538644 -0.01794967200988337 0.0003523101542262097 4.641932435001033e-271 
3.0  0.05144 0.02333054183695321 54.43141824058241 0.006700176583932623 -0.009216864487281207 3.0322067084450425e-278 
3.1  -0.00258 0.023583347836533975 55.617429517895175 -0.012880812017250725 0.020671552088402656 1.7773373239356742e-250 
3.2  0.01564 0.02379193591253441 56.60562144661446 0.014514299394274904 -0.009879269187965445 4.983520708332466e-261 
3.3  0.00048 0.02394697334260267 57.34575322713228 -0.000517752873630537 -0.020772676481772834 8.08201772873334e-253 
3.4  0.02277 0.024166103435940035 58.400055527655276 0.011726177697809486 -0.007171969052066629 1.1634079842044841e-243 
3.5  -0.02953 0.02423394422357876 58.728405263152624 0.00407321832593951 0.018569076369137072 3.5515257257207893e-240 
3.6  -0.02613 0.024536660178352047 60.20476927079272 0.007184930334862972 -0.0017139043438598733 5.607012016201231e-242 
3.7  -0.00234 0.024761617003353522 61.31376766207662 -0.0011265635390799579 0.0032826112309907174 6.618722528783977e-234 
3.8  -0.03188 0.02487625423845498 61.882802493624936 -0.00045414263483206207 -0.012503331593197498 1.3259523758389364e-231 
3.9  0.00218 0.025254598203560956 63.779473042330416 0.004529251063632016 0.02437002174862757 2.378159709266241e-217 
4.0  0.01872 0.025229959594192997 63.65508611246113 -0.004359557399000232 0.006140814515787074 1.1481325315063977e-224 
4.1  -0.01952 0.02550776540892913 65.06460961569614 -0.006602348086583043 0.03380212517053005 8.621714188162253e-219 
4.2  -0.00279 0.025750313647517568 66.30786529455295 -0.003594063351022428 0.02270820089426051 1.4825481408828975e-214 
4.3  -0.03475 0.025771295387924522 66.41596659716598 0.001282808925969404 0.004239894557913626 2.002626959191528e-214 
4.4  0.00499 0.025928674743625823 67.22961739607396 0.011205975393050936 0.00028594034335815977 4.315739823376924e-211 
4.5  -0.01882 0.02621705802368592 68.73341314173142 -0.009182638921326114 0.016515473593249563 4.855615266545247e-208 
4.6  -0.00778 0.02622985845883938 68.80054747707477 -0.011263437365772394 -0.009525881537336023 1.077150582948135e-214 
4.7  -0.03294 0.026455739426927503 69.99061486254863 0.013265190086432177 0.00536470708171688 1.393340204465943e-202 
4.8  0.00813 0.026538547096173516 70.42944819758198 -0.0005672397707856526 -0.006433528865021909 1.0474624188123506e-203 
4.9  0.03619 0.02674617274333964 71.53577564165643 -0.003361935462331147 0.012915932690669596 1.3717908296584406e-207 
5.0  -0.00663 0.026836018000993018 72.01718621496214 0.008994157171216068 -0.012966810173122845 1.8868072193969466e-194 
