#mmax= 10
#m-states: all states (FBR)
#Nr. of sites: 41
 
0.0  -4.2755183651535346e-46 
0.1  0.002481039362839857 
0.2  0.009691612531074392 
0.3  0.02090250460225699 
0.4  0.034670972167333905 
0.41  0.0360964045089852 
0.42  0.03751547093271427 
0.43  0.03892279755544962 
0.44  0.04031215619686974 
0.45  0.04167572843510411 
0.46  0.04300410330182848 
0.47  0.044285256757939886 
0.48  0.045505392568003206 
0.49  0.046651252721849536 
0.5  0.047720432849256214 
0.51  0.048725677805181285 
0.52  0.0496890735669575 
0.53  0.05062537650915542 
0.54  0.05154006709200064 
0.55  0.052436208833351795 
0.56  0.0533129363099626 
0.57  0.05417092601091299 
0.58  0.05501068666709795 
0.59  0.05583263578418468 
0.6  0.056637598781926354 
0.7  0.06392148540308965 
0.8  0.07019483537301688 
0.9  0.07579630451729974 
1.0  0.08091930086252722 
1.1  0.08568293771122085 
1.2  0.09016366827043895 
1.3  0.0944146131961938 
1.4  0.09847344405571459 
1.5  0.10236765778291243 
1.6  0.1061185546690822 
1.7  0.1097435460591526 
1.8  0.11325380319343425 
1.9  0.11666341848730961 
2.0  0.11997863448101545 
2.1  0.12320743271067351 
2.2  0.12635776380683078 
2.3  0.12943464571797073 
2.4  0.13244317046419124 
2.5  0.13538774902674772 
2.6  0.13827249788352303 
2.7  0.1411015678385739 
2.8  0.1438777207914877 
2.9  0.14660345954823795 
3.0  0.14928216982244708 
3.1  0.15191587520272098 
3.2  0.1545075509841583 
3.3  0.15705790272960354 
3.4  0.15956724443692616 
3.5  0.16204139773750378 
3.6  0.16448007489988278 
3.7  0.16688476604799904 
3.8  0.16925940235261766 
3.9  0.17160049447998163 
4.0  0.17391075541976644 
4.1  0.17619184910878088 
4.2  0.17844564237454047 
4.3  0.1806726657014462 
4.4  0.1828729564660415 
4.5  0.18504858606039246 
4.6  0.1871999726355261 
4.7  0.18932813136652724 
4.8  0.19143348781046793 
4.9  0.1935179820340657 
5.0  0.19557914437366986 
