#mmax= 10
#m-states: all states (FBR)
#Nr. of sites: 41
 
0.0  8.092752686701035e-8 
0.1  -2.0865506195726922e-8 
0.2  2.7577117503501388e-8 
0.3  3.467271988484897e-7 
0.4  -5.092165119385828e-7 
0.41  -1.3125677657451398e-6 
0.42  5.4218668961529105e-6 
0.43  -3.135920778393692e-5 
0.44  -1.0458441249483758e-5 
0.45  -2.4692917865415157e-6 
0.46  -3.996637799387282e-5 
0.47  -0.00015776495020957394 
0.48  -0.00025408164648182865 
0.49  -0.00019162095586885982 
0.5  -0.0023492220175939456 
0.51  -0.00012407150150602078 
0.52  -0.0018827505710348295 
0.53  -0.0032371959679753704 
0.54  -0.0025610441276998305 
0.55  -0.004193261957080931 
0.56  -0.003085347531160579 
0.57  -0.0024411878510258262 
0.58  -0.002157806751277686 
0.59  -0.004409175056012708 
0.6  -0.008302266350153931 
0.7  0.1581073599707551 
0.8  0.37709985597085927 
0.9  0.6877624900968893 
1.0  0.7127643001609802 
1.1  0.9395810889155122 
1.2  0.6875371090034754 
1.3  0.5983966992464225 
1.4  0.42365868119927774 
1.5  0.3955051534714988 
1.6  0.39863173366768595 
1.7  0.4447470412134011 
1.8  0.3735588347027794 
1.9  0.36433064159059486 
2.0  0.3844546945505369 
2.1  0.3810803369402427 
2.2  0.35861023367260936 
2.3  0.3571265846799789 
2.4  0.33300745463544523 
2.5  0.31216009342207357 
2.6  0.3082996534975997 
2.7  0.3010553813095378 
2.8  0.30636826102862524 
2.9  0.29195016462619133 
3.0  0.2924010203538439 
3.1  0.29344837759465753 
3.2  0.2943004303817273 
3.3  0.29480451559081006 
3.4  0.2945167744969523 
3.5  0.29497636289207957 
3.6  0.2946829328419965 
3.7  0.2945010881763506 
3.8  0.2944983243967765 
3.9  0.2950087933676519 
4.0  0.2950615480825304 
4.1  0.29542090881387056 
4.2  0.29540569758455604 
4.3  0.29586113404881387 
4.4  0.29537853306380923 
4.5  0.29574274009694074 
4.6  0.29601685225583335 
4.7  0.296466336310442 
4.8  0.2964558349317889 
4.9  0.29679619770524573 
5.0  0.2972448150943125 
