#mmax= 10
#m-states: all states (FBR)
#Nr. of sites: 41

0.0  -0.0  0.0
0.1  -0.0  6.448526406895119e-19
0.2  -0.0  5.109090483168589e-19
0.3  -0.0  3.0713024278254138e-19
0.4  -0.0  2.985895718107161e-19
0.41  2.000020000268671e-5  1.4142347759124123e-5
0.42  -0.0  3.125939199792902e-19
0.43  -0.0  2.992493388314521e-19
0.44  -0.0  3.064673319618316e-19
0.45  -0.0  3.053835010767998e-19
0.46  1.0000050000287824e-5  1.000010000100001e-5
0.47  3.0000450008974692e-5  1.7320854493644696e-5
0.48  8.000320017064589e-5  2.828554411427271e-5
0.49  8.000320017064589e-5  2.8285544114272716e-5
0.5  2.000020000268671e-5  1.4142347759124123e-5
0.51  7.000245011435383e-5  2.6458571465411338e-5
0.52  7.000245011435383e-5  2.6458571465411338e-5
0.53  0.00012000720057606084  3.464326801619994e-5
0.54  0.0001600128013655462  4.0003400401553266e-5
0.55  0.00028003920731881727  5.2922700495191684e-5
0.56  0.00023002645405631884  4.796407121189011e-5
0.57  0.00033005446198201805  5.7455394618019466e-5
0.58  0.0003600648155562272  6.001110297314007e-5
0.59  0.0005001250416822429  7.072871606453829e-5
0.6  0.00039007606977878686  6.246247360637845e-5
0.7  0.0012808198997212793  0.000113210128361838
0.8  0.0022826031575032854  0.00015116987569189515
0.9  0.0034760343978599297  0.00018660433052017508
1.0  0.004841702128402352  0.00022030639175413274
1.1  0.006470891029628102  0.00025479280395700757
1.2  0.00850607419707365  0.00029227451077949056
1.3  0.009747351350485925  0.00031297139410660233
1.4  0.011870172298977473  0.0003455578318024026
1.5  0.013490589833019255  0.0003685394673110522
1.6  0.014951213596433194  0.0003881197221911239
1.7  0.018062142075533433  0.00042692423946411625
1.8  0.01991703285188462  0.0004485186785735554
1.9  0.0218264726359434  0.0004697513381855413
2.0  0.023381221039008464  0.00048638399822977375
2.1  0.02631317013892009  0.0005163591752816619
2.2  0.02779266014602582  0.0005308743564064336
2.3  0.029954177471395317  0.000551431029853486
2.4  0.031449381566042094  0.0005652384558520943
2.5  0.03440512215924109  0.0005916432210926975
2.6  0.03614543789193897  0.0006066876090772498
2.7  0.03916710522991793  0.0006320177131002237
2.8  0.039874517465981134  0.0006378132631146647
2.9  0.042469175227588564  0.0006586677370580754
3.0  0.04520658173756467  0.0006800325235906952
3.1  0.04660953221644818  0.0006907481194625721
3.2  0.0497365951438825  0.0007141058412995753
3.3  0.050514455904602726  0.0007198082030520966
3.4  0.05430833455847689  0.0007470650870313379
3.5  0.05424499817960019  0.0007466174755312316
3.6  0.05596733142424814  0.0007587073273921038
3.7  0.05884805108797969  0.0007785541038986958
3.8  0.06113094525508511  0.0007939689988654989
3.9  0.06311016943352928  0.0008071232193591278
4.0  0.0640692612809521  0.0008134301621339457
4.1  0.06841798753128897  0.0008415073190368912
4.2  0.07044385151267267  0.0008543124349658838
4.3  0.07110933090048058  0.000858482822338127
4.4  0.07221585483775327  0.00086537864925433
4.5  0.0739045571169069  0.000875810631405061
4.6  0.07527321927741012  0.0008841912746726809
4.7  0.07862115822158212  0.0009044068127261333
4.8  0.08200206137537554  0.0009244394610830965
4.9  0.081144903887158  0.0009193954454066306
5.0  0.08320755717155257  0.000931493705693221
