#mmax= 10
#m-states: all states (FBR)
#Nr. of sites: 41

0.0  1.0  0.0
0.1  1.0  6.448526406895119e-19
0.2  1.0  5.109090483168589e-19
0.3  1.0  3.0713024278254138e-19
0.4  1.0  2.985895718107161e-19
0.41  0.99998  1.414206491216894e-5
0.42  1.0  3.125939199792902e-19
0.43  1.0  2.992493388314521e-19
0.44  1.0  3.064673319618316e-19
0.45  1.0  3.053835010767998e-19
0.46  0.99999  1.0e-5
0.47  0.99997  1.7320334868009888e-5
0.48  0.99992  2.8283281270743567e-5
0.49  0.99992  2.8283281270743574e-5
0.5  0.99998  1.414206491216894e-5
0.51  0.99993  2.645671936540876e-5
0.52  0.99993  2.645671936540876e-5
0.53  0.99988  3.4639110824037994e-5
0.54  0.99984  3.9996999857489014e-5
0.55  0.99972  5.2907882139053035e-5
0.56  0.99977  4.7953039475511374e-5
0.57  0.99967  5.743643433779552e-5
0.58  0.99964  5.9989498976069736e-5
0.59  0.9995  7.069335170650602e-5
0.6  0.99961  6.243811324167197e-5
0.7  0.9987200000000012  0.00011306521939753497
0.8  0.9977200000000488  0.00015082520837532502
0.9  0.9965300000157397  0.00018595681349620714
1.0  0.9951700000176283  0.00021924231188584392
1.1  0.9935500001000342  0.00025314939039697287
1.2  0.99153000009605  0.00028979894570126124
1.3  0.9903000001033815  0.00030993557161612374
1.4  0.9882000002683061  0.0003414802494798495
1.5  0.9866000003447969  0.00036360103857615536
1.6  0.9851600008440646  0.0003823600258414057
1.7  0.9821000007295776  0.00041928229588918293
1.8  0.9802800009689815  0.0004396738906666912
1.9  0.9784100012297253  0.00045960940737178055
2.0  0.9768900017573307  0.00047514366488542116
2.1  0.9740300047276126  0.0005029493299407433
2.2  0.9725900025660683  0.0005163230916595932
2.3  0.9704900028355683  0.00053515830172613
2.4  0.9690400064998825  0.000547738676932897
2.5  0.9661800044105502  0.0005716338499648146
2.6  0.9645000084339876  0.0005851502040718032
2.7  0.9615900090002825  0.0006077419184283821
2.8  0.9609100090103541  0.0006128811484064358
2.9  0.9584200081442479  0.000631280337915554
3.0  0.9558000106098719  0.0006499750932630444
3.1  0.9544600107238009  0.0006592914575096919
3.2  0.9514800159524631  0.000679457437271467
3.3  0.9507401847635739  0.0006843505839640864
3.4  0.9471400254732047  0.0007075752455610033
3.5  0.9472000157924721  0.0007071960846141182
3.6  0.9455700258118456  0.000717410907145788
3.7  0.942850023308408  0.000734059755007742
3.8  0.9407000515025232  0.0007468866781241817
3.9  0.9388400365164329  0.0007577595927363845
4.0  0.9379400343527342  0.0007629487142154632
4.1  0.9338700459509064  0.0007858584786970056
4.2  0.9319800673277228  0.0007962021606584152
4.3  0.931360060126956  0.0007995566130307969
4.4  0.930330057892364  0.0008050877688595966
4.5  0.9287603331751239  0.0008134181738220801
4.6  0.9274900435478995  0.0008200786038508376
4.7  0.9243900556913771  0.0008360246639835712
4.8  0.9212700596109762  0.000851658397418763
4.9  0.922060071675251  0.0008477378302895371
5.0  0.9201601415621553  0.0008571233800949309
