#mmax= 10
#m-states: all states (FBR)
#Nr. of sites: 41
 
0.0  -4.2016594549903576e-23 
0.1  2.0190524234178486 
0.2  4.161870153951979 
0.3  6.608475727858812 
0.4  9.736361334214426 
0.41  10.118553315189208 
0.42  10.520124157610335 
0.43  10.94459064674487 
0.44  11.395569105433244 
0.45  11.87814876086579 
0.46  12.398653308662352 
0.47  12.96320198517889 
0.48  13.576916574067441 
0.49  14.228024789889115 
0.5  14.887022187511064 
0.51  15.513410543991924 
0.52  16.07618774280861 
0.53  16.5734459634787 
0.54  17.016981830302193 
0.55  17.41618478610662 
0.56  17.78241125500775 
0.57  18.121605093369393 
0.58  18.437696572001474 
0.59  18.734665373450376 
0.6  19.01460630064948 
0.7  21.185131731932884 
0.8  22.685081375614736 
0.9  23.82517500971274 
1.0  24.74050117561 
1.1  25.50211560809214 
1.2  26.151950889501983 
1.3  26.716712529338174 
1.4  27.214562634869488 
1.5  27.658372850069618 
1.6  28.05773186104854 
1.7  28.419810577645006 
1.8  28.750307907106958 
1.9  29.05354764509924 
2.0  29.333271208106286 
2.1  29.592388926484045 
2.2  29.833309243487328 
2.3  30.05813555876029 
2.4  30.268592321646818 
2.5  30.46613549613445 
2.6  30.652065817396636 
2.7  30.827462559820923 
2.8  30.99331867158845 
2.9  31.15046248370045 
3.0  31.299617422298443 
3.1  31.44145404518243 
3.2  31.576497861407493 
3.3  31.70538102769301 
3.4  31.82856146928725 
3.5  31.94634694287109 
3.6  32.05916242238527 
3.7  32.16736212094429 
3.8  32.27119245812727 
3.9  32.37104397355087 
4.0  32.467108579805945 
4.1  32.55963143705946 
4.2  32.648825658570956 
4.3  32.734880461126366 
4.4  32.81797607475374 
4.5  32.89827856440918 
4.6  32.97594138602201 
4.7  33.05110014428305 
4.8  33.12389858380409 
4.9  33.194447072981106 
5.0  33.262870992278714 
