#mmax= 10
#m-states: all states (FBR)
#Nr. of sites: 41
 
0.0  -1.3736767855976134e-55 
0.1  -0.9877023050552507 
0.2  -1.8988459917888134 
0.3  -2.641151035031026 
0.4  -3.073009125571817 
0.41  -3.08971361932149 
0.42  -3.0998778825864655 
0.43  -3.1026745688205253 
0.44  -3.09727028287581 
0.45  -3.0824835104070996 
0.46  -3.056864371450782 
0.47  -3.018891065492836 
0.48  -2.9671687793331305 
0.49  -2.9032866581954613 
0.5  -2.832478083274411 
0.51  -2.7626422812671687 
0.52  -2.7004559925699856 
0.53  -2.647175401541403 
0.54  -2.6012000608622277 
0.55  -2.5612042751322956 
0.56  -2.5253015120542632 
0.57  -2.492600004234148 
0.58  -2.4625298779133886 
0.59  -2.434490720992799 
0.6  -2.4082213272685182 
0.7  -2.2060372150050624 
0.8  -2.064073467101438 
0.9  -1.9530380666978016 
1.0  -1.8613684932711476 
1.1  -1.7832037389001534 
1.2  -1.7150796892500006 
1.3  -1.6548048806382207 
1.4  -1.6008526591032366 
1.5  -1.5521221775275647 
1.6  -1.507756215499187 
1.7  -1.4671443448305097 
1.8  -1.4297087597589648 
1.9  -1.395127364279311 
2.0  -1.3629761542337042 
2.1  -1.3329880221446098 
2.2  -1.3049530919624495 
2.3  -1.278643938385536 
2.4  -1.253890801721891 
2.5  -1.2305521127144008 
2.6  -1.2084905746997263 
2.7  -1.1876034917305398 
2.8  -1.1677781809456331 
2.9  -1.1489254949268846 
3.0  -1.1309796805728383 
3.1  -1.113862645710134 
3.2  -1.0975371810148107 
3.3  -1.081897993591253 
3.4  -1.0668848441600034 
3.5  -1.0525207289762053 
3.6  -1.0387331042429966 
3.7  -1.0254797104704116 
3.8  -1.0127642534962749 
3.9  -1.0004857857634317 
4.0  -0.9886468321775893 
4.1  -0.9772219521763993 
4.2  -0.9661924357136729 
4.3  -0.9555345679363444 
4.4  -0.9452219861090636 
4.5  -0.9352439034466588 
4.6  -0.9255796988430609 
4.7  -0.9162164061371405 
4.8  -0.9071332597815256 
4.9  -0.8983268301861792 
5.0  -0.8897619333373952 
