#mmax= 10
#m-states: all states (FBR)
#Nr. of sites: 30
 
0.0  14.999999999999984 0.016666666666667385 
0.1  13.608443782043572 0.0136111900549164 
0.2  12.351398008382441 0.010922932263909613 
0.3  11.226127194476488 0.008642487233417984 
0.4  10.230078708273767 0.006924914637003066 
0.41  10.136118888233892 0.006793366531627876 
0.42  10.042952847681432 0.006671950985093433 
0.43  9.950506502498834 0.0065627327660933155 
0.44  9.858512654651037 0.0064627025460082255 
0.45  9.766930636465581 0.006378019683253688 
0.46  9.675632316302746 0.0063108146829636835 
0.47  9.584471811504178 0.006259103867713112 
0.48  9.493493464269395 0.006227364061006768 
0.49  9.403058404349693 0.006216652058881222 
0.5  9.313862116914056 0.006223562342759004 
0.51  9.227107574132395 0.006243974878087588 
0.52  9.143754002804936 0.006270166806087274 
0.53  9.06450675471671 0.006295041902062204 
0.54  8.98924914248481 0.006316047170320305 
0.55  8.917821668444876 0.006330393371225984 
0.56  8.849633293156792 0.006339390643868903 
0.57  8.78436808888983 0.00634355914608864 
0.58  8.721635632805665 0.006343942895416177 
0.59  8.661061500636956 0.006342013742187569 
0.6  8.602531950889293 0.006337779877017891 
0.7  8.09861271394944 0.006246524613381044 
0.8  7.694986859248792 0.006123752309405317 
0.9  7.356827267664088 0.00600121058489933 
1.0  7.065739389009599 0.005885272446289558 
1.1  6.810480243364583 0.005773554589123986 
1.2  6.583606305219264 0.005663440959713717 
1.3  6.379805026466994 0.005558781050445383 
1.4  6.195217415148107 0.005461024484375465 
1.5  6.026848485229937 0.005367925067989554 
1.6  5.872307489148014 0.005279640584125778 
1.7  5.729758928869511 0.005196074882471313 
1.8  5.597660890188147 0.005117054925585229 
1.9  5.474787283498307 0.005042143124373122 
2.0  5.360077355789937 0.004971025608943802 
2.1  5.252599784288536 0.004902834353414209 
2.2  5.151665139630687 0.00483787979755157 
2.3  5.056573768902128 0.004775649334487264 
2.4  4.966808788199525 0.004716132727575761 
2.5  4.881864521981262 0.004659260217210859 
2.6  4.801315480418818 0.0046046254442376755 
2.7  4.724785778719551 0.0045518533413553275 
2.8  4.651954759918777 0.0045011226232293255 
2.9  4.582524413490804 0.004452220153414288 
3.0  4.516234374759401 0.00440503492110389 
3.1  4.452851821833144 0.004359428241105134 
3.2  4.392186694527136 0.004315655184033873 
3.3  4.334022471877861 0.004271879889967356 
3.4  4.278154219574321 0.004230669772375073 
3.5  4.224501358188222 0.004191914875836811 
3.6  4.172889883510283 0.004152549026248731 
3.7  4.123188013635138 0.004114446684224782 
3.8  4.075287044945842 0.004077991617029486 
3.9  4.029086654986056 0.004043225075646806 
4.0  3.9844811077787963 0.004008872365688143 
4.1  3.941353987254985 0.003975366498353727 
4.2  3.8996546301419523 0.0039429371041367345 
4.3  3.859292620500037 0.003911595527541167 
4.4  3.8202002665500605 0.003880716117130034 
4.5  3.782311574762288 0.0038506301243740326 
4.6  3.745566748413705 0.003821284083925569 
4.7  3.7099060788559357 0.0037926817319905437 
4.8  3.6752771707702596 0.0037653603024430105 
4.9  3.641633294853635 0.0037380051709653417 
5.0  3.6089186901458814 0.0037114320089400854 
