#mmax= 10
#m-states: all states (FBR)
#Nr. of sites: 30
 
0.0  14.999999999999988 0.016666666666664387 
0.1  18.47973179453247 0.024473851958267123 
0.2  23.901122968480703 0.03748658760108081 
0.3  33.87466200933779 0.0641348186218399 
0.4  60.16974351509319 0.14790970029130202 
0.41  65.49127535435915 0.1660089565159747 
0.42  71.78928075565325 0.18746227501546253 
0.43  79.43605309549552 0.21320639405939212 
0.44  88.7839575349008 0.2437242614029569 
0.45  100.42551493061418 0.2798390840944628 
0.46  114.87481952879077 0.3211758882971809 
0.47  132.7333851956832 0.36688398285060064 
0.48  154.43717282137456 0.4149567369881747 
0.49  179.8401352982174 0.4622087508663225 
0.5  207.76948594874466 0.5049030567004194 
0.51  236.4606183024311 0.5406663683325057 
0.52  263.7263809241992 0.5684007251562582 
0.53  288.1236125628917 0.5888131834076027 
0.54  309.34806895630004 0.6035993517985614 
0.55  327.41017952682085 0.6141384874384516 
0.56  343.0025992052473 0.6218774048551257 
0.57  356.5027799457897 0.6276157137235512 
0.58  368.4192575750179 0.6320209319767125 
0.59  379.1184933756831 0.6355107262798814 
0.6  388.77620936361234 0.6383123953619667 
0.7  455.0166382227367 0.6513170171497565 
0.8  495.489886913924 0.6559175231263639 
0.9  524.5463757333605 0.6583048288769857 
1.0  547.144515970955 0.6597845654988737 
1.1  565.5894145917619 0.6608017014919104 
1.2  581.1187798559844 0.66154822099547 
1.3  594.4967569686696 0.6621225480223025 
1.4  606.2128131665078 0.6625794689068132 
1.5  616.6043307552022 0.6629523184417219 
1.6  625.9226063925778 0.6632630003081694 
1.7  634.3464757468344 0.663526044075742 
1.8  642.0147151647775 0.6637516490298401 
1.9  649.0427110924309 0.6639475789578282 
2.0  655.5101187311295 0.6641190814796376 
2.1  661.4986971163449 0.6642707931422385 
2.2  667.0565972691868 0.6644056447705893 
2.3  672.241081726474 0.664526528495313 
2.4  677.0891958393396 0.6646353921183471 
2.5  681.6376594045329 0.6647339817143314 
2.6  685.916189258331 0.6648236671396649 
2.7  689.9509901286464 0.6649055975677092 
2.8  693.7639291892062 0.6649807182424974 
2.9  697.3751337689207 0.6650498460224749 
3.0  700.8019997651971 0.6651136686612301 
3.1  704.0596416197291 0.6651727671053996 
3.2  707.1590605209407 0.6652275838403152 
3.3  710.1167667441044 0.6652786501318484 
3.4  712.9456894418411 0.6653263996035266 
3.5  715.6482623549878 0.6653709849943037 
3.6  718.2365890907381 0.665412768280804 
3.7  720.7181704904201 0.665452000326316 
3.8  723.1006293532746 0.6654889171959424 
3.9  725.3878044096026 0.6655236593455548 
4.0  727.5904657467324 0.6655565052986994 
4.1  729.7114976381022 0.6655875602958096 
4.2  731.7557210365401 0.6656169630832864 
4.3  733.7281586552039 0.6656448507580649 
4.4  735.632620748119 0.6656713296368324 
4.5  737.4727800963416 0.6656964995884544 
4.6  739.2519860411211 0.6657204507169048 
4.7  740.9741511784365 0.665743281008164 
4.8  742.6415964868639 0.6657650540389006 
4.9  744.2580683727937 0.6657858562776919 
5.0  745.8255369805867 0.6658057402862136 
