#mmax= 10
#m-states: all states (FBR)
#Nr. of sites: 30
 
0.0  -1.3227984478335177e-24 
0.1  0.025775652462294598 
0.2  0.05650213694223259 
0.3  0.09886886920878278 
0.4  0.1653831947133191 
0.41  0.1743257522422662 
0.42  0.18387044323194562 
0.43  0.1941167253910308 
0.44  0.20513445129954946 
0.45  0.2170550141774127 
0.46  0.229968835568719 
0.47  0.24397791465852292 
0.48  0.2591039925517777 
0.49  0.27519328721632674 
0.5  0.2917989665258252 
0.51  0.30831865031636474 
0.52  0.32405174642691636 
0.53  0.338543787294597 
0.54  0.3517093422152732 
0.55  0.36356103253930167 
0.56  0.3743414618646895 
0.57  0.3841856005803656 
0.58  0.39327760632062037 
0.59  0.40175635242936114 
0.6  0.4096890275153249 
0.7  0.47041792289496687 
0.8  0.5121654580443763 
0.9  0.5438735174820308 
1.0  0.5693404559440269 
1.1  0.5905520734409309 
1.2  0.6086623883550213 
1.3  0.6244181938048715 
1.4  0.6383197462819297 
1.5  0.6507213171018088 
1.6  0.6618908657592345 
1.7  0.6720252923059727 
1.8  0.6812782259066104 
1.9  0.6897800829691835 
2.0  0.6976211283037363 
2.1  0.7048934724735835 
2.2  0.7116546857212055 
2.3  0.7179694162847912 
2.4  0.7238822519180371 
2.5  0.7294355131820502 
2.6  0.7346642494890945 
2.7  0.7395993023457994 
2.8  0.7442668614335881 
2.9  0.7486906374290283 
3.0  0.7528913782003189 
3.1  0.756887129530464 
3.2  0.7606915919811912 
3.3  0.7643238232468562 
3.4  0.7677983111948434 
3.5  0.7711198735556418 
3.6  0.7743026035316187 
3.7  0.7773551281680952 
3.8  0.7802868623466359 
3.9  0.7831025334207711 
4.0  0.7858152875647919 
4.1  0.7884276816710867 
4.2  0.7909465118002926 
4.3  0.7933774763142794 
4.4  0.795725326240566 
4.5  0.797994480481434 
4.6  0.8001890805564422 
4.7  0.8023137701149305 
4.8  0.8043713440257899 
4.9  0.8063665711067751 
5.0  0.8083014996822916 
