#mmax= 10
#m-states: all states (FBR)
#Nr. of sites: 30
 
0.0 2.842170943040401e-14
0.1 -0.1817062923045829
0.2 -0.7326676002442722
0.3 -1.6735083546516611
0.4 -3.0530827730340206
0.41 -3.2187987120730712
0.42 -3.390198027024415
0.43 -3.5675143947430286
0.44 -3.7510141913183332
0.45 -3.941005656470709
0.46 -4.137841648132749
0.47 -4.341917504003783
0.48 -4.553651525266524
0.49 -4.773426785372825
0.5 -5.00149540529911
0.51 -5.237864416995586
0.52 -5.482244676620051
0.53 -5.734104139211295
0.54 -5.992797575993023
0.55 -6.257684251122926
0.56 -6.528194096483162
0.57 -6.803844898166697
0.58 -7.084235561926079
0.59 -7.369031838291114
0.6 -7.657950025988411
0.7 -10.731665981278445
0.8 -14.057989220536736
0.9 -17.566869155698086
1.0 -21.217941106390015
1.1 -24.984929466955066
1.2 -28.849370647458237
1.3 -32.797575549711524
1.4 -36.81898575247793
1.5 -40.90521042767669
1.6 -45.04942658042597
1.7 -49.24597009486081
1.8 -53.49007834093965
1.9 -57.77768592613697
2.0 -62.105289346241044
2.1 -66.46984081640329
2.2 -70.86866642245917
2.3 -75.29940457756697
2.4 -79.7599558205255
2.5 -84.24844131669434
2.6 -88.76317741883666
2.7 -93.30264375494346
2.8 -97.86545853647728
2.9 -102.45036725696104
3.0 -107.05622347533114
3.1 -111.68197725088169
3.2 -116.32666189759725
3.3 -120.98939120520447
3.4 -125.66934419859318
3.5 -130.36575860906413
3.6 -135.07792843907242
3.7 -139.80519668416926
3.8 -144.5469511102683
3.9 -149.30261947924782
4.0 -154.0716660266301
4.1 -158.85358931043743
4.2 -163.64791825946764
4.3 -168.45420929061652
4.4 -173.27204522729167
4.5 -178.1010324883341
4.6 -182.94079945051155
4.7 -187.79099436116644
4.8 -192.65128500461844
4.9 -197.52135550894545
5.0 -202.4009067319717
