#mmax= 10
#m-states: all states (FBR)
#Nr. of sites: 30
 
0.0  0.0 
0.1  0.022975321502017462 
0.2  0.07702452382402901 
0.3  0.16005003060367254 
0.4  0.29189737000456534 
0.41  0.31089662173284255 
0.42  0.3318614387865613 
0.43  0.35548516646478334 
0.44  0.38240830597511233 
0.45  0.413809395777095 
0.46  0.45056177509732637 
0.47  0.49347893402986204 
0.48  0.5424372133406185 
0.49  0.5951670409578704 
0.5  0.646564650245426 
0.51  0.6910724105843665 
0.52  0.724252462373427 
0.53  0.7455318329725075 
0.54  0.7574147200322092 
0.55  0.7627003484614383 
0.56  0.7642250654246451 
0.57  0.7636488278097321 
0.58  0.7620883444178576 
0.59  0.7601371094531484 
0.6  0.7580873977178583 
0.7  0.7442752603507353 
0.8  0.7384802777008086 
0.9  0.7354240091153683 
1.0  0.7335782479446684 
1.1  0.7323849400154739 
1.2  0.7314740956430983 
1.3  0.7307845752843658 
1.4  0.7302251831608887 
1.5  0.7297616786034986 
1.6  0.7293714114363552 
1.7  0.7290367399529204 
1.8  0.7287458770779474 
1.9  0.7284887051461304 
2.0  0.7282601999167508 
2.1  0.7280546363212578 
2.2  0.727869284198367 
2.3  0.7277006110432055 
2.4  0.7275461033111627 
2.5  0.7274039863457553 
2.6  0.7272733608990274 
2.7  0.7271525376006814 
2.8  0.7270403746274876 
2.9  0.7269358003576457 
3.0  0.7268380348298715 
3.1  0.7267464124892745 
3.2  0.7266601219516169 
3.3  0.7265791874953047 
3.4  0.7265024638612796 
3.5  0.7264301921095688 
3.6  0.7263617486530417 
3.7  0.7262968411780099 
3.8  0.7262351452843842 
3.9  0.7261766865221481 
4.0  0.7261205055113381 
4.1  0.7260672254181251 
4.2  0.7260161192671041 
4.3  0.7259672165006797 
4.4  0.7259203999152323 
4.5  0.7258755091137579 
4.6  0.7258323906995789 
4.7  0.7257909751944412 
4.8  0.7257511447817253 
4.9  0.725712817848983 
5.0  0.7256758631333508 
