#mmax= 10
#m-states: all states (FBR)
#Nr. of sites: 30
 
0.0  -0.0 
0.1  0.0063455596680677025 
0.2  0.026700969330500524 
0.3  0.06678876233974469 
0.4  0.14967564619377074 
0.41  0.16348145685047039 
0.42  0.17925708343451432 
0.43  0.1976742118909449 
0.44  0.21950482674329472 
0.45  0.24606621731822437 
0.46  0.27882212477663465 
0.47  0.3196476607375695 
0.48  0.3701368185660213 
0.49  0.4301619811427875 
0.5  0.4957830840869479 
0.51  0.5600313775777658 
0.52  0.614464084564221 
0.53  0.6545081044419121 
0.54  0.6809586196048235 
0.55  0.6965654366739829 
0.56  0.7053075959065721 
0.57  0.7097537486457314 
0.58  0.7118292312491262 
0.59  0.7126245731154898 
0.6  0.712723887338027 
0.7  0.7090553310264973 
0.8  0.7072035239885802 
0.9  0.7061878340546434 
1.0  0.7056182683926825 
1.1  0.7053444712812101 
1.2  0.7050657194116675 
1.3  0.7048744972774112 
1.4  0.7047071352134822 
1.5  0.7045661733517348 
1.6  0.7044467418713267 
1.7  0.7043463195962195 
1.8  0.7042585550829811 
1.9  0.7041806301149649 
2.0  0.7041110702938115 
2.1  0.7040483979009988 
2.2  0.7039918202015841 
2.3  0.7039403451327225 
2.4  0.7038926407545774 
2.5  0.7038494246484129 
2.6  0.7038094689735223 
2.7  0.7037726898820665 
2.8  0.7037385294915505 
2.9  0.7037065484921466 
3.0  0.7036766137089341 
3.1  0.703648518016858 
3.2  0.7036220715306997 
3.3  0.7035973011304966 
3.4  0.703573771851639 
3.5  0.7035515809521148 
3.6  0.7035305688072893 
3.7  0.703510674465699 
3.8  0.7034917329485735 
3.9  0.7034737905599951 
4.0  0.7034565165652432 
4.1  0.7034401567958719 
4.2  0.7034244374006728 
4.3  0.7034093988942832 
4.4  0.7033949956729605 
4.5  0.7033811845252246 
4.6  0.7033679060132332 
4.7  0.7033551575731835 
4.8  0.7033428863657684 
4.9  0.703331082694739 
5.0  0.7033196970345313 
