0.0  -0.0  0.0
0.1  0.006601674591092688  0.0002573635245298895
0.2  0.026585785779127662  0.0005189677213019528
0.3  0.06697169205077919  0.0008346692733986775
0.4  0.1492333411393627  0.001276491547945099
0.41  0.16440672834129527  0.0013482181707614993
0.42  0.179977556863766  0.0014129563879725958
0.43  0.19762415658685864  0.0014836805154194773
0.44  0.22248187426592406  0.0015936467316429676
0.45  0.24487988660549134  0.0016770569161897702
0.46  0.2788785447840569  0.0018127924001405088
0.47  0.3206408039735846  0.001965610295955472
0.48  0.37178781725766746  0.002153570160829708
0.49  0.4340746201025592  0.002369543817923439
0.5  0.4960810162873925  0.0025891080451443385
0.51  0.5538226179905945  0.002789937663214571
0.52  0.6130411693234575  0.00298800412622283
0.53  0.6517758888082225  0.0031070621455344502
0.54  0.6782713413690132  0.0031964648573643236
0.55  0.6901549812298347  0.0032350043886935236
0.56  0.705258557758274  0.003276238886219016
0.57  0.7080688557369612  0.0032870897757311984
0.58  0.7118764337030113  0.0032964602395638472
0.59  0.7154939068713118  0.003305758121724847
0.6  0.7122087519133593  0.0032848056512475923
0.7  0.7090127367906273  0.003263317920463963
0.8  0.706188752218032  0.0032481126279548626
0.9  0.7124949490497453  0.003264050605600444
1.0  0.7098080562232638  0.0032580956301768074
1.1  0.7021407056005449  0.003230526092847647
1.2  0.7036362803684746  0.003233425489552142
1.3  0.7048995577458506  0.0032379199306836392
1.4  0.7095084556594707  0.0032477278528710365
1.5  0.7027623649514312  0.003226021951872292
1.6  0.7067551925240131  0.0032381164748081287
1.7  0.7024177608268349  0.0032267620700989455
1.8  0.7052708294945212  0.0032378809255193615
1.9  0.706908960415151  0.0032370106384593572
2.0  0.7043623813349055  0.003230575072731809
2.1  0.7018966232883517  0.00322405548619468
2.2  0.7085181288777986  0.0032400929354568907
2.3  0.703482662382019  0.0032279975646267133
2.4  0.7006849672526637  0.0032206132490968545
2.5  0.6995822067569951  0.003221836583710254
2.6  0.7054722273854279  0.0032307973480472825
2.7  0.7042435979163294  0.003233974626259662
2.8  0.70736096364982  0.003240496918601339
2.9  0.7063298797089115  0.003237636044900867
3.0  0.7052216053035786  0.003238592077402973
3.1  0.7109888706051654  0.0032522830519739
3.2  0.7051465942019115  0.0032358808835756324
3.3  0.6998933174492344  0.003218506520003035
3.4  0.7076328939270877  0.003240846386253559
3.5  0.7079075241550182  0.003239913743720708
3.6  0.7105578714961048  0.0032501889905034668
3.7  0.7054787398055108  0.0032308447617133075
3.8  0.7020520480315525  0.003223684680693157
3.9  0.7045055510257258  0.0032288462241901548
4.0  0.7092241283670065  0.003246259052232202
4.1  0.7005253487406199  0.003219612971359796
4.2  0.7028511127963775  0.003221473159088017
4.3  0.7050404610333557  0.003235282040014758
4.4  0.7076188033642297  0.0032428845479849687
4.5  0.7035699402886582  0.0032318490876457936
4.6  0.7021756710265871  0.00322411476396463
4.7  0.7033928280778752  0.003229575631116854
4.8  0.7046686069451904  0.0032273505271269887
4.9  0.7006260270893176  0.00321970905058158
5.0  0.705715336268159  0.0032297729088432716
0.0  -0.0  0.0
0.1  0.006468531658662048  0.0002547070176241922
0.2  0.026481143658766047  0.0005180064050358693
0.3  0.0671025384842584  0.0008363913485537623
0.4  0.15061839538550928  0.0012809965655937252
0.41  0.1625633986949056  0.001336713666856885
0.42  0.1791444552088696  0.001407101003785624
0.43  0.1975930619178306  0.001490213851700457
0.44  0.2204664346371774  0.0015850971671265784
0.45  0.24805195927714205  0.0016936480723355738
0.46  0.2805966710542074  0.0018179578573219411
0.47  0.32321082936491397  0.0019756524576307337
0.48  0.36524235174904174  0.0021372331693361975
0.49  0.42997968277109144  0.0023727106839420004
0.5  0.49912470691773475  0.002599428909920427
0.51  0.5610614280994008  0.0028224283610572437
0.52  0.618525251753369  0.00300748318151472
0.53  0.6521982897551208  0.003110952175210185
0.54  0.6749912663247202  0.0031837830206643044
0.55  0.6932170955803627  0.0032359629850175864
0.56  0.701938406568256  0.0032685590578176373
0.57  0.7157016505626437  0.003306745070754513
0.58  0.7111131729831428  0.0032984513209328914
0.59  0.7119214361832401  0.0032944684419865845
0.6  0.709295958703561  0.003282110353532912
0.7  0.7061934954193292  0.0032530108520629638
0.8  0.7050102088005736  0.0032464415275491277
0.9  0.7104412752958387  0.0032605843050578535
1.0  0.7020204297877422  0.003234461260133042
1.1  0.7119190385699428  0.0032551417354319645
1.2  0.7048151290051262  0.0032358962744754153
1.3  0.702820639732479  0.0032269655220100247
1.4  0.7021000887482373  0.003227475682063859
1.5  0.7041355995462408  0.0032317652066094745
1.6  0.7027022265847082  0.003228810913912597
1.7  0.6982804678511063  0.0032135419500524385
1.8  0.7039796496160028  0.0032295407587211635
1.9  0.7079290466472301  0.003239975277799235
2.0  0.6970277802107271  0.0032114379481099
2.1  0.7040589359078571  0.0032320406966188245
2.2  0.700170225741428  0.003217629666315689
2.3  0.7024599455599878  0.0032279760149777777
2.4  0.6993113701139937  0.003213635880371612
2.5  0.7077385498919958  0.0032416160502574025
2.6  0.6916123998130844  0.0031941707688830714
2.7  0.7076788895525603  0.0032391950206684846
2.8  0.7062565168546111  0.0032351900511565852
2.9  0.7038488845680041  0.0032320305554846425
3.0  0.7057554134856254  0.003235842183253328
3.1  0.7045745493184776  0.003231317599425515
3.2  0.7016577444914023  0.003219383892889789
3.3  0.701299334667841  0.003223974417169866
3.4  0.703008453732424  0.0032285120879081046
3.5  0.6972156970528234  0.003209600255155149
3.6  0.703565461387789  0.0032293887900726546
3.7  0.6994907531827042  0.003216580090039671
3.8  0.7047515597188322  0.0032264861244721914
3.9  0.7014483782399765  0.0032191601717033672
4.0  0.704902207656038  0.003231946433789332
4.1  0.7105728261606716  0.0032503388421069495
4.2  0.7002906005639427  0.003217869859241468
4.3  0.7007865253638318  0.003216901124377483
4.4  0.7039558981968231  0.003225893527375855
4.5  0.7065160634887686  0.003243471081967993
4.6  0.704783048552266  0.0032305635933927122
4.7  0.6988671682370629  0.003212726100384529
4.8  0.7026794248428695  0.003220170335652907
4.9  0.7044988931056184  0.0032309636444279944
5.0  0.7046798084832535  0.0032336755325038393
