#mmax= 10
#m-states: all states (FBR)
#Nr. of sites: 30

0.0  0.0 0.0 0.0 NaN NaN 0.0 
0.1  0.00282 0.001804758445756793 0.32571530475304755 0.06651570473411579 12.32010981719089 0.0 
0.2  0.00226 0.003615035215429594 1.3068479608796089 0.026788116610570973 2.827366534540916 0.0 
0.3  0.00142 0.005385524103993848 2.9003869874698744 0.006325513458913292 1.1556954124229568 0.0 
0.4  0.00072 0.007322167094331404 5.361413095730959 -0.01276464470976454 0.5443187341544724 0.0 
0.41  -0.00276 0.007522691654780045 5.659088973289733 -0.008891856773425797 0.4839671477927472 0.0 
0.42  -0.00402 0.007726528029351468 5.969923538835388 0.01331084329187485 0.4663372287831353 0.0 
0.43  0.0038 0.007955205116958616 6.328528845288454 0.013518415454856159 0.41363415721665087 0.0 
0.44  0.00028 0.008120877951464796 6.594865870258706 -0.021036049241860828 0.41070013009816186 0.0 
0.45  -0.00734 0.008411121727432505 7.074696871368716 -0.0051939865352877545 0.3710152835925751 0.0 
0.46  0.00922 0.008609639433501948 7.412589117491176 0.0033699103014280403 0.3408937397781897 0.0 
0.47  0.01176 0.008870096042886914 7.867860381003809 0.009368119789937603 0.28393303307832474 0.0 
0.48  0.00884 0.009095144075849356 8.272164576045762 -0.012798521054135118 0.27633975396999055 0.0 
0.49  -0.00718 0.009334321387843774 8.712955577155771 0.00491151081328814 0.29340096080736666 0.0 
0.5  -0.00052 0.009583450094885307 9.18425157211572 -0.00856225315271226 0.25180965379791553 0.0 
0.51  -0.00814 0.009798647740324956 9.601349753897537 -0.0210450321656133 0.21976613013359048 0.0 
0.52  -0.01682 0.01005569401114714 10.111698204582044 0.013761318097316084 0.1698539898074749 0.0 
0.53  0.00234 0.01031487320378162 10.639660921009211 -0.0036390055268011763 0.14902025739483138 0.0 
0.54  0.00956 0.010469163390539906 10.960338209782101 0.0071935618727707856 0.1389068996459164 0.0 
0.55  -0.01882 0.010668064311390401 11.380759615196155 -0.009278864803324975 0.14957870690592978 0.0 
0.56  0.00442 0.010831499335261877 11.732137784977846 0.014485994666401159 0.11955611877678551 0.0 
0.57  -0.00126 0.010937896529946006 11.96375804998049 -0.008633489595773544 0.09825785303691159 0.0 
0.58  -0.01164 0.011122224693954958 12.370388214282144 -0.000850161826827899 0.10592762082103535 0.0 
0.59  -0.00694 0.011245531689690351 12.646198298382993 -0.008168545737113609 0.08767780492389043 0.0 
0.6  0.00754 0.011345321443096553 12.871631864718644 0.007486664203144537 0.07868776652468057 0.0 
0.7  0.0074 0.012333376403959104 15.211217352173518 -0.006301636629837034 0.04960810886785039 0.0 
0.8  0.009 0.013135361257961421 17.253771537715384 0.003914659299418525 0.047690006096897886 0.0 
0.9  -0.00485 0.0136720566860418 18.692513402634027 0.0038636548260669507 0.03915844812248981 0.0 
1.0  0.01895 0.014301173176020985 20.452355421054214 -0.003939345736936326 0.028783043475320458 0.0 
1.1  0.00187 0.014737470507565728 21.719303696136965 0.0017815409921473006 0.044457616486465845 0.0 
1.2  -0.00564 0.01519298490000901 23.082679017190177 -0.00730767457308563 0.047620225792083914 0.0 
1.3  0.01622 0.015567048289445384 24.233299244592445 -0.002335648539859508 0.023744734319743 0.0 
1.4  -0.01266 0.01593854879270306 25.403733761737616 -0.007165777663952543 0.036543093575017505 0.0 
1.5  -0.01232 0.016268482683129613 26.46635288112881 0.0009843793455063489 0.015376867631464286 0.0 
1.6  0.01784 0.01665827098842864 27.749799232392323 0.012184287934190633 0.01631472161387082 0.0 
1.7  -0.00712 0.016797402018858328 28.215271458314586 -0.000194616154748079 0.008208919410466198 0.0 
1.8  0.0086 0.017170550622449092 29.482780867808682 -0.008899419047459724 0.0075150113205904034 0.0 
1.9  -0.00188 0.017524264197231118 30.709983565435643 -0.007138237584064919 0.03819358496629688 0.0 
2.0  -0.0156 0.017721667725557597 31.405750697506974 0.007552015911189321 -0.0023110890102393533 0.0 
2.1  -0.03338 0.01792922955201152 32.145727232872325 -0.0006683063653322892 0.008424336360285611 0.0 
2.2  0.01652 0.018243327522302254 33.28189990859909 0.006653270934171967 -0.0008357729336334607 0.0 
2.3  0.01448 0.018500976356864565 34.228612615726156 -0.008173685953027664 -0.003913268750351584 0.0 
2.4  -0.00568 0.018718802881376072 35.03935813118132 -0.010058843349860567 0.012147167495748068 0.0 
2.5  0.00134 0.018907267303647265 35.7484756891569 -0.0008112185078229553 0.005306745756753717 0.0 
2.6  -0.0288 0.019087381928422995 36.43281488814887 -0.003241656773532943 0.003916548066178915 0.0 
2.7  -6.0e-5 0.01924970923097424 37.05513054770549 -0.014435630185798104 0.014880029575412568 0.0 
2.8  0.02234 0.019453390285190286 37.843439358793574 2.7435396488966026e-5 0.010986243589272249 0.0 
2.9  0.01158 0.019676883158501204 38.71797308333083 0.008888764044757884 0.03274150647543417 0.0 
3.0  -0.03528 0.01993935628337309 39.757792899528994 0.013234049909665969 0.005529656459962506 0.0 
3.1  -0.0048 0.020073918382368505 40.29621992219922 -0.0017078607520134837 -0.0024718488373327574 0.0 
3.2  0.048 0.02023219843266011 40.934185341853414 0.0009065775250251084 0.04218156097371617 0.0 
3.3  -0.00694 0.020361357130914484 41.458486421264205 0.008259674170540486 -0.006252380921283329 0.0 
3.4  -0.02258 0.020536375504533133 42.174271886318856 0.0014049367757167429 0.005959917849314156 0.0 
3.5  0.00736 0.020797417715424104 43.25325836298363 0.0018927671990067176 0.022156419875568822 0.0 
3.6  0.00212 0.020963118794194144 43.94523495794958 -0.0026636867400776 0.00628783378216724 2.570425582783e-312 
3.7  0.03126 0.021143639673882702 44.705349865898654 -0.002133845166457715 0.03452660315907741 1.051110667187e-312 
3.8  -0.00592 0.021272032684483758 45.24993745297453 -0.0036587088215955716 -0.029541451782341355 3.7773677342254435e-302 
3.9  0.03204 0.021412872752043222 45.851111949519506 0.003771333570645827 0.02468704720788084 2.3796087712352082e-306 
4.0  -0.03368 0.0214199823700312 45.88156447324474 -0.002350146930601457 -0.017249200627786898 8.992259448547582e-306 
4.1  -0.00658 0.021768360196649093 47.38615056510565 -0.0007462106863959767 0.01181919744221993 1.467030173834832e-304 
4.2  -0.01796 0.021788876105371276 47.47551219352193 0.008994199741586864 -0.009919954637441997 5.1148029728058015e-306 
4.3  -0.00922 0.021985203738147028 48.33491834078341 0.008731138659923048 -0.018219872116484126 3.053605449911174e-289 
4.4  -0.0203 0.022119465902406366 48.92707718077179 0.006040033952726751 0.009267072461607295 6.48828364884004e-285 
4.5  0.00954 0.02224107093951111 49.46652365363656 -0.0010787965201231387 0.022342125213044017 6.095987698815429e-288 
4.6  -0.03216 0.022343147708111657 49.92162495064951 -0.01003879936368715 -0.018629509532952948 1.8491098327234017e-275 
4.7  -0.02188 0.022640784851841754 51.260513870738706 -0.013031233294882526 0.01438263987283106 3.195861710291557e-287 
4.8  0.05058 0.022622146985892887 51.17615342513426 -0.0003037489526868614 -0.020378346205890185 3.5249536319712257e-271 
4.9  -0.03522 0.022735407726795772 51.6898764503645 -0.00022899214889641456 0.03433594446306287 1.610118080590842e-281 
5.0  0.00552 0.022971917037672845 52.770897238572395 0.014926145163665888 -0.022425876756246854 1.8186805257277147e-266 
