#mmax= 10
#m-states: all states (FBR)
#Nr. of sites: 30
 
0.0  1.5124181003904845e-47 
0.1  0.0024810196710957876 
0.2  0.00969136505070872 
0.3  0.020902113073538408 
0.4  0.03467441430363467 
0.41  0.036101308919288436 
0.42  0.037522140497229704 
0.43  0.038931785773721604 
0.44  0.04032423463812667 
0.45  0.041692334073457904 
0.46  0.043027374634845295 
0.47  0.044319295306306364 
0.48  0.0455573941741526 
0.49  0.04673105490615238 
0.5  0.047834898174227675 
0.51  0.04887148893185763 
0.52  0.04985193363509321 
0.53  0.050790647221495636 
0.54  0.05169921244819653 
0.55  0.0525865114222163 
0.56  0.053455305443832986 
0.57  0.05430812202447275 
0.58  0.05514502837863712 
0.59  0.05596625998490239 
0.6  0.05677239710577129 
0.7  0.06409640795700912 
0.8  0.07041074103712304 
0.9  0.07604694130948082 
1.0  0.08119982168536044 
1.1  0.08598878587852425 
1.2  0.09049192731023674 
1.3  0.09476303460591762 
1.4  0.09883942572863096 
1.5  0.10274981766699087 
1.6  0.10651598137192424 
1.7  0.1101542991035912 
1.8  0.1136803046754884 
1.9  0.11709944142554674 
2.0  0.12042725615592532 
2.1  0.12366680712821693 
2.2  0.1268289683072288 
2.3  0.12991669382526116 
2.4  0.13293556895371236 
2.5  0.13589010513616898 
2.6  0.1387846961380852 
2.7  0.14162317193377338 
2.8  0.14440847750419808 
2.9  0.14714361806274842 
3.0  0.1498310827333827 
3.1  0.15247340772744514 
3.2  0.1550743875612211 
3.3  0.15763221056668486 
3.4  0.16015004693290927 
3.5  0.16263300039715006 
3.6  0.1650789367964027 
3.7  0.1674919082533983 
3.8  0.1698716780280794 
3.9  0.1722240156980835 
4.0  0.1745400420629836 
4.1  0.17683031680351177 
4.2  0.17909159089367935 
4.3  0.18132566755091167 
4.4  0.18353346823835798 
4.5  0.18571635165311584 
4.6  0.18787533166027134 
4.7  0.19001027474132431 
4.8  0.19212387340964734 
4.9  0.19421317952408232 
5.0  0.19628253356717948 
