#mmax= 10
#m-states: all states (FBR)
#Nr. of sites: 30
 
0.0  9.756179342300966e-8 
0.1  2.2226899313543326e-8 
0.2  -1.7425472647312831e-6 
0.3  2.1303069508756e-6 
0.4  -1.7085974079066351e-6 
0.41  2.4730540471134195e-5 
0.42  1.5940264305952294e-5 
0.43  2.889816448072503e-5 
0.44  5.738089031752853e-5 
0.45  3.2352432603459176e-8 
0.46  5.027921230057112e-5 
0.47  1.5711191734416388e-5 
0.48  7.410962285814297e-5 
0.49  7.257486769435736e-5 
0.5  0.00024358384428554777 
0.51  0.0009143669930985572 
0.52  0.0005408170141459339 
0.53  0.0009432774364872136 
0.54  0.0007577986600543182 
0.55  -0.0005806426437939556 
0.56  -0.0009186119989552212 
0.57  -0.000458909440923968 
0.58  -0.0004195185548335715 
0.59  -0.0003709956797054809 
0.6  -0.00031253720685734657 
0.7  -0.01730682807188815 
0.8  0.06225666935645108 
0.9  0.22730492214205636 
1.0  0.2487554919165606 
1.1  0.08963520112422858 
1.2  0.10908238357763601 
1.3  0.030478009217024375 
1.4  -0.006243932325243398 
1.5  -0.026902595530299944 
1.6  -0.04047320621045448 
1.7  -0.0291254753801715 
1.8  -0.019948007990277985 
1.9  -0.011672166525122025 
2.0  -0.010973729558961096 
2.1  -0.010800449324940106 
2.2  -0.012491367323305571 
2.3  -0.012181340678054176 
2.4  -0.023642278595172192 
2.5  -0.0210429745802194 
2.6  -0.021446852628074643 
2.7  -0.017759805394014776 
2.8  -0.01360703969567039 
2.9  -0.012733557254930666 
3.0  -0.012623070249550502 
3.1  -0.013551589459093561 
3.2  -0.013211567882413082 
3.3  -0.01404094117383538 
3.4  -0.013668307490720547 
3.5  -0.014297400048996236 
3.6  -0.014514635468587308 
3.7  -0.013647716350100512 
3.8  -0.013572669734699899 
3.9  -0.01356744289836325 
4.0  -0.013555849672800623 
4.1  -0.013424387360736246 
4.2  -0.013575734381765547 
4.3  -0.013482424248142423 
4.4  -0.013530308472323681 
4.5  -0.013412850426407694 
4.6  -0.013566931028308275 
4.7  -0.013490724513381371 
4.8  -0.013649203657275595 
4.9  -0.013545026070376309 
5.0  -0.013558193991226266 
