#mmax= 10
#m-states: all states (FBR)
#Nr. of sites: 30

0.0  -0.0  0.0
0.1  -0.0  6.653984338697978e-19
0.2  -0.0  5.4465849607067595e-19
0.3  -0.0  2.21306181628171e-19
0.4  2.000020000268671e-5  1.4142347759122703e-5
0.41  7.000245011435383e-5  2.645857146536706e-5
0.42  5.000125004055244e-5  2.2361350619455505e-5
0.43  0.00012000720057417323  3.4643268015662046e-5
0.44  0.00011000605040911501  3.31682380288505e-5
0.45  7.000245011113396e-5  2.645857146414328e-5
0.46  0.00019001805221328298  4.359334893005612e-5
0.47  0.00023002645403455348  4.796407120732533e-5
0.48  0.00039007606712987186  6.246247318211662e-5
0.49  0.0005201352430648755  7.213014181247779e-5
0.5  0.0007602889321906646  8.721155982484164e-5
0.51  0.0007903121704895801  8.891751299800905e-5
0.52  0.001130638843274014  0.00010636209291969907
0.53  0.001491098134083722  0.00012215614073350558
0.54  0.0014610641337513067  0.00012091914327991891
0.55  0.0018917863343073992  0.000137607915980822
0.56  0.0021322703036670454  0.00014610151192472892
0.57  0.0022725722820935903  0.00015083670622300193
0.58  0.002442979439882821  0.00015639655331570217
0.59  0.0031850634642546683  0.00017861045822073547
0.6  0.0034459177259338427  0.00018579245217468932
0.7  0.006742556250195842  0.0002601015326033587
0.8  0.010379001452678258  0.0003229434492325352
0.9  0.014663912433696418  0.00038430397366802263
1.0  0.018958430879035187  0.00043737421310068524
1.1  0.023838299029525174  0.0004970657463320972
1.2  0.02725068528465403  0.0005252496618056141
1.3  0.030603771418236246  0.0005574761189548203
1.4  0.03486977133503081  0.00059483623548296
1.5  0.0398772118076051  0.0006367687528250647
1.6  0.04527061466939462  0.0006791011610353725
1.7  0.04780222819388762  0.0006977630355483116
1.8  0.05055844999107716  0.0007243095111920995
1.9  0.05433780228467563  0.0007473374625276108
2.0  0.05876983264951606  0.0007836285002198032
2.1  0.06249014749694016  0.0008088527158166735
2.2  0.06593649613722533  0.0008368710037414334
2.3  0.06953206620693878  0.0008544054990942945
2.4  0.0718780397180489  0.000869658568679059
2.5  0.0748170334317896  0.0008818228695442616
2.6  0.07919141040894563  0.0009076752397829059
2.7  0.08070208348108254  0.0009299968329651808
2.8  0.08386562086017349  0.0009442058276904685
2.9  0.08837365938878622  0.0009740479121615372
3.0  0.0908553137410045  0.0010037603001510419
3.1  0.09235760632385903  0.0010150186990843567
3.2  0.09589677667064948  0.0010173615964298728
3.3  0.09818640394151347  0.0010375756675148396
3.4  0.10037433072278497  0.0010592507564351314
3.5  0.10397950341716217  0.0010589385333121077
3.6  0.10643344372454683  0.0010874179854096948
3.7  0.10929476493432043  0.001104507093083434
3.8  0.11194043256251322  0.001115263096863195
3.9  0.11207598416424744  0.0011203492511707525
4.0  0.11398959327737423  0.0011264122306418453
4.1  0.11755263453508306  0.0011561634330663866
4.2  0.11936227100484537  0.001167312995675322
4.3  0.12169237125909244  0.0011659014268846156
4.4  0.1236249828520543  0.0011821791693679424
4.5  0.12340279430241888  0.0012012391705080619
4.6  0.12533526491093036  0.0011921968013543505
4.7  0.12828653751344887  0.0012098038382956486
4.8  0.12839212373753117  0.0012271312062564457
4.9  0.12875363730889258  0.0012455208116483633
5.0  0.13167041204645427  0.001271204524514144
