#mmax= 10
#m-states: all states (FBR)
#Nr. of sites: 30

0.0  1.0  0.0
0.1  1.0  6.653984338697978e-19
0.2  1.0  5.4465849607067595e-19
0.3  1.0  2.21306181628171e-19
0.4  0.99998  1.414206491216752e-5
0.41  0.99993  2.6456719365364483e-5
0.42  0.9999500000000011  2.236023255192456e-5
0.43  0.9998800000000019  3.463911082350023e-5
0.44  0.9998900000000346  3.316458952266847e-5
0.45  0.9999300000000032  2.6456719364140872e-5
0.46  0.9998100000000734  4.3585066193762606e-5
0.47  0.9997700000000218  4.795303947094869e-5
0.48  0.9996100000026479  6.243811281774099e-5
0.49  0.9994800000038208  7.20926341390109e-5
0.5  0.9992400000142073  8.71452790406138e-5
0.51  0.9992100000439195  8.884726816664583e-5
0.52  0.9988700000880001  0.00010624190376405969
0.53  0.9985100130004002  0.00012197412967189138
0.54  0.9985400027008157  0.00012074260165731054
0.55  0.9981100019655884  0.00013734783729009876
0.56  0.9978700013697628  0.00014579031590445366
0.57  0.9977300080552572  0.00015049430811490418
0.58  0.9975600022058617  0.00015601494607060104
0.59  0.9968200034694517  0.00017804247758327387
0.6  0.9965600126347525  0.00018515332848665004
0.7  0.9932801237797768  0.0002583536824995738
0.8  0.9896746745213901  0.00031960895300802436
0.9  0.9854430791202007  0.00037870969112954473
1.0  0.98122014985415  0.00042916039092099527
1.1  0.9764435888688966  0.00048535666125230963
1.2  0.9731172647664033  0.0005111295142157576
1.3  0.9698597831198742  0.0005406736678240312
1.4  0.9657311739502632  0.0005744518960011141
1.5  0.9609074199940077  0.0006118758194099349
1.6  0.955738809892401  0.0006490433354444947
1.7  0.9533223087095591  0.0006651930679811065
1.8  0.9506983587377263  0.0006885998635084539
1.9  0.9471121158214812  0.0007078123653671824
2.0  0.9429237744492485  0.0007389019431932605
2.1  0.939422318429147  0.0007598542935602114
2.2  0.9361903141051904  0.0007834705278582185
2.3  0.9328302205780716  0.000797015270183248
2.4  0.9306443905424071  0.0008093428686283049
2.5  0.9279132479002985  0.0008182551229515769
2.6  0.9238630705116485  0.0008385676340532323
2.7  0.922468469107301  0.0008578927547800286
2.8  0.9195548167782516  0.0008682490168828662
2.9  0.9154187579957728  0.00089166172997929
3.0  0.9131498215733216  0.0009165835389853076
3.1  0.9117790332896817  0.000925472768222085
3.2  0.9085577955890738  0.0009243318093693062
3.3  0.9064799165751197  0.000940541504529226
3.4  0.9044987729778423  0.0009580910094714278
3.5  0.9012437696494771  0.0009543617555892922
3.6  0.8990348825833184  0.0009776267008317937
3.7  0.8964661317686149  0.0009901532012475036
3.8  0.8940975150119673  0.0009971539634899336
3.9  0.8939763268755094  0.0010015657083793567
4.0  0.8922672414117817  0.0010050607337272908
4.1  0.8890937134806021  0.0010279376400954751
4.2  0.8874862319888966  0.0010359742120835626
4.3  0.8854207074682447  0.0010323132662304123
4.4  0.8837111855973231  0.001044704955350603
4.5  0.8839075579189803  0.0010617843816804026
4.6  0.8822010819310675  0.001051757308029566
4.7  0.879601304261364  0.0010641450340652568
4.8  0.8795084353838725  0.0010792722472253307
4.9  0.8791905386138149  0.0010950501132478403
5.0  0.8766298741174602  0.00111437586230238
