#mmax= 10
#m-states: all states (FBR)
#Nr. of sites: 30
 
0.0  -3.8361154987172015e-23 
0.1  1.463615582201537 
0.2  3.0155744511369917 
0.3  4.783587406079976 
0.4  7.029990743845893 
0.41  7.302390211727639 
0.42  7.587709555761862 
0.43  7.888288314038569 
0.44  8.205738712861535 
0.45  8.543134954512308 
0.46  8.902526134576755 
0.47  9.286204841963606 
0.48  9.694480907600342 
0.49  10.12336207628029 
0.5  10.561783792981533 
0.51  10.995087311561134 
0.52  11.406437845367336 
0.53  11.78516099110725 
0.54  12.129592573960903 
0.55  12.44039643712602 
0.56  12.72372379218712 
0.57  12.983049553933624 
0.58  13.222981583418242 
0.59  13.447004484094121 
0.6  13.656839948290525 
0.7  15.265898858020835 
0.8  16.370924233987008 
0.9  17.208172706954517 
1.0  17.878959842194046 
1.1  18.43638489398002 
1.2  18.911375398853817 
1.3  19.323897193717027 
1.4  19.687317287553352 
1.5  20.011108426421078 
1.6  20.302390976895673 
1.7  20.566410294718004 
1.8  20.80726862559994 
1.9  21.028348867838197 
2.0  21.232130841446903 
2.1  21.420971849782045 
2.2  21.596462764899183 
2.3  21.760257274322708 
2.4  21.913547006364876 
2.5  22.057442737906896 
2.6  22.192868557841187 
2.7  22.320634338864338 
2.8  22.441428387715153 
2.9  22.555871847696253 
3.0  22.66450660506256 
3.1  22.767806888400468 
3.2  22.86614951438063 
3.3  22.959993828373957 
3.4  23.04972089928452 
3.5  23.13549778080406 
3.6  23.217661696248094 
3.7  23.29645253457192 
3.8  23.37210512187358 
3.9  23.444772950546113 
4.0  23.51473493829041 
4.1  23.582110743891512 
4.2  23.647056897576405 
4.3  23.709724086276996 
4.4  23.770237093685544 
4.5  23.8287135141902 
4.6  23.885262022806177 
4.7  23.939997610922035 
4.8  23.99300280420847 
4.9  24.04438407024408 
5.0  24.09421124065094 
