#mmax= 10
#m-states: all states (FBR)
#Nr. of sites: 30
 
0.0  -2.6136664167016795e-59 
0.1  -0.7161216607949937 
0.2  -1.3770124798122465 
0.3  -1.9163901990252752 
0.4  -2.2338780971596397 
0.41  -2.2469433967019192 
0.42  -2.255466702035439 
0.43  -2.258903277698675 
0.44  -2.2568396251746012 
0.45  -2.24853954336734 
0.46  -2.2334299030839038 
0.47  -2.2108453168664415 
0.48  -2.18046512359879 
0.49  -2.142756747006815 
0.5  -2.0996137637326027 
0.51  -2.053846452386557 
0.52  -2.0089371989867617 
0.53  -1.9673911595639388 
0.54  -1.9300216497179798 
0.55  -1.8971264934862728 
0.56  -1.8678213981111238 
0.57  -1.8416671371030213 
0.58  -1.8179310001202516 
0.59  -1.7960702636426469 
0.6  -1.7758581503461035 
0.7  -1.6237790940667962 
0.8  -1.5181259507000964 
0.9  -1.4358406999756246 
1.0  -1.368086619817264 
1.1  -1.3103747641930261 
1.2  -1.260166136558201 
1.3  -1.2157695733757523 
1.4  -1.1760446453773912 
1.5  -1.1401902304686227 
1.6  -1.107555869877871 
1.7  -1.0776768178447924 
1.8  -1.0502000743082394 
1.9  -1.0247264617318768 
2.0  -1.0011181206385489 
2.1  -0.9790611480481263 
2.2  -0.9584768789842244 
2.3  -0.9391442020637654 
2.4  -0.9209617007417992 
2.5  -0.9038128556274392 
2.6  -0.8876053226574463 
2.7  -0.8722545708361549 
2.8  -0.857689406141098 
2.9  -0.8438433622544309 
3.0  -0.8306566372533075 
3.1  -0.8180801320170141 
3.2  -0.8060933469260863 
3.3  -0.7946029542151265 
3.4  -0.783569874634062 
3.5  -0.7730214476904471 
3.6  -0.7628861938311495 
3.7  -0.7531538176971603 
3.8  -0.7437861138211408 
3.9  -0.7347994813437546 
4.0  -0.7260915989114443 
4.1  -0.7177079754299988 
4.2  -0.7096080553679177 
4.3  -0.7017772731628944 
4.4  -0.6942026327091279 
4.5  -0.6868735802286154 
4.6  -0.6797786866693499 
4.7  -0.6728982775890471 
4.8  -0.6662338274605633 
4.9  -0.6597535081476031 
5.0  -0.6534677498644825 
