#mmax= 10
#m-states: all states (FBR)
#Nr. of sites: 5
 
0.0  2.500000000000002 0.10000000000000042 
0.1  2.305134213496727 0.08474135506119351 
0.2  2.1244349834688547 0.07130323550005468 
0.3  1.9601093485239456 0.06002371307253451 
0.4  1.8141383060456988 0.05136851177601787 
0.41  1.80055761183271 0.050663604560648334 
0.42  1.7871554048906089 0.049988887423131234 
0.43  1.773951968063952 0.049345269504491585 
0.44  1.7609277076289769 0.048732036505616416 
0.45  1.7480875590531804 0.04814960752860864 
0.46  1.7354398043498025 0.04759769853887563 
0.47  1.7229746117589635 0.04707679079643512 
0.48  1.710700852885229 0.04658554958959482 
0.49  1.6986013069976105 0.046079133873230926 
0.5  1.6866989573376439 0.045646406915900384 
0.51  1.675002999118177 0.0452933838190307 
0.52  1.6634773445236808 0.04492094341446029 
0.53  1.652135662313697 0.04452421373460591 
0.54  1.640976167749137 0.04414816066842342 
0.55  1.6300179911463406 0.04385600469435247 
0.56  1.6192491575378765 0.04358963951579464 
0.57  1.608665553424027 0.04334876954991096 
0.58  1.598271277309876 0.04313155202140728 
0.59  1.5880626917329228 0.04293725119536851 
0.6  1.5780403140020607 0.042764612484671116 
0.7  1.4876073510755745 0.041971675880489334 
0.8  1.4131123429651593 0.042060520252995115 
0.9  1.3511790467442557 0.04227134057480475 
1.0  1.2986431535586955 0.04232201185430284 
1.1  1.253122697242695 0.042182729249485074 
1.2  1.2129720069809895 0.04190160661438991 
1.3  1.1770539884101356 0.04152613179292275 
1.4  1.144574982070614 0.04110096525632334 
1.5  1.114951895268542 0.04064929978085896 
1.6  1.0877491376068236 0.04019949365620612 
1.7  1.062633257523 0.03973823226288076 
1.8  1.0393123750468607 0.03928393997485302 
1.9  1.01758230692444 0.0388402949436929 
2.0  0.9972523734200589 0.03840851804894663 
2.1  0.9781774784272467 0.03798959968981874 
2.2  0.9602257747703271 0.0375836126730521 
2.3  0.9432880692891585 0.03719043456059368 
2.4  0.9272670326877536 0.03680954216706811 
2.5  0.9120826848869513 0.036440536239427 
2.6  0.8976617359433308 0.03608301769750555 
2.7  0.8839528719321131 0.035737345709743296 
2.8  0.8708763078726234 0.03540407726441297 
2.9  0.8583764040764666 0.035075995059485554 
3.0  0.8464513898351014 0.03475901043324303 
3.1  0.8350218629989866 0.034449313094467415 
3.2  0.8240650279170292 0.034150015988838045 
3.3  0.8135493220767255 0.03385903802857759 
3.4  0.8034421796885346 0.03357570128839216 
3.5  0.7937218575269118 0.03330004929797037 
3.6  0.7843611873246236 0.03303151470855037 
3.7  0.7753392657184572 0.03276990238558397 
3.8  0.7666341902836701 0.03251477665830238 
3.9  0.758219990863096 0.03226644400073997 
4.0  0.7501069957289431 0.032024570303634814 
4.1  0.7422508180185823 0.03178760733476316 
4.2  0.7346369969160306 0.03155532233838232 
4.3  0.7272787986390232 0.0313282750834345 
4.4  0.7201378896417859 0.031107026593167664 
4.5  0.7132122217322012 0.030890863671469537 
4.6  0.706490132492546 0.030679065147159457 
4.7  0.6999622968217546 0.03047230813752988 
4.8  0.6936205738762329 0.03027016553352313 
4.9  0.6874538027990916 0.03007215405952901 
5.0  0.6814548950324187 0.029878265564759254 
