#mmax= 10
#m-states: all states (FBR)
#Nr. of sites: 5
 
0.0  2.4999999999999996 0.09999999999999909 
0.1  2.9602597009783644 0.13739549237982274 
0.2  3.584307534823361 0.18900186837689614 
0.3  4.4470034110916705 0.25692478563819465 
0.4  5.62697103053381 0.3377315214793287 
0.41  5.764090732730679 0.34613997736516156 
0.42  5.904772414634682 0.3545616246202766 
0.43  6.048573749345795 0.36295860673273095 
0.44  6.19579258386156 0.3713391855473144 
0.45  6.3462469867524245 0.37968302004585974 
0.46  6.499423772489439 0.387952975097402 
0.47  6.65587978973784 0.39617415530043576 
0.48  6.81500168035211 0.404301861096089 
0.49  6.976487751592686 0.41232733001172217 
0.5  7.140200043829409 0.42023237312479556 
0.51  7.306335235379942 0.4280252284997207 
0.52  7.474316701312464 0.43568112264974224 
0.53  7.643695046531327 0.4431776034915328 
0.54  7.8143510317694815 0.45051150384097416 
0.55  7.986410903401724 0.4576924509984279 
0.56  8.159161780686874 0.4646924058282099 
0.57  8.332745546622476 0.47152288026456635 
0.58  8.506250050053511 0.4781515677216649 
0.59  8.67978069463907 0.48459049201511295 
0.6  8.852813440123107 0.4908265516401409 
0.7  10.511130855144254 0.5423609566477006 
0.8  11.917336721717897 0.576314135727512 
0.9  13.026550183340404 0.5979303249667343 
1.0  13.885983239653578 0.6118904929281044 
1.1  14.561344817288548 0.6212646532375883 
1.2  15.106188031294128 0.6278582539734561 
1.3  15.557951692082687 0.6327067750151973 
1.4  15.941799576977761 0.6364149456566914 
1.5  16.27439717540627 0.639343670927499 
1.6  16.567426706398525 0.6417219990367142 
1.7  16.828775477182052 0.6436942968001736 
1.8  17.064671236835935 0.6453630895595286 
1.9  17.27924393288747 0.6467950203567289 
2.0  17.475934105630934 0.6480400901665941 
2.1  17.657240580554255 0.6491336763659479 
2.2  17.825252252636027 0.6501030946258777 
2.3  17.98161942749098 0.6509690489229396 
2.4  18.127734563213508 0.6517479465663276 
2.5  18.264710042970282 0.6524525451404976 
2.6  18.393506982269287 0.6530932608549489 
2.7  18.514788539206684 0.6536777293760193 
2.8  18.62957848309252 0.6542148149273277 
2.9  18.73850639596059 0.6547104098830712 
3.0  18.841555416079736 0.6551665094779735 
3.1  18.939753693405773 0.65559029348751 
3.2  19.03329531975123 0.655984162304558 
3.3  19.12255202766034 0.6563512516700735 
3.4  19.207886974332308 0.6566944004401515 
3.5  19.289512186505338 0.6570155541981 
3.6  19.367733109381774 0.6573169498649798 
3.7  19.442772329561514 0.6576003103907708 
3.8  19.514855628941245 0.6578672637710694 
3.9  19.58427447790424 0.6581196423367827 
4.0  19.650838392105793 0.6583570743990284 
4.1  19.715107593517857 0.6585824124746068 
4.2  19.77721927878779 0.6587965736836378 
4.3  19.836936495416726 0.6589989025322364 
4.4  19.894730551352165 0.6591916679524198 
4.5  19.95060441459931 0.6593751209704258 
4.6  20.004647570626755 0.659549867701495 
4.7  20.056996025950767 0.6597166375471184 
4.8  20.107701644841026 0.6598758361775807 
4.9  20.156870303085945 0.6600280428861615 
5.0  20.204570838850795 0.6601736778494689 
