#mmax= 10
#m-states: all states (FBR)
#Nr. of sites: 5
 
0.0  0.0 
0.1  0.02559401668891707 
0.2  0.05485415864813838 
0.3  0.09179780683620264 
0.4  0.14047945659746347 
0.41  0.1461038635985924 
0.42  0.15187324697319493 
0.43  0.15777507516895156 
0.44  0.16381874971559857 
0.45  0.16999925536128396 
0.46  0.17629872756794968 
0.47  0.1827390276218613 
0.48  0.18929748183854278 
0.49  0.19596379682874818 
0.5  0.20273157936351216 
0.51  0.20961207088726758 
0.52  0.21658095805118238 
0.53  0.22362296210431903 
0.54  0.23073069853891615 
0.55  0.23791259136797838 
0.56  0.245139134907151 
0.57  0.25241680431518576 
0.58  0.25970780029967455 
0.59  0.26701696611861314 
0.6  0.2743224402098509 
0.7  0.34526061087416393 
0.8  0.4068028266292446 
0.9  0.4562674352868334 
1.0  0.49511884658739547 
1.1  0.5259227175322624 
1.2  0.5509071937496071 
1.3  0.5716842674248586 
1.4  0.5893645748692988 
1.5  0.6046920312602199 
1.6  0.6181977807765265 
1.7  0.6302412074699308 
1.8  0.641106570289698 
1.9  0.6509859474944294 
2.0  0.6600372865697455 
2.1  0.6683770348269328 
2.2  0.676101521888308 
2.3  0.6832872793007851 
2.4  0.6899986191230864 
2.5  0.696287456657059 
2.6  0.7021980972091961 
2.7  0.7077623362470057 
2.8  0.7130255466997504 
2.9  0.7180168974056137 
3.0  0.7227383652416735 
3.1  0.7272353436617514 
3.2  0.7315170906131391 
3.3  0.7356012332201006 
3.4  0.7395043469037549 
3.5  0.7432364514117908 
3.6  0.7468115639714323 
3.7  0.7502401116823552 
3.8  0.7535323605980453 
3.9  0.7567013670409293 
4.0  0.7597398957643673 
4.1  0.7626724430669893 
4.2  0.7655052725904808 
4.3  0.7682286485744233 
4.4  0.7708631100271921 
4.5  0.7734093976550979 
4.6  0.775871384827874 
4.7  0.7782557254064479 
4.8  0.7805647049735107 
4.9  0.7828030256285463 
5.0  0.7849739455522684 
