#mmax= 10
#m-states: all states (FBR)
#Nr. of sites: 5
 
0.0 2.585611555475765e-28
0.1 -0.02503596422292549
0.2 -0.10058957582381822
0.3 -0.2280774130084365
0.4 -0.4099524859539419
0.41 -0.4312464928358059
0.42 -0.453116871523518
0.43 -0.4755660629621551
0.44 -0.4985962733843395
0.45 -0.5222094495012758
0.46 -0.5464072063819628
0.47 -0.5711908441046971
0.48 -0.5965613822680491
0.49 -0.622519013972539
0.5 -0.6490639221355097
0.51 -0.6761956364220989
0.52 -0.7039131167280666
0.53 -0.7322149342119246
0.54 -0.7610989183168365
0.55 -0.7905622923498612
0.56 -0.8206018643772316
0.57 -0.8512137701924258
0.58 -0.8823935429672618
0.59 -0.9141361386549249
0.6 -0.94643593179417
0.7 -1.298484754560178
0.8 -1.6970124157333446
0.9 -2.132331265117273
1.0 -2.5960543002097154
1.1 -3.081924248564434
1.2 -3.58550842915342
1.3 -4.103669401647025
1.4 -4.634133908039928
1.5 -5.1752054734265585
1.6 -5.7255778415809715
1.7 -6.284217846731565
1.8 -6.850287383663485
1.9 -7.423093369327489
2.0 -8.002052678346814
2.1 -8.586667644573865
2.2 -9.176508421904373
2.3 -9.77119993567841
2.4 -10.370412041717529
2.5 -10.973851941614484
2.6 -11.581258251048254
2.7 -12.192396257966607
2.8 -12.807053704889455
2.9 -13.425039456870138
3.0 -14.046178140991941
3.1 -14.670310006459644
3.2 -15.297288481927907
3.3 -15.926978753601318
3.4 -16.559256450558877
3.5 -17.194006510712796
3.6 -17.83112223918539
3.7 -18.470504455345022
3.8 -19.112060770016882
3.9 -19.755704598634978
4.0 -20.40135596765637
4.1 -21.04893897690954
4.2 -21.69838270298881
4.3 -22.34962080239572
4.4 -23.002589858959226
4.5 -23.657231007563723
4.6 -24.31348837327174
4.7 -24.971309138282265
4.8 -25.630643299387117
4.9 -26.291443474764094
5.0 -26.953664705970894
