#mmax= 10
#m-states: all states (FBR)
#Nr. of sites: 5
 
0.0  -0.0 
0.1  0.006343963545601078 
0.2  0.026575229794830353 
0.3  0.0646712689913597 
0.4  0.12760186942177884 
0.41  0.13555510477216628 
0.42  0.14383716048710526 
0.43  0.1524333324298879 
0.44  0.1613612687340141 
0.45  0.17061602324316533 
0.46  0.1801740821677015 
0.47  0.19006623650812135 
0.48  0.20026063092457794 
0.49  0.21074187490853502 
0.5  0.22149876559218618 
0.51  0.23254043869927238 
0.52  0.24383157985477988 
0.53  0.2553387095665596 
0.54  0.26704676482200945 
0.55  0.2789593342637166 
0.56  0.2910207720533806 
0.57  0.3032331913394543 
0.58  0.3155232673807737 
0.59  0.32788787903742117 
0.6  0.34027869129160454 
0.7  0.45962430568167373 
0.8  0.5543120092730307 
0.9  0.6171535957371346 
1.0  0.6547549055032398 
1.1  0.6762834640506571 
1.2  0.688499534155147 
1.3  0.6954830033066876 
1.4  0.6995297754365813 
1.5  0.701904121818482 
1.6  0.7033119468741159 
1.7  0.7041497707999653 
1.8  0.7046462107351347 
1.9  0.7049344645242521 
2.0  0.7050944520650537 
2.1  0.7051746878353548 
2.2  0.7052051546225234 
2.3  0.7052046627306476 
2.4  0.705185045201935 
2.5  0.7051538831805042 
2.6  0.7051160706158035 
2.7  0.7050749233589751 
2.8  0.7050318784222247 
2.9  0.7049885117329866 
3.0  0.7049463252549844 
3.1  0.7049047902923132 
3.2  0.7048647079591885 
3.3  0.7048261379337636 
3.4  0.7047891114142307 
3.5  0.7047537267486796 
3.6  0.7047199040314072 
3.7  0.7046876058427008 
3.8  0.7046567521126164 
3.9  0.7046269770990419 
4.0  0.7045991744910265 
4.1  0.7045722513484091 
4.2  0.7045462258122063 
4.3  0.704521841770106 
4.4  0.7044982555367508 
4.5  0.7044756327961483 
4.6  0.7044538814703932 
4.7  0.704433004308988 
4.8  0.7044129522962402 
4.9  0.7043936509978964 
5.0  0.7043750688412134 
