0.0  -0.0  0.0
0.1  0.0066520824830910725  0.0002583469958515054
0.2  0.02666209218587899  0.0005198789448299939
0.3  0.06469942484441571  0.0008175418728811908
0.4  0.12809655754817856  0.0011744538534475399
0.41  0.1371712457575365  0.0012177861371693375
0.42  0.14285005158954356  0.0012456603541431582
0.43  0.15132404299475055  0.0012848553257604827
0.44  0.16330468743870072  0.0013371991078042992
0.45  0.1711420852700788  0.0013709146733268947
0.46  0.18275808219981057  0.0014202400029935495
0.47  0.19146499095085107  0.0014736469493417696
0.48  0.19910446737600682  0.0014984110272321307
0.49  0.211595240283028  0.0015538907490553766
0.5  0.22115593009678422  0.0015955542224350909
0.51  0.23192338169285973  0.0016303803365697333
0.52  0.24333603286297464  0.0016795687640918395
0.53  0.2556243555103442  0.001722209744822468
0.54  0.26428918243741223  0.0017537074171635166
0.55  0.27990420264210053  0.0018188483172139457
0.56  0.29155700483720354  0.0018628684423806355
0.57  0.2996325305427151  0.0018875978066168761
0.58  0.31614971011726306  0.0019486846443695204
0.59  0.3278437005144337  0.00199381507124539
0.6  0.3383788427605238  0.002040571870354619
0.7  0.45931514524519257  0.0024477637553811152
0.8  0.558240727680162  0.0027714555148849367
0.9  0.6164392145374467  0.0029613809946864816
1.0  0.6549890663232851  0.003085212208016213
1.1  0.6748272348689904  0.0031519217601965067
1.2  0.6910161639202884  0.003205066624615002
1.3  0.6954094773551118  0.0032124716151586746
1.4  0.7066346313640052  0.003242350370726543
1.5  0.705092253954869  0.0032435800481557093
1.6  0.702132983046786  0.003233140286764935
1.7  0.7009336503674254  0.0032273033011038614
1.8  0.7053083384849463  0.003243461386615786
1.9  0.7085454501364958  0.0032508261740775363
2.0  0.7081955799168547  0.0032518086908891438
2.1  0.7034163799833991  0.0032316697165931905
2.2  0.7020575064441931  0.003229469771633991
2.3  0.7100530445185028  0.0032502367080676844
2.4  0.7005516154170399  0.003228093243718407
2.5  0.7118402965372166  0.0032625611355580277
2.6  0.7062168853842504  0.0032463472623175476
2.7  0.703992113476967  0.0032324361603378454
2.8  0.7031211913065846  0.0032272790095263714
2.9  0.7062061613995286  0.003245006859028444
3.0  0.7086526351824062  0.0032516825335400326
3.1  0.70653976319924  0.003239031602129498
3.2  0.7043467401792071  0.0032356791499867964
3.3  0.7060164381165904  0.0032380947221157686
3.4  0.7092839067785336  0.0032507266505358958
3.5  0.7028473978722436  0.00323032673761188
3.6  0.7039165829409616  0.0032380758132927704
3.7  0.706574451962074  0.003239603358183375
3.8  0.7077164633053861  0.003241818814616477
3.9  0.7069387317953951  0.003242482341513448
4.0  0.7095540841207154  0.003254846453119574
4.1  0.7077776803769414  0.003242539738598301
4.2  0.7002511533115724  0.0032210400748867597
4.3  0.7037367849586306  0.003234068235467689
4.4  0.6988110003024282  0.0032190727231800253
4.5  0.7048016335142202  0.003231849930060388
4.6  0.7067318176844848  0.003237411190754949
4.7  0.7108786489559201  0.003253174733215592
4.8  0.6956680127049989  0.0032041017379736115
4.9  0.7001202821624362  0.0032210455638207714
5.0  0.7016435440448383  0.003223405055383437
0.0  -0.0  0.0
0.1  0.006531537512824497  0.00025598304648181725
0.2  0.02665048614538447  0.0005253072158052886
0.3  0.0641305795570987  0.0008143284927727337
0.4  0.12914515801033266  0.0011872955558487376
0.41  0.1364063756804634  0.0012126443602263252
0.42  0.1444791219797631  0.0012500444874149886
0.43  0.1520094146065968  0.001287795246261606
0.44  0.16113003086877295  0.001340393865341619
0.45  0.17093031334916667  0.0013723952496032038
0.46  0.1810424568880182  0.0014181915823878624
0.47  0.1893797982848592  0.0014512549607819422
0.48  0.20267276887550326  0.00150486926833169
0.49  0.2078786924128863  0.0015262204719208561
0.5  0.22365949219098138  0.0015930708346986147
0.51  0.23135576927506804  0.0016280406538741984
0.52  0.2447748252375597  0.0016729861941730266
0.53  0.2548428611780054  0.001716375750218543
0.54  0.267415460533064  0.0017637367463220243
0.55  0.276495081194046  0.0017994138119560008
0.56  0.29070005719873154  0.0018535475918745417
0.57  0.30542847367402287  0.001897684925348709
0.58  0.316118791810798  0.0019482905122095724
0.59  0.32622074144706587  0.0019843996495809957
0.6  0.33827882034143403  0.002025416311087475
0.7  0.45824217461449446  0.0024437997232385038
0.8  0.5552031891095768  0.0027650812006140817
0.9  0.6222925596692862  0.0029790243476244174
1.0  0.6511582811736173  0.0030813638542060845
1.1  0.6761813476909271  0.0031545539730294062
1.2  0.6928567779127157  0.0032109220399602874
1.3  0.6988965783000853  0.0032221150734296935
1.4  0.7027477003796718  0.003237351524242225
1.5  0.6994815784244826  0.003223031999140837
1.6  0.7012694935069018  0.0032257186250069492
1.7  0.7035324864992375  0.003238557210952942
1.8  0.705433235845035  0.0032416329821521803
1.9  0.706704479583001  0.003244368668060803
2.0  0.6987165076846285  0.0032200347673771086
2.1  0.7025998630408091  0.0032343247952191924
2.2  0.7035588731026695  0.0032336782571857183
2.3  0.7073237079168616  0.0032439320144950694
2.4  0.7057948406384907  0.0032393633053548862
2.5  0.7020330231643133  0.003235341590327858
2.6  0.7092204524467475  0.0032504931606173347
2.7  0.7085716367448734  0.003247340143245923
2.8  0.7084903067906895  0.0032497099130053505
2.9  0.6951799230904723  0.00320940644519863
3.0  0.7059055000556768  0.003241550500967787
3.1  0.7010070433344381  0.0032229458032522625
3.2  0.706215911179796  0.003237928376617209
3.3  0.703373901163201  0.003231637965916427
3.4  0.7022079352143081  0.0032281797797428648
3.5  0.7070045750072991  0.0032478107559952645
3.6  0.7084725143762286  0.003245450075631657
3.7  0.7106300463317927  0.0032528893431482435
3.8  0.7041885991042864  0.0032336965921597885
3.9  0.7066282507156896  0.0032392046946039645
4.0  0.7076739940494015  0.0032481767409381548
4.1  0.7006677460155039  0.0032261738341243305
4.2  0.7059527378953208  0.0032406603314495074
4.3  0.7093087208803116  0.003246135572832726
4.4  0.7031871907803833  0.003227878009349925
4.5  0.6955597635619369  0.0032064102763856694
4.6  0.699655524836614  0.0032204407787209555
4.7  0.7058030271965549  0.003239291090050749
4.8  0.6993537765026133  0.0032232553894296773
4.9  0.7123374083040298  0.0032592522564018063
5.0  0.7027982009382983  0.0032298356382133887
