#mmax= 10
#m-states: all states (FBR)
#Nr. of sites: 5
 
0.0  0.0 
0.1  0.02297062314343302 
0.2  0.07674364574542862 
0.3  0.1562656740396984 
0.4  0.2604912140313094 
0.41  0.27211304495643895 
0.42  0.283920563462803 
0.43  0.2958765691682028 
0.44  0.30798797903522884 
0.45  0.32023167533252894 
0.46  0.3325629966266587 
0.47  0.34500524809235583 
0.48  0.3575065522273196 
0.49  0.37003650223339823 
0.5  0.3825722561592083 
0.51  0.39511433270012664 
0.52  0.4076162122936981 
0.53  0.4200376550421649 
0.54  0.43235895229421734 
0.55  0.44458001945268005 
0.56  0.45664581024967005 
0.57  0.46855875893835314 
0.58  0.4802537826930989 
0.59  0.49173287717858805 
0.6  0.5029597657475223 
0.7  0.598647993843349 
0.8  0.6610348861825235 
0.9  0.6965910475402837 
1.0  0.7154278981923106 
1.1  0.7250600648443934 
1.2  0.7298686983446458 
1.3  0.7321813482675322 
1.4  0.7332003894383777 
1.5  0.7335499728629262 
1.6  0.7335526696088853 
1.7  0.73338374468679 
1.8  0.7331321165149748 
1.9  0.7328475479692796 
2.0  0.7325557304792083 
2.1  0.7322703243796268 
2.2  0.731997950996466 
2.3  0.7317415437723348 
2.4  0.7315017866265262 
2.5  0.7312783704250639 
2.6  0.731070554141321 
2.7  0.7308777982351193 
2.8  0.7306968411140085 
2.9  0.730528066418651 
3.0  0.7303721353087979 
3.1  0.7302250286536546 
3.2  0.7300872981689196 
3.3  0.7299578655311224 
3.4  0.7298359049412457 
3.5  0.7297209873602578 
3.6  0.7296123876853443 
3.7  0.7295096159485467 
3.8  0.7294121536675224 
3.9  0.7293185305591768 
4.0  0.7292314962445204 
4.1  0.7291476732147677 
4.2  0.7290670096418517 
4.3  0.72899142968324 
4.4  0.728918549983966 
4.5  0.728848775394809 
4.6  0.7287817976088137 
4.7  0.7287175973024131 
4.8  0.7286559937675905 
4.9  0.7285967511024167 
5.0  0.728539758123507 
