#mmax= 10
#m-states: all states (FBR)
#Nr. of sites: 5

0.0  0.0 0.0 0.0 NaN NaN 0.0 
0.1  0.00028 0.0006805908080766888 0.04632038480384803 0.20474377017126105 85.14476580918974 0.0 
0.2  0.0014 0.0013296608890919514 0.1767998079980799 0.06534190116154771 21.835305228905064 0.0 
0.3  0.00394 0.0019763308991255046 0.3905883822838226 0.027952300977355106 8.989913801372698 0.0 
0.4  -0.00382 0.002634753023574497 0.6941923495234953 -0.040050800469051934 4.51847901518684 0.0 
0.41  0.00122 0.002722583192593462 0.7412459240592406 -0.00337360248849459 4.049290984964049 0.0 
0.42  0.00092 0.00276724919598527 0.7657668112681124 -0.020584297938721244 3.991775572526394 0.0 
0.43  -0.0015 0.0028364163926651396 0.8045257952579524 0.0006933554277815469 3.7339670204517645 0.0 
0.44  -0.0021 0.002898075204061979 0.8398839888398882 -0.004662552492423852 3.5072953691100244 0.0 
0.45  -0.00302 0.0029631734002528443 0.8780396599966003 -0.0020966580634042406 3.161960785552611 0.0 
0.46  0.00158 0.0030163000541491513 0.9098066016660173 0.005632155349755411 3.089843745475883 0.0 
0.47  0.00652 0.003083840137993533 0.9510069996699971 -0.009533909936748271 2.9386227833759833 0.0 
0.48  -0.00686 0.003129349346473372 0.9792827332273322 -0.0337707324887132 2.7874528932805633 0.0 
0.49  0.00642 0.0031906252736566168 1.0180089636896361 0.04002755954349594 2.771618488902451 0.0 
0.5  -0.00186 0.003272013518420216 1.070607246472464 0.010809314365286028 2.491845609291955 0.0 
0.51  0.0021 0.0033270507349101135 1.1069266592665925 -0.014025216071087017 2.3452953356224615 0.0 
0.52  0.00274 0.003378466969557442 1.1414039064390644 -0.012876855922355237 2.172920311284103 0.0 
0.53  0.00632 0.003450292686308832 1.1904519621196217 0.016128800975309717 2.0260858230272447 0.0 
0.54  0.00032 0.0035053276379275154 1.2287321849218495 0.01064636889553417 2.0078541019493796 0.0 
0.55  -0.00212 0.0035572013708554543 1.2653681592815922 -0.016827861077352197 1.948973354175096 0.0 
0.56  -0.00136 0.0036279075403228256 1.3161713121131213 0.011079800728919365 1.8602500409733462 0.0 
0.57  0.0046 0.0036817283918343987 1.355512395123951 0.010755632386643704 1.727170899593383 0.0 
0.58  -0.00282 0.003747914212546686 1.4046860944609445 -0.0010790789477234538 1.5787321507246705 0.0 
0.59  -0.0038 0.003778994364640425 1.428079840798409 -0.0016172848141950324 1.538886359710527 0.0 
0.6  -0.00184 0.003839285551393052 1.4740113545135451 0.003652568588123525 1.4616973249766616 0.0 
0.7  -0.003 0.004337383788527514 1.8812898128981292 -0.007017885069547449 0.902282128443276 0.0 
0.8  0.00448 0.004731429293588949 2.2386423160231614 0.00023671457018932982 0.5587276853667817 0.0 
0.9  0.0078 0.005090898817744047 2.5917250772507736 0.01307518515236355 0.38645156012577386 0.0 
1.0  -0.00254 0.005348328853970677 2.8604621530215293 -0.011981374884342203 0.3025661060103708 0.0 
1.1  0.00234 0.005562432440088285 3.0940654650546517 0.001433175393871204 0.21940306463557668 0.0 
1.2  -0.00102 0.005754017786139249 3.3108720683206827 0.006661541186048689 0.16378359665533493 0.0 
1.3  0.00292 0.005919211527446122 3.503706510665106 0.005444753037373405 0.15675359802590494 0.0 
1.4  -0.0077 0.006071653460941056 3.6864975749757503 -0.0027637930734661226 0.07641713944171036 0.0 
1.5  -0.00284 0.00621381569239502 3.86115054590546 0.008026480340944595 0.09352907740281191 0.0 
1.6  -0.00012 0.006329012594394501 4.005640042000421 0.003173585155848941 0.09788062636631567 0.0 
1.7  0.0038 0.006450013304382888 4.160267162671626 0.013624882251743372 0.10995086899227546 0.0 
1.8  0.00658 0.006598454548757937 4.3539602432024305 0.0005694503084737471 0.09048888725161941 0.0 
1.9  -0.00736 0.006671664216298221 4.451110341503416 0.002372563469008085 0.06139556634288734 0.0 
2.0  -0.00348 0.006813130197158339 4.641874308343082 0.0014379614406282713 0.06005246561242439 0.0 
2.1  0.00376 0.00688821697533774 4.744753309933101 0.006540795939949811 0.06274808993935554 0.0 
2.2  0.00236 0.006982752458187169 4.875883189231894 -0.000189562641073622 0.07974556984235859 0.0 
2.3  0.00052 0.007082464183389074 5.016129890898907 -0.007219405481286249 0.06448827143066538 0.0 
2.4  0.00064 0.007180007759683432 5.155251142911429 0.007328718235725979 0.05785048491279765 0.0 
2.5  0.00578 0.007224886705400926 5.219898790587905 0.0023988099004163092 0.037681379411875326 0.0 
2.6  -0.00196 0.007374205406215219 5.437890537305376 -0.010058333178441535 0.0711005759913017 0.0 
2.7  0.01258 0.00742526556977512 5.513456878168783 0.0125076871620495 0.061480530615162454 0.0 
2.8  0.001 0.007498143251600509 5.622215222152225 0.0009071897056942106 0.0562624851550062 0.0 
2.9  0.0061 0.007578166149275288 5.7428602186021855 0.01429621666299409 0.06206970909687426 0.0 
3.0  -0.00558 0.007647684192403285 5.848707350673509 -0.008298250227123044 0.06122915673337381 0.0 
3.1  0.00806 0.0077323960234511185 5.978994826348267 0.01428142366320351 0.037532680465250934 0.0 
3.2  0.0062 0.00781272205996475 6.103862598625986 -0.007825672841219966 0.029323784067354364 0.0 
3.3  0.00386 0.00785519369873719 6.170406804468043 -0.011139159160454456 0.07925921121814694 0.0 
3.4  0.0088 0.00793285918837269 6.293025490254901 -0.0007230846215803218 0.03078843615381821 0.0 
3.5  -0.00596 0.00797236980895917 6.355868037080369 -0.005928689261670175 0.038845905529697244 0.0 
3.6  0.00752 0.008061518738850871 6.498808437684374 -0.001529067715116484 0.05965945864155309 0.0 
3.7  -0.01566 0.008099839734095806 6.560740371803721 -0.006665856739834228 0.04581452882118331 0.0 
3.8  0.01286 0.008191325727998602 6.709781718217181 -0.01259722325074155 0.0461079780707947 0.0 
3.9  0.0056 0.008238128735802245 6.786676506765068 0.0028000648839091873 0.06702678831829134 0.0 
4.0  -0.01482 0.008326037287027308 6.932289690496906 0.011061290000587467 0.04606895786503573 0.0 
4.1  0.01036 0.008379142486214684 7.021002880428801 -0.010663198683091993 0.04226140746765106 0.0 
4.2  -0.0275 0.008402282040221861 7.059834348343483 7.000033953206536e-6 0.04150193842820693 0.0 
4.3  0.0056 0.008474408802745213 7.181560455604557 0.010233779753796019 0.029167142667318124 0.0 
4.4  0.00062 0.008521474186502186 7.26155223112231 -0.001152228479556991 0.06309952974806121 0.0 
4.5  0.00868 0.008568826105354702 7.342478082380823 0.003233029646265484 0.04067690969208382 0.0 
4.6  0.0193 0.008622518111212396 7.43478185781858 -0.012714937285078321 0.04805538218242633 0.0 
4.7  0.02236 0.008685237742143066 7.543335463754638 0.007764762500227904 0.006223250344085329 0.0 
4.8  0.00928 0.008687133789630201 7.546629347893478 -0.008505896334239902 0.03659354469648024 0.0 
4.9  -0.0196 0.008764480963597651 7.681612656126561 -0.005147912818575449 0.05119824264423878 0.0 
5.0  -0.00404 0.008819422577819142 7.778221460614604 0.001874876629808999 0.027862341971948812 0.0 
