#mmax= 10
#m-states: all states (FBR)
#Nr. of sites: 5
 
0.0  0.0 
0.1  0.0024806555507253993 
0.2  0.009687774274154022 
0.3  0.02089569003407869 
0.4  0.03479275092282848 
0.41  0.036259949700657025 
0.42  0.03773318131087977 
0.43  0.03920812087627415 
0.44  0.04068438090702082 
0.45  0.04215912761549012 
0.46  0.04362906980148343 
0.47  0.04509311052609645 
0.48  0.04654795424770117 
0.49  0.04799156123607286 
0.5  0.04942227934933225 
0.51  0.05083700542058493 
0.52  0.05223465115619174 
0.53  0.05361183161075055 
0.54  0.05496851496339788 
0.55  0.05630205774425325 
0.56  0.057611087882619816 
0.57  0.05889411607935638 
0.58  0.06015025501544734 
0.59  0.0613783008921112 
0.6  0.06257761058087136 
0.7  0.07292583644376145 
0.8  0.08061751286627658 
0.9  0.08656504468341172 
1.0  0.09157757046885312 
1.1  0.0961232242113716 
1.2  0.10042353705986304 
1.3  0.10457404068839643 
1.4  0.10860998280344797 
1.5  0.11255079502525192 
1.6  0.11639843751906254 
1.7  0.12015878724001985 
1.8  0.12383362473060532 
1.9  0.12742508736027985 
2.0  0.13093634849380176 
2.1  0.13437011814888292 
2.2  0.13773005804612864 
2.3  0.14101958396752232 
2.4  0.14424213366697636 
2.5  0.14740054395320543 
2.6  0.15049850059628211 
2.7  0.15353944668647726 
2.8  0.15652479463511482 
2.9  0.15945676497365702 
3.0  0.16234241826444246 
3.1  0.16517731268426067 
3.2  0.16796810203712936 
3.3  0.170715242276624 
3.4  0.17342027340827854 
3.5  0.17608657320487486 
3.6  0.17871490292693656 
3.7  0.18130673769830324 
3.8  0.18386377065071746 
3.9  0.18638564333754282 
4.0  0.18888006444198333 
4.1  0.19134007375957532 
4.2  0.19376712254726286 
4.3  0.19617097653387255 
4.4  0.1985449788189543 
4.5  0.20089160129880188 
4.6  0.20321401602526545 
4.7  0.20550875555073106 
4.8  0.20777916035168761 
4.9  0.21002602070788906 
5.0  0.21224998714095666 
