#mmax= 10
#m-states: all states (FBR)
#Nr. of sites: 5
 
0.0  -2.7022479490861065e-14 
0.1  1.8915124501976457e-13 
0.2  -1.767586369499119e-12 
0.3  -1.4249819276195082e-10 
0.4  -3.439924614848755e-10 
0.41  -6.658461289447637e-11 
0.42  -1.7556723628469784e-11 
0.43  5.835306325789632e-13 
0.44  1.676203383954667e-10 
0.45  2.9331726459007234e-10 
0.46  6.809337355200939e-10 
0.47  3.4323109230482558e-9 
0.48  6.431375544133955e-9 
0.49  -4.595529209608581e-9 
0.5  3.4976600121145035e-9 
0.51  2.0570687914277742e-7 
0.52  2.710168998386238e-7 
0.53  5.031456469585081e-7 
0.54  2.0049384833597165e-7 
0.55  3.4195480292454585e-7 
0.56  1.9919141600730267e-7 
0.57  1.367957006035577e-7 
0.58  1.0996156382827231e-7 
0.59  8.400374180539728e-8 
0.6  4.294966252488622e-8 
0.7  1.0588192991765828e-7 
0.8  7.584737672095776e-8 
0.9  6.030747897624876e-8 
1.0  5.467595809094164e-8 
1.1  5.596860424817115e-8 
1.2  5.2487496350484815e-8 
1.3  5.1510018196554235e-8 
1.4  5.3539615532377e-8 
1.5  5.327101367686876e-8 
1.6  5.358592065045611e-8 
1.7  5.405333018690049e-8 
1.8  5.779781769711401e-8 
1.9  8.418511033529693e-8 
2.0  1.2669488817067632e-7 
2.1  1.3112725251634495e-7 
2.2  1.051559803110625e-7 
2.3  1.7978389825589373e-7 
2.4  -1.5507150418408397e-6 
2.5  1.9967778096354695e-7 
2.6  -1.1942966213162938e-6 
2.7  7.489102868924688e-7 
2.8  -8.198544342604919e-7 
2.9  -1.1409306970835363e-6 
3.0  -1.0645962113701621e-6 
3.1  -1.8956715803814578e-6 
3.2  -1.815356633608496e-6 
3.3  -1.615050509753573e-6 
3.4  -1.435925800603871e-6 
3.5  -1.2684141063546363e-6 
3.6  -1.1817514363870177e-6 
3.7  -1.1379465981664365e-6 
3.8  -1.0979025823534803e-6 
3.9  -1.0559217641650284e-6 
4.0  -9.8585481710659e-7 
4.1  -9.388436875119228e-7 
4.2  -9.355890501418566e-7 
4.3  -9.337249276680351e-7 
4.4  -3.1757042458134995e-7 
4.5  -8.211967486107765e-8 
4.6  7.520343110375726e-8 
4.7  1.9848263783556468e-7 
4.8  2.9163922790528635e-7 
4.9  3.618369358922644e-7 
5.0  4.173007735451699e-7 
