#mmax= 10
#m-states: all states (FBR)
#Nr. of sites: 5

0.0  -0.0  0.0
0.1  0.00010000500033334732  3.1624515982084405e-5
0.2  0.0014009809156281003  0.00011840509987389317
0.3  0.006772884287428762  0.0002606902394859693
0.4  0.02017209554116674  0.00045141035664051174
0.41  0.02212289952635119  0.00047296544504034295
0.42  0.02384197007847655  0.0004912097203448887
0.43  0.025789702345880152  0.0005111299559242837
0.44  0.02839945966240439  0.0005367200561280011
0.45  0.030892282315974826  0.0005601312836893018
0.46  0.03304999958286036  0.0005796754277736928
0.47  0.03522167420939851  0.0005987347144628758
0.48  0.03747309093590374  0.000617932725374379
0.49  0.040551090714152783  0.0006433103124815658
0.5  0.044443065497258676  0.0006741353289103249
0.51  0.0468803165858866  0.0006927883234847517
0.52  0.04889563811839972  0.00070788914676186
0.53  0.05316744838111434  0.0007389550949184046
0.54  0.05523745436724913  0.0007536021512424082
0.55  0.06005710836722444  0.0007867463031018463
0.56  0.06229000943371807  0.0008016931893145539
0.57  0.06653451933780481  0.0008294446716841896
0.58  0.06976636693177918  0.0008500383775408066
0.59  0.07299501138683911  0.0008701771046471572
0.6  0.0768687650985321  0.0008938656634299184
0.7  0.11416592463213403  0.001102642059187206
0.8  0.15084563068755913  0.0012759051854591323
0.9  0.18771312243143853  0.001436696529373465
1.0  0.2136515446775751  0.0015428968168208657
1.1  0.23791598830423086  0.0016396457132825829
1.2  0.2617401786150921  0.0017304477273953334
1.3  0.27552179196233234  0.001784796290814471
1.4  0.2978643820926147  0.001867282010087276
1.5  0.3107484635612181  0.0019148146420425484
1.6  0.3200927944076959  0.0019517858010213761
1.7  0.33370407390062046  0.0019979020350821015
1.8  0.3462599416702654  0.0020366418130672755
1.9  0.35938195765402264  0.0020878229341572247
2.0  0.3708348800453962  0.002144495943897561
2.1  0.37974513744849636  0.0021718695912297777
2.2  0.39064577656889327  0.002220376628524614
2.3  0.3987305602788217  0.0022327181924140993
2.4  0.4046920009357951  0.0022646198438690483
2.5  0.4120533946879943  0.0022777392729360245
2.6  0.4240679074763957  0.002337133976617189
2.7  0.42588247769372245  0.00235013476096622
2.8  0.43218767216413  0.0023754380310786294
2.9  0.441807047476713  0.002399030430585784
3.0  0.4418694296024519  0.0024427996789681415
3.1  0.45021551004573784  0.002456589880110062
3.2  0.4566834266231439  0.002469106843707827
3.3  0.4568658279715865  0.002509316848874985
3.4  0.46646396741391005  0.0025213818760851828
3.5  0.4662558575259586  0.0025313423199205707
3.6  0.4741960142507612  0.0025731116265934315
3.7  0.4780489669857305  0.002543841704894642
3.8  0.48199385667557576  0.002598559517979271
3.9  0.4852218892371935  0.0025854154813192056
4.0  0.4892251059841741  0.0026217909386549
4.1  0.4943242125719501  0.0026337247543446814
4.2  0.49532338990730357  0.002663572271900828
4.3  0.5018035718687497  0.002646527182224316
4.4  0.5002123289170871  0.002680795476555258
4.5  0.5092702773437225  0.00269533613207809
4.6  0.5047256213043082  0.002706043530920468
4.7  0.5098098211893842  0.0026922719571714237
4.8  0.5090034236386868  0.002706037771889828
4.9  0.5183765625214484  0.0027186681434698506
5.0  0.5199183848080933  0.002764569382727858
