#mmax= 10
#m-states: all states (FBR)
#Nr. of sites: 5

0.0  1.0  0.0
0.1  0.9999  3.16213535304862e-5
0.2  0.9986  0.00011823933273406973
0.3  0.99325  0.000258930580369439
0.4  0.98003  0.0004423956918184007
0.41  0.9781200171771758  0.00046261696922707084
0.42  0.9764400043032632  0.00047963682144736784
0.43  0.9745400115389661  0.0004981165931443627
0.44  0.9720000144432335  0.0005216919023083901
0.45  0.9695800083641394  0.0005430920947244894
0.46  0.9674901842740341  0.0005608302864358995
0.47  0.9653913901632357  0.0005780133383343037
0.48  0.963220336729872  0.0005952053678115168
0.49  0.9602601028836981  0.0006177452268496924
0.5  0.9565300581065516  0.0006448307053342723
0.51  0.9542015928609809  0.0006610597217846387
0.52  0.9522805062982987  0.0006741090350814548
0.53  0.9482212210795795  0.0007006929024265062
0.54  0.9462604276030361  0.000713103893877209
0.55  0.9417107524851158  0.0007408874531089227
0.56  0.9396103514081555  0.0007532792193333729
0.57  0.9356306179495213  0.0007760538307228161
0.58  0.9326116833839484  0.0007927557222192919
0.59  0.9296054674562949  0.0008089213941352858
0.6  0.9260113706436673  0.0008277297681640498
0.7  0.8921099205910001  0.000983677919861795
0.8  0.8599804430028143  0.0010972535066207326
0.9  0.8288524523053995  0.001190809441589853
1.0  0.8076297588847566  0.0012460893841530942
1.1  0.7882689121200904  0.0012924817426716313
1.2  0.7697109851034559  0.0013319446249234986
1.3  0.7591758879814308  0.00135497430894504
1.4  0.7424020159287125  0.001386273928596212
1.5  0.7328982032898743  0.0014033642107861275
1.6  0.7260816576301629  0.001417155869744616
1.7  0.7162657125862446  0.0014310287248355898
1.8  0.7073285990299919  0.0014405750003627787
1.9  0.6981076528597093  0.0014575251681511717
2.0  0.6901578909904974  0.0014800407978780167
2.1  0.6840357220879512  0.0014856363841177244
2.2  0.6766197881780475  0.0015023507640678114
2.3  0.6711715172593316  0.0014985368568150833
2.4  0.6671822707311652  0.0015109142097754086
2.5  0.6622889123981754  0.0015085214657994104
2.6  0.6543794431434243  0.001529372430170333
2.7  0.6531931023699016  0.0015350918155028722
2.8  0.6490875495885864  0.0015418672507923638
2.9  0.6428736675853055  0.0015422734915594377
3.0  0.642833565010195  0.0015703136262368502
3.1  0.6374907511557757  0.0015660533279530404
3.2  0.6333808198327769  0.0015638849169223837
3.3  0.6332653008528909  0.0015890632892380458
3.4  0.6272162086455239  0.0015814515808656863
3.5  0.6273467521236495  0.0015880293829153144
3.6  0.6223852442330581  0.0016014667081562742
3.7  0.6199918371072436  0.0015771610919276518
3.8  0.6175508555682809  0.0016047426535731983
3.9  0.6155605953387064  0.0015914798928787586
4.0  0.613101298687772  0.0016074234293771519
4.1  0.6099829868753819  0.0016065272922628
4.2  0.6093738100884454  0.0016231111837741443
4.3  0.6054377239675885  0.0016023073936242455
4.4  0.6064018893857923  0.001625639442039994
4.5  0.6009339339605094  0.0016197189451955898
4.6  0.6036711872188036  0.0016335605109765224
4.7  0.600609791207269  0.0016170048980699142
4.8  0.601094316805695  0.0016265839257445214
4.9  0.595486498777759  0.0016189301740934916
5.0  0.5945690718589257  0.0016437274519781055
