#mmax= 10
#m-states: all states (FBR)
#Nr. of sites: 5
 
0.0  0.0 
0.1  0.20126948310044893 
0.2  0.4104504213419053 
0.3  0.6363727698280228 
0.4  0.8875093764930445 
0.41  0.9141755081778492 
0.42  0.9411326362375579 
0.43  0.9683224897122592 
0.44  0.9957842419034988 
0.45  1.0234943196339135 
0.46  1.0513859918034218 
0.47  1.0795329598967827 
0.48  1.1078532668318104 
0.49  1.1363141527698877 
0.5  1.1648943787484027 
0.51  1.1936213935530995 
0.52  1.222423688708189 
0.53  1.2512426764409559 
0.54  1.2800638682730379 
0.55  1.3089081804726803 
0.56  1.337683221428875 
0.57  1.3664107864347121 
0.58  1.3949727922129649 
0.59  1.4233865601367215 
0.6  1.4515857019061544 
0.7  1.7166386766040715 
0.8  1.9373082365944236 
0.9  2.1107908280638172 
1.0  2.2456982931930685 
1.1  2.352345514685476 
1.2  2.438893749529727 
1.3  2.5110124574711783 
1.4  2.57251866437587 
1.5  2.625957787920062 
1.6  2.6731229305455475 
1.7  2.715240139622125 
1.8  2.7532707273032817 
1.9  2.787871622847076 
2.0  2.819582924154149 
2.1  2.8488058142950266 
2.2  2.875873248766197 
2.3  2.901050976796723 
2.4  2.9245625744542862 
2.5  2.9465891749380133 
2.6  2.9672864385109667 
2.7  2.986768698397717 
2.8  3.0051887593441267 
2.9  3.022648257163503 
3.0  3.0391676716636566 
3.1  3.0548910005599987 
3.2  3.0698586910704426 
3.3  3.0841313215522166 
3.4  3.0977664164424685 
3.5  3.11080193570846 
3.6  3.123285792625778 
3.7  3.1352548966087714 
3.8  3.146745411639655 
3.9  3.157800490982712 
4.0  3.168405283509267 
4.1  3.178633601572945 
4.2  3.188508045896291 
4.3  3.198006406246594 
4.4  3.2071899302770044 
4.5  3.216064174197357 
4.6  3.2246443172386 
4.7  3.2329507249109057 
4.8  3.2409935181477976 
4.9  3.24878884406984 
5.0  3.25634827081845 
