#mmax= 10
#m-states: all states (FBR)
#Nr. of sites: 5
 
0.0  0.0 
0.1  -0.09889341634478065 
0.2  -0.19103378674935176 
0.3  -0.26918154248321224 
0.4  -0.32559155010319063 
0.41  -0.32976005378347956 
0.42  -0.3336396483447782 
0.43  -0.337222189036453 
0.44  -0.3405092430411046 
0.45  -0.34349729818877767 
0.46  -0.3461910815316232 
0.47  -0.3485768494093374 
0.48  -0.3506633394776393 
0.49  -0.35245896545489497 
0.5  -0.35396806129435415 
0.51  -0.35517311000402924 
0.52  -0.3560998565034594 
0.53  -0.35675082802367974 
0.54  -0.3571410741173732 
0.55  -0.3572578150007668 
0.56  -0.35712668180027096 
0.57  -0.3567435691739692 
0.58  -0.3561415910142666 
0.59  -0.3553186956622689 
0.6  -0.35429594106675083 
0.7  -0.3355962331074158 
0.8  -0.3100969300774452 
0.9  -0.28572108691648374 
1.0  -0.26522290684348665 
1.1  -0.24865464455642655 
1.2  -0.23526497453129877 
1.3  -0.22427538777174388 
1.4  -0.21506036489867464 
1.5  -0.2071896628791829 
1.6  -0.20033180743944154 
1.7  -0.19427530974240148 
1.8  -0.1888444461444899 
1.9  -0.18392783286935838 
2.0  -0.17943377787516668 
2.1  -0.17529767498729532 
2.2  -0.1714671612129652 
2.3  -0.1679018595935827 
2.4  -0.16456809796194063 
2.5  -0.16143934830977727 
2.6  -0.1584940496741824 
2.7  -0.15571935340969423 
2.8  -0.15308657254512503 
2.9  -0.15058066754104837 
3.0  -0.1482142106969627 
3.1  -0.1459496259129934 
3.2  -0.14379032861788624 
3.3  -0.141726388671814 
3.4  -0.1397490288274492 
3.5  -0.1378561300612967 
3.6  -0.13603953674004876 
3.7  -0.13429444987935066 
3.8  -0.13261596924747382 
3.9  -0.1309950228189951 
4.0  -0.12944570045179787 
4.1  -0.12794382930498738 
4.2  -0.12648695553436742 
4.3  -0.12509181194890104 
4.4  -0.12373749016823588 
4.5  -0.12242658357696531 
4.6  -0.12115877792710375 
4.7  -0.11992782328511382 
4.8  -0.11873469825375484 
4.9  -0.11757674155565492 
5.0  -0.11645248860937642 
