#mmax= 10
#m-states: all states (FBR)
#Nr. of sites: 22
 
0.0  10.999999999999973 0.022727272727272374 
0.1  9.991387902541964 0.018613419163237 
0.2  9.078984504666902 0.014997550331110276 
0.3  8.260978217689928 0.011932952104802608 
0.4  7.536967336573957 0.009622457259554573 
0.41  7.4689145323293324 0.009444880624431051 
0.42  7.401390082381998 0.009283172586265764 
0.43  7.334471626771332 0.009129577194747496 
0.44  7.26801525166234 0.008992042418139223 
0.45  7.202058260199589 0.00887261151372043 
0.46  7.136503311800707 0.008769258855845119 
0.47  7.0713421859382 0.008687417488176585 
0.48  7.006726179842927 0.008631841675728613 
0.49  6.942699792980845 0.008594681338041976 
0.5  6.879577911838313 0.008579795678348323 
0.51  6.817704010765016 0.008582676457241978 
0.52  6.757490398023033 0.008599171106947856 
0.53  6.69937134090087 0.008623108065284435 
0.54  6.643504405944332 0.008650168996213292 
0.55  6.590022912279714 0.008675730994047393 
0.56  6.538800773230289 0.008697728071470068 
0.57  6.4897993319093406 0.008714031380814502 
0.58  6.442723025181322 0.008725558473294814 
0.59  6.397415248810816 0.00873240210874393 
0.6  6.353781471007395 0.008734317210934539 
0.7  5.980577615116695 0.00864490609127988 
0.8  5.682975187139861 0.008489428618288941 
0.9  5.433861655133583 0.008328430768796524 
1.0  5.219520510005931 0.008175251794510174 
1.1  5.031634977679642 0.008028144238947377 
1.2  4.864633824893473 0.007881278680269888 
1.3  4.714643257372226 0.007742187205850515 
1.4  4.578761557376512 0.007609717711304809 
1.5  4.454819244265515 0.007486607230896669 
1.6  4.341046130442002 0.007367174623269301 
1.7  4.236080089005044 0.0072540228389913475 
1.8  4.138811828697849 0.007147260060568095 
1.9  4.048300791709462 0.0070451568283967925 
2.0  3.963786527839011 0.006949550344759303 
2.1  3.8846230018909322 0.006857041983808099 
2.2  3.810228242511461 0.006768503705624651 
2.3  3.7401663876929265 0.0066838747418033195 
2.4  3.674003754027319 0.006602732761819885 
2.5  3.6113821483829582 0.006524947113765722 
2.6  3.551994820199853 0.006450214575125401 
2.7  3.495569126455418 0.006378099739450138 
2.8  3.4418595104342065 0.006308607245517739 
2.9  3.3906518735638067 0.006241510820981344 
3.0  3.3417582186975165 0.006176798772245196 
3.1  3.29500358691928 0.006114265112883377 
3.2  3.2502333341959004 0.006054072974409741 
3.3  3.207314929725815 0.005995616268957837 
3.4  3.1661112564983465 0.005937490204624085 
3.5  3.1265149642218417 0.00588149001375049 
3.6  3.0884237112091424 0.00582819374972543 
3.7  3.0517458573081626 0.005777617375755217 
3.8  3.0163896529327325 0.005727380710412011 
3.9  2.9822797123726694 0.00567956083244292 
4.0  2.94935621865198 0.005632248678586138 
4.1  2.9175227234720325 0.005586014218248669 
4.2  2.8867322026870617 0.005540974677319954 
4.3  2.8569308238025495 0.00549707974777458 
4.4  2.8280622836373017 0.005454357040675761 
4.5  2.8000850598398297 0.005412730222313811 
4.6  2.7729490966339547 0.005372130910226036 
4.7  2.746610501217003 0.0053324554733599205 
4.8  2.721035987820124 0.005293804776342892 
4.9  2.6961823993771565 0.005257040090688725 
5.0  2.6720190713697667 0.005219207851901664 
