#mmax= 10
#m-states: all states (FBR)
#Nr. of sites: 22
 
0.0  11.000000000000034 0.02272727272727426 
0.1  13.513532550496787 0.033231778324891326 
0.2  17.398801434748414 0.05063710016520584 
0.3  24.43263180272098 0.08570543087948956 
0.4  41.883509856369415 0.18574559077892216 
0.41  45.15093817081913 0.2046814434668639 
0.42  48.92366207824221 0.22626506540816316 
0.43  53.316017714545566 0.2506381275283981 
0.44  58.47067086373603 0.2780386592187296 
0.45  64.48432263380214 0.3081767913720219 
0.46  71.54126543880648 0.34095006960420826 
0.47  79.76530102889657 0.3757506275559105 
0.48  89.1508499894295 0.4112028187144786 
0.49  99.6850747464003 0.44627506765157565 
0.5  111.13239325588032 0.47942671697292105 
0.51  123.14722605462336 0.5094675028689619 
0.52  135.2358531591658 0.5355070357754244 
0.53  146.86469539231453 0.5571097243644936 
0.54  157.7983956763743 0.5747470965706106 
0.55  167.74426538686873 0.5887320726367982 
0.56  176.6707371775479 0.5997464445653017 
0.57  184.5959484329676 0.6083638197606769 
0.58  191.70046805560474 0.6152382596914767 
0.59  198.0500145844584 0.6207200093157389 
0.6  203.7416923969332 0.6251246285715276 
0.7  241.58367415026882 0.6449198020699545 
0.8  264.0432321091398 0.6515525268862523 
0.9  280.05060441670497 0.6549569105666228 
1.0  292.44647093413647 0.6570545278280117 
1.1  302.52616673294494 0.6584883948537 
1.2  310.9972356396654 0.6595376959351936 
1.3  318.2792623956192 0.6603422489210398 
1.4  324.65038954377394 0.660981176019893 
1.5  330.2955009108038 0.6615016225240481 
1.6  335.35308217324655 0.6619346570281375 
1.7  339.9236531022352 0.6623010077353324 
1.8  344.0826737779522 0.6626150154762331 
1.9  347.89197085360513 0.6628873944153137 
2.0  351.39892939320305 0.6631259576976659 
2.1  354.6411322933412 0.6633364939220592 
2.2  357.6553611054754 0.6635240669170248 
2.3  360.4626925984127 0.6636918375952594 
2.4  363.088783199468 0.6638429869174394 
2.5  365.55333261987903 0.6639799280981153 
2.6  367.87126224350004 0.6641044671927515 
2.7  370.0567792936621 0.6642182100028494 
2.8  372.1225534774003 0.6643225269064695 
2.9  374.0789137750022 0.6644185126736728 
3.0  375.935153841607 0.6645071151181072 
3.1  377.69996104499984 0.6645891725797812 
3.2  379.38060871713583 0.6646653859688129 
3.3  380.9830789694805 0.6647363018934074 
3.4  382.5141490011677 0.6648025027563764 
3.5  383.97836968286316 0.6648644106558785 
3.6  385.3806493249881 0.6649224354802481 
3.7  386.72530067141935 0.6649769332789024 
3.8  388.0160738431975 0.6650281994515596 
3.9  389.2566517841346 0.6650765259654619 
4.0  390.4484041139789 0.6651220536443792 
4.1  391.5977593320422 0.6651651935785385 
4.2  392.7056949343711 0.6652060488095024 
4.3  393.77452632535824 0.6652447887931359 
4.4  394.80674997029735 0.6652815839266133 
4.5  395.8038650111146 0.6653165490623644 
4.6  396.76825077930016 0.6653498359919863 
4.7  397.7017410656259 0.6653815658812854 
4.8  398.60541211051077 0.6654118178646486 
4.9  399.48129342787956 0.6654407161116143 
5.0  400.3308464038355 0.6654683473596926 
