#mmax= 10
#m-states: all states (FBR)
#Nr. of sites: 22
 
0.0  3.541039548720409e-23 
0.1  0.025764719192660716 
0.2  0.05640179650972018 
0.3  0.09843571358749853 
0.4  0.1637250176479882 
0.41  0.17240072924998126 
0.42  0.18162766074562106 
0.43  0.19145854450650138 
0.44  0.20196810000346646 
0.45  0.21318884102933847 
0.46  0.22520376387822033 
0.47  0.238052997673725 
0.48  0.2516771953886966 
0.49  0.2660164043411873 
0.5  0.28085523962017217 
0.51  0.29590883989762173 
0.52  0.3108004306263102 
0.53  0.3251317578848686 
0.54  0.3387251110645076 
0.55  0.35136856408487915 
0.56  0.36304350269366636 
0.57  0.37376794231469085 
0.58  0.38368940148209 
0.59  0.3928641153778772 
0.6  0.40137335389135825 
0.7  0.4647770763633209 
0.8  0.5075107003354514 
0.9  0.5398151202338999 
1.0  0.565692376141064 
1.1  0.5871956211063546 
1.2  0.6055346524401172 
1.3  0.621467922108036 
1.4  0.635517231488635 
1.5  0.6480420265573491 
1.6  0.6593158278886927 
1.7  0.669542543355813 
1.8  0.6788777339839559 
1.9  0.6874496772339602 
2.0  0.695358294255325 
2.1  0.7026840117829087 
2.2  0.7095043428002779 
2.3  0.7158661981228855 
2.4  0.7218243569375485 
2.5  0.7274215225117389 
2.6  0.7326907249802009 
2.7  0.7376632311129213 
2.8  0.742366780187315 
2.9  0.7468242735258636 
3.0  0.7510564082569167 
3.1  0.7550823594937625 
3.2  0.7589182495105552 
3.3  0.7625777575465837 
3.4  0.7660756734190506 
3.5  0.7694222300049885 
3.6  0.7726283872283481 
3.7  0.7757039170821104 
3.8  0.7786572757578691 
3.9  0.7814966476949469 
4.0  0.7842257005172826 
4.1  0.786857847696211 
4.2  0.7893957327823287 
4.3  0.7918447252277516 
4.4  0.7942102752038208 
4.5  0.7964960938882393 
4.6  0.7987073370163786 
4.7  0.8008480595555469 
4.8  0.8029209727472497 
4.9  0.8049302621682448 
5.0  0.8068796542344467 
