#mmax= 10
#m-states: all states (FBR)
#Nr. of sites: 22
 
0.0 2.842170943040401e-14
0.1 -0.13157179109137268
0.2 -0.530402588578057
0.3 -1.2109683426195432
0.4 -2.2071507540810416
0.41 -2.3265925142951014
0.42 -2.4500577658328466
0.43 -2.5776927686065245
0.44 -2.7096600557163795
0.45 -2.8461395490392976
0.46 -2.987328303490797
0.47 -3.133433499071944
0.48 -3.284663123403098
0.49 -3.4412031734672723
0.5 -3.6031906696303935
0.51 -3.770680208833388
0.52 -3.9436179412149084
0.53 -4.121836311419692
0.54 -4.305073471080218
0.55 -4.493006946835592
0.56 -4.685292200411141
0.57 -4.881593891268011
0.58 -5.081602059578915
0.59 -5.285041249022889
0.6 -5.491669901737185
0.7 -7.6977920506868145
0.8 -10.09200466681942
0.9 -12.620950030027188
1.0 -15.254471440598678
1.1 -17.97304287750174
1.2 -20.762993583541743
1.3 -23.61421686090172
1.4 -26.518936665267617
1.5 -29.47098453807
1.6 -32.465353201185096
1.7 -35.497891839872
1.8 -38.565113440348355
1.9 -41.6640444782978
2.0 -44.79212407887785
2.1 -47.947126144868975
2.2 -51.12709861265134
2.3 -54.33031786313485
2.4 -57.555252406712796
2.5 -60.800532359686294
2.6 -64.0649294824489
2.7 -67.34733560206968
2.8 -70.64674410518998
2.9 -73.96224044884869
3.0 -77.29298936876536
3.1 -80.63822594660259
3.2 -83.99724563728074
3.3 -87.3694042416342
3.4 -90.7541019286187
3.5 -94.15078430471112
3.6 -97.55893757294953
3.7 -100.97808265828192
3.8 -104.40777410703721
3.9 -107.84759506470483
4.0 -111.29715546679064
4.1 -114.75609011309976
4.2 -118.22405614157891
4.3 -121.70073028701809
4.4 -125.18580899666517
4.5 -128.67900553315928
4.6 -132.18004956320192
4.7 -135.68868504269847
4.8 -139.20466956585284
4.9 -142.72777369488108
5.0 -146.25777949920518
