#mmax= 10
#m-states: all states (FBR)
#Nr. of sites: 22
 
0.0  0.0 
0.1  0.02297526095308644 
0.2  0.07702430427642787 
0.3  0.1600541259646236 
0.4  0.2916589920619426 
0.41  0.3103799050820432 
0.42  0.33089475949871494 
0.43  0.3535558417199681 
0.44  0.3788553881856645 
0.45  0.40704186355193367 
0.46  0.43864225447409394 
0.47  0.4738294940667344 
0.48  0.511963764537681 
0.49  0.5522467061777385 
0.5  0.5927622405730262 
0.51  0.6312728802269304 
0.52  0.6653716540123105 
0.53  0.6932120988919638 
0.54  0.7147298659538734 
0.55  0.7300437942647865 
0.56  0.7402752426318501 
0.57  0.7465786156414989 
0.58  0.7502231127126221 
0.59  0.7519854385721928 
0.6  0.7525135164705382 
0.7  0.7441551712659144 
0.8  0.7384772031635938 
0.9  0.7354698754433523 
1.0  0.733635840325874 
1.1  0.7323920451736222 
1.2  0.7314822025340416 
1.3  0.7307817776912945 
1.4  0.7302217068262141 
1.5  0.729758867975474 
1.6  0.7293669427126706 
1.7  0.729031244238721 
1.8  0.7287385239061173 
1.9  0.7284800658287224 
2.0  0.7282488911363313 
2.1  0.7280435929851253 
2.2  0.7278571505223898 
2.3  0.7276886531154262 
2.4  0.7275350509308482 
2.5  0.727391603542303 
2.6  0.7272596114142327 
2.7  0.727137926070836 
2.8  0.7270249501802253 
2.9  0.7269199862543916 
3.0  0.7268224085433486 
3.1  0.7267308935474737 
3.2  0.7266444210888203 
3.3  0.7265629712000651 
3.4  0.726486472589361 
3.5  0.7264141321483938 
3.6  0.726345624746778 
3.7  0.7262806202392721 
3.8  0.7262189829889345 
3.9  0.7261602327520029 
4.0  0.7261045292119143 
4.1  0.72605105591732 
4.2  0.725999986038891 
4.3  0.7259511088972402 
4.4  0.7259043077982561 
4.5  0.7258593896344074 
4.6  0.725816246525731 
4.7  0.7257748121143655 
4.8  0.7257350013901586 
4.9  0.725696641925746 
5.0  0.7256597027547397 
