0.0  -0.0  0.0
0.1  0.006028110295583413  0.0002458932243264884
0.2  0.026480965078832207  0.0005236426951302739
0.3  0.0666763845052946  0.0008337707700500912
0.4  0.14812484578839075  0.0012725151024087769
0.41  0.16380496851147164  0.001339684491817633
0.42  0.17985713692160266  0.0014114448907049943
0.43  0.19557711407031267  0.0014787483661170696
0.44  0.21470469156929506  0.0015550957252427197
0.45  0.24041263702219642  0.0016613331008966225
0.46  0.26691602664425357  0.0017717159033692306
0.47  0.3031656924136831  0.001900100700536586
0.48  0.3444574733731723  0.002050909004716667
0.49  0.38946419746385136  0.002209777067235126
0.5  0.43226026126136907  0.0023662751959480292
0.51  0.4883603992527343  0.002554080526154315
0.52  0.5349072803810783  0.002714296683883022
0.53  0.5790652441426944  0.002855881606072365
0.54  0.6134648713309948  0.002973832072808877
0.55  0.64818627971676  0.0030882655723217392
0.56  0.6690371760783067  0.0031559676752355523
0.57  0.6800036272905319  0.003188334739903514
0.58  0.6875122898720359  0.0032076117662317685
0.59  0.7021907466796956  0.003260968713698399
0.6  0.7058175723379794  0.003270391843553465
0.7  0.7001207386016124  0.00323657040261003
0.8  0.7037459310191623  0.003240401486311324
0.9  0.7147271750237263  0.0032679337389555484
1.0  0.7060737322745653  0.0032417441052524855
1.1  0.7006879432586557  0.003227597690755403
1.2  0.7066365237712957  0.00324110239036451
1.3  0.7075754224103414  0.003242723301624712
1.4  0.7052842807723307  0.003235016106671584
1.5  0.7053229534993266  0.00324004589118066
1.6  0.7045889312711733  0.003234164806274723
1.7  0.7084784260561947  0.003245657108419636
1.8  0.7044447535279502  0.0032339916594889616
1.9  0.7090587009702035  0.003246549369420001
2.0  0.7045589752843578  0.00323532624735869
2.1  0.7030061112573944  0.0032278417609462344
2.2  0.7045987560770246  0.003234227020759084
2.3  0.7038096208842768  0.003229335247638728
2.4  0.7091153510569571  0.0032476364013385014
2.5  0.7011341437912639  0.003224391328532726
2.6  0.7015739870824094  0.0032193188192577793
2.7  0.6940865653765672  0.003200953985749975
2.8  0.7028018519316512  0.003228507678736815
2.9  0.7072293624194874  0.0032430455930966906
3.0  0.7029595788824463  0.003227499561981474
3.1  0.7062965218318702  0.003234605166892539
3.2  0.7012723664186086  0.003221296946228495
3.3  0.7053702574005415  0.0032399497843727198
3.4  0.6966268080079933  0.0032018625081326984
3.5  0.7080318485518031  0.003243577695829415
3.6  0.7019528748881256  0.003227131966906291
3.7  0.6986394845282909  0.003211994449784614
3.8  0.7088227725045328  0.003243038152770369
3.9  0.7071059034224298  0.0032392816899449953
4.0  0.7031138144331575  0.0032252006011897353
4.1  0.7041543406245  0.003230949329971361
4.2  0.7078446652621706  0.0032439333910935053
4.3  0.7026416351896192  0.0032253986198430224
4.4  0.7043392421965019  0.0032299786983629236
4.5  0.7069770823006274  0.003234949418588683
4.6  0.7080977656521622  0.00324253687954934
4.7  0.7052377154050865  0.0032328114091407403
4.8  0.7057753416131731  0.0032343698249214315
4.9  0.7073004761064838  0.003237144422012971
5.0  0.7050555974910422  0.003228019332370094
0.0  -0.0  0.0
0.1  0.006611814156302618  0.0002575613045769751
0.2  0.025875636141732102  0.0005119582697703115
0.3  0.06762944955302394  0.0008419370081316895
0.4  0.14779990956938813  0.0012684279957531936
0.41  0.16400692440154177  0.0013414171145853656
0.42  0.1777207937839556  0.001404596822096481
0.43  0.197434719920892  0.0014864994910560988
0.44  0.21823556347005393  0.0015821206475486347
0.45  0.2413738052659374  0.001664330095170155
0.46  0.27174293368342717  0.0017862467972854686
0.47  0.30255520104948624  0.0019006626911523378
0.48  0.34365084598599915  0.0020481150528880708
0.49  0.3884870706149459  0.0022134224237809193
0.5  0.4363480662024713  0.0023729742505255924
0.51  0.48486295378586947  0.002540773821426315
0.52  0.5327200452870202  0.002709705378480039
0.53  0.5751561910531522  0.002860574364696007
0.54  0.6159230668001422  0.0029803705392081855
0.55  0.6480545110658675  0.00307341288181719
0.56  0.6700901315487064  0.003147543068372653
0.57  0.6848896609001699  0.003208945862029741
0.58  0.69310398206402  0.0032278499569936866
0.59  0.7008288876240709  0.003254580427938794
0.6  0.7075550250113155  0.0032691709510967
0.7  0.7094725031630079  0.0032662784216756107
0.8  0.7048855166238601  0.0032436785016032375
0.9  0.7051214023139497  0.0032378830197424082
1.0  0.6997788786179115  0.0032238852065818524
1.1  0.7042834408035241  0.003234782863729907
1.2  0.7052538964855352  0.003243065784711181
1.3  0.7066667777017029  0.003238759510119861
1.4  0.7040523529723081  0.0032287155015789347
1.5  0.7027564753574584  0.0032343374579099815
1.6  0.7039058158539084  0.00323205691130851
1.7  0.703223533600411  0.0032344163629842823
1.8  0.7034283330875628  0.0032304553528040717
1.9  0.7045102673613902  0.003230220867281306
2.0  0.7021880560679613  0.0032261429810919403
2.1  0.6996081680466673  0.003215304879743117
2.2  0.703635227345234  0.0032297830780493096
2.3  0.7045955210444215  0.0032351293306630896
2.4  0.7009618700783288  0.0032220666110819598
2.5  0.7061971510740541  0.0032367602527970255
2.6  0.7055866654311619  0.003234205350143282
2.7  0.703464135561744  0.0032265864138718895
2.8  0.701726880219525  0.003223689689691647
2.9  0.7013541867298387  0.00322194299149532
3.0  0.7023673007487016  0.003230350843699037
3.1  0.7012813440715188  0.0032223448186414036
3.2  0.7041385182972398  0.003230264279947348
3.3  0.7116104626364944  0.00325334502702112
3.4  0.6990754852837509  0.0032157001893380237
3.5  0.6990469043744885  0.0032121138989702823
3.6  0.7037689895695963  0.003223489792027567
3.7  0.7001015469075326  0.003218760812165759
3.8  0.7077127059503269  0.0032405734050859206
3.9  0.7047585347304778  0.003230970697598085
4.0  0.7057956572446128  0.003236071309801921
4.1  0.6993197593063812  0.0032099197758294266
4.2  0.7083910283409394  0.003240860326272717
4.3  0.703679705831466  0.003226084552361563
4.4  0.6963825666444343  0.0032072613090280847
4.5  0.7041978079919577  0.0032314252833415885
4.6  0.7053205112486803  0.003232038651334149
4.7  0.6978704812023122  0.003207565090919425
4.8  0.6991308743728906  0.0032136701915894206
4.9  0.7059313585354413  0.0032347419899615747
5.0  0.7051085236712105  0.0032289716783764954
