#mmax= 10
#m-states: all states (FBR)
#Nr. of sites: 22
 
0.0  -0.0 
0.1  0.006345540501993101 
0.2  0.026700898784481383 
0.3  0.0667906442555926 
0.4  0.14952366077799528 
0.41  0.16315384296689778 
0.42  0.17862425161052337 
0.43  0.19636741954288123 
0.44  0.21698992564040345 
0.45  0.24105068051366269 
0.46  0.26943557975165794 
0.47  0.30295390700069436 
0.48  0.3418547195845817 
0.49  0.38622814020813995 
0.5  0.43480946211945454 
0.51  0.4853314151465113 
0.52  0.5344023196346556 
0.53  0.5783699857814177 
0.54  0.6155395339032804 
0.55  0.6446013077761304 
0.56  0.6661407458782298 
0.57  0.6812821823269071 
0.58  0.6917486838360195 
0.59  0.6986687609705678 
0.6  0.7030866649392835 
0.7  0.708833721661995 
0.8  0.7071978752022156 
0.9  0.7062801150332535 
1.0  0.7057304477096005 
1.1  0.7053587092958975 
1.2  0.7050818684371728 
1.3  0.7048688729872759 
1.4  0.7046999311481034 
1.5  0.7045605531245044 
1.6  0.7044378577925099 
1.7  0.7043353589282771 
1.8  0.7042443617828499 
1.9  0.7041633290611706 
2.0  0.7040888963286421 
2.1  0.7040259321493041 
2.2  0.7039678709629064 
2.3  0.7039164169435318 
2.4  0.7038704029280786 
2.5  0.7038246702343497 
2.6  0.7037821706879658 
2.7  0.7037436087510491 
2.8  0.703707791764134 
2.9  0.7036749240593633 
3.0  0.7036454272310106 
3.1  0.703617454382973 
3.2  0.7035911196111871 
3.3  0.7035654054771403 
3.4  0.7035417980557755 
3.5  0.7035194490920584 
3.6  0.7034983105455784 
3.7  0.7034782151856439 
3.8  0.7034594111984571 
3.9  0.7034413393294738 
4.0  0.7034242786904267 
4.1  0.703407811504404 
4.2  0.7033921163684888 
4.3  0.7033770784682265 
4.4  0.70336269858158 
4.5  0.7033488664167878 
4.6  0.7033355866212858 
4.7  0.7033228094542817 
4.8  0.7033105776080719 
4.9  0.7032987508844636 
5.0  0.7032873753553199 
