#mmax= 10
#m-states: all states (FBR)
#Nr. of sites: 22

0.0  0.0 0.0 0.0 NaN NaN 0.0 
0.1  -0.00022 0.0015513940776720283 0.24068235842358437 -0.022368321415249418 17.199231030533554 0.0 
0.2  -0.00208 0.0030711644463477634 0.9432051056510564 -0.040910290891260116 3.8627918821564995 0.0 
0.3  0.00186 0.004620798515601953 2.1351778921789215 0.01995104330744462 1.58005276722188 0.0 
0.4  0.0 0.006230472549324158 3.881878818788188 -0.0011924450964912671 0.7238984005637534 0.0 
0.41  0.00316 0.006400149198502925 4.096190976309764 -3.2753668015337887e-5 0.6679679335808322 0.0 
0.42  0.00922 0.006577597020479869 4.326478256382565 -0.0067462865650788064 0.6592139583433285 0.0 
0.43  -0.0102 0.006759660977457768 4.569301653016531 0.005616812116867783 0.6451298669306689 0.0 
0.44  0.00298 0.006908081384283492 4.772158841188412 0.01431758466382955 0.5590588886261187 0.0 
0.45  -0.00772 0.007110774194635664 5.056310964709647 0.00011112563487440507 0.5304766331610589 0.0 
0.46  -0.00012 0.007297378458962078 5.325173237332375 0.00656206454827959 0.4840715408818905 0.0 
0.47  -0.00208 0.007482440551395383 5.598691660516605 -0.004404297476053608 0.44056429298643884 0.0 
0.48  -0.00434 0.007662793147931652 5.871839882798828 0.014543538233094767 0.4099113296371346 0.0 
0.49  -0.0013 0.007859122136600729 6.176580075800761 -0.0020841071367953597 0.4237268436934918 0.0 
0.5  -0.01892 0.008096732421585824 6.555707590675904 -0.006933248923607133 0.3021735688251126 0.0 
0.51  0.00144 0.008285883526978774 6.865586582265819 -0.010880967089892005 0.30757036978277164 0.0 
0.52  0.00878 0.00841928369633543 7.088433795937959 0.0027517870822237303 0.2603550646813555 0.0 
0.53  0.00198 0.008657361624369338 7.49499102951029 -0.0040528760607988655 0.22196804422233107 0.0 
0.54  -0.01174 0.008827944327532344 7.793260105001049 -0.005846869815871675 0.23331427945359362 0.0 
0.55  0.00044 0.008984876479064886 8.072800534405342 0.00685296549334767 0.2299139710209941 0.0 
0.56  -0.00198 0.009103866738913523 8.288038959989594 0.0028579360225064175 0.16861232737350518 0.0 
0.57  -0.0065 0.009260973769337195 8.576563515635156 -0.011939379329386754 0.16048781816132918 0.0 
0.58  0.01056 0.009415804343640238 8.865737143771437 -0.005548401258666623 0.14979958081678513 0.0 
0.59  0.00806 0.00951394006259001 9.05150555145552 -0.004438347550978489 0.13896506957054156 0.0 
0.6  -0.0031 0.009588056278945805 9.193082320823208 0.0014169520510287808 0.10640431472874345 0.0 
0.7  -0.0121 0.01052783188754658 11.083524425244258 0.0004989258950314946 0.08468910828452758 0.0 
0.8  0.01463 0.011119963856369392 12.365359616696166 -0.00042968565305697543 0.032920296037938 0.0 
0.9  0.0333 0.011669219031568824 13.617067280672805 0.00540104294774857 0.01773658908760911 0.0 
1.0  0.00466 0.01215200640045073 14.76712595565955 -0.008553906848521182 0.04951664809347234 0.0 
1.1  0.01428 0.012552654560186267 15.75691365073651 -0.0033329392324924017 0.0347374868389001 0.0 
1.2  -0.01998 0.012887345298108855 16.60836688326884 -0.00783315223705753 0.037980923378594156 0.0 
1.3  0.00176 0.01326014054741779 17.583132733727336 0.0035888493291675603 0.0024651610709431893 0.0 
1.4  0.01599 0.013540272397140535 18.333897658876587 -0.00563027037650741 -0.003020924703458938 0.0 
1.5  0.00906 0.01387062735088183 19.23943031070311 0.007673545102793357 0.0293750128950534 0.0 
1.6  0.00042 0.014162768234919357 20.058400407604076 -0.007935502595867823 0.014458519006947057 0.0 
1.7  -0.0083 0.014386444341733922 20.6969780797808 -0.0038005540841658638 0.03343310297759006 0.0 
1.8  0.00036 0.014601031833583062 21.319013060530597 -0.006943798737786038 0.017164696361757326 0.0 
1.9  -0.00853 0.014886422956737613 22.16055884468846 -0.01013931873290708 0.0084150070945741 0.0 
2.0  0.01788 0.01513773743222367 22.915109456694566 0.0005874620884293948 0.0030014913772946628 0.0 
2.1  -0.0192 0.015303001516648759 23.418185541855422 0.009035311568315487 0.0137153472421212 0.0 
2.2  0.01818 0.015548025993261105 24.1741112287123 -0.006951372850142703 0.004441396219328375 0.0 
2.3  0.00919 0.015746927798664444 24.796573509635103 -0.00035120693057275954 0.009965878059211342 0.0 
2.4  0.02255 0.015918088730450284 25.338554883048833 0.006849635674934331 -0.0031699923551147258 0.0 
2.5  0.01108 0.016170658219066793 26.14901872378724 0.00039677211129998506 -0.030962624810055406 0.0 
2.6  -0.01057 0.016254452461502606 26.420722482324816 -0.0037399375250924925 0.01638635138166178 0.0 
2.7  0.03011 0.01645353886154619 27.071894106841064 0.0006858339664848343 -0.011130096653850341 0.0 
2.8  -0.00959 0.01672094423825288 27.958997621876218 0.003945108119500777 0.03074294829772617 0.0 
2.9  -0.00513 0.01676013859887377 28.090224585345844 -2.4756294090439164e-5 0.022839625152574428 0.0 
3.0  0.0002 0.017000890856155127 28.9030289902899 -0.013079153752702103 0.031659742025798465 0.0 
3.1  0.01958 0.017148886467612725 29.408430707907083 -0.009076611510319263 0.0010509990052356422 0.0 
3.2  -0.01901 0.017247071079276276 29.746146081360816 -0.006258508284812446 0.018657647527081878 0.0 
3.3  -0.00809 0.01742224098283021 30.353448086380855 -0.012023552715242745 0.004406224040545137 0.0 
3.4  0.01335 0.017545227160825287 30.78349961249613 -0.0004550487285626049 0.01727023010067752 0.0 
3.5  0.0242 0.017706938723471927 31.353567895678964 -0.0062024637428193035 0.02038117671286077 0.0 
3.6  0.02391 0.01792306880762764 32.12363954829548 0.006911920044739207 0.004253567114139045 0.0 
3.7  0.00576 0.01803473095832614 32.52515207392073 0.0011948341520070154 0.012124502967372663 0.0 
3.8  -0.01245 0.01815129319551218 32.94694446694468 0.007798858885776665 -0.003917884267867322 0.0 
3.9  0.04974 0.0182998089649614 33.48830081540816 0.0012549752849256674 -0.018482574329102608 0.0 
4.0  -0.01143 0.018380118928851316 33.78287718387185 0.001188748255461206 0.004040731218937221 0.0 
4.1  -0.0131 0.018583711616449883 34.53543374433744 -0.009845580125437813 0.02653661480460867 0.0 
4.2  0.03778 0.01858928138282444 34.556138232982335 0.0008397070746226774 -0.01552633083248045 0.0 
4.3  0.01494 0.01877617355615712 35.25446934109339 0.005948956566417246 -0.005209195032250147 0.0 
4.4  -0.00622 0.0189682158108798 35.97932110481105 -0.006514934037223838 0.0007473052391708812 0.0 
4.5  -0.02156 0.019007907950893667 36.13005646696467 0.011751616699685668 0.006663495884540183 0.0 
4.6  0.02512 0.019116080772518227 36.54245441014411 0.001723573040235095 0.005422884908145242 0.0 
4.7  0.04127 0.01923080773422326 36.982396611066115 0.0022669584443102114 0.022539319591119877 0.0 
4.8  0.03348 0.01927424462491484 37.14965058610587 0.008715836969223824 0.0679328473359857 0.0 
4.9  -0.01657 0.019432723192036327 37.76307306583066 -0.004127013145317599 0.020367456451938715 0.0 
5.0  -0.0209 0.019558099526604596 38.251925709257094 -0.0019153939392089054 0.012608407150897616 0.0 
