#mmax= 10
#m-states: all states (FBR)
#Nr. of sites: 22
 
0.0  2.3859823864422383e-44 
0.1  0.0024810027370674526 
0.2  0.00969116067775191 
0.3  0.020901739520242952 
0.4  0.03467980799711662 
0.41  0.036108237275854674 
0.42  0.037531624512300285 
0.43  0.038944506987375865 
0.44  0.04034132760281389 
0.45  0.04171555938897089 
0.46  0.043059899962352446 
0.47  0.044366268647607496 
0.48  0.045625659936552126 
0.49  0.04683049440906212 
0.5  0.04797483027067041 
0.51  0.04905642584982887 
0.52  0.05007776215395648 
0.53  0.051046358653123444 
0.54  0.05197055782878949 
0.55  0.05286071816907085 
0.56  0.05372450773750443 
0.57  0.054568453265404375 
0.58  0.05539464691330628 
0.59  0.056206504265210865 
0.6  0.05700525205920584 
0.7  0.06434272210659057 
0.8  0.07070995891211052 
0.9  0.07639440073774331 
1.0  0.08158817201248028 
1.1  0.08641307593174685 
1.2  0.09094694799663161 
1.3  0.09524558579137267 
1.4  0.09934654208771959 
1.5  0.10327952428385762 
1.6  0.10706650099717879 
1.7  0.11072376276679724 
1.8  0.11426618629685006 
1.9  0.11770412963702638 
2.0  0.12104772965253152 
2.1  0.12430563148041987 
2.2  0.1274806422241759 
2.3  0.13058397889030965 
2.4  0.13361777742355369 
2.5  0.13658584482334718 
2.6  0.13949398158731172 
2.7  0.14234564744787687 
2.8  0.14514359314362113 
2.9  0.14789134813863972 
3.0  0.15059146550559466 
3.1  0.15324586827960318 
3.2  0.1558569090187361 
3.3  0.15842734050663543 
3.4  0.16095755346067375 
3.5  0.1634510332350993 
3.6  0.1659092535708853 
3.7  0.16833316330898107 
3.8  0.17072414939402827 
3.9  0.17308358653507544 
4.0  0.17541600774866511 
4.1  0.17771555769736735 
4.2  0.1799869750037252 
4.3  0.18223115183471972 
4.4  0.1844489058668629 
4.5  0.1866418938420976 
4.6  0.1888101361130485 
4.7  0.1909546422900656 
4.8  0.19307716031957917 
4.9  0.19517854157636375 
5.0  0.19725664065588325 
