#mmax= 10
#m-states: all states (FBR)
#Nr. of sites: 22
 
0.0  6.883635559410209e-8 
0.1  -2.4602708228057286e-8 
0.2  5.491514953795929e-7 
0.3  -2.746049072141243e-7 
0.4  9.098196403344485e-7 
0.41  8.651519150986854e-6 
0.42  -3.023143687528308e-6 
0.43  1.6921824734545644e-5 
0.44  1.1811160091212758e-5 
0.45  8.575475234982437e-5 
0.46  5.3273258227952696e-5 
0.47  8.75289496672492e-6 
0.48  0.0002659566965809799 
0.49  8.246226363004886e-5 
0.5  -0.00010853157986978197 
0.51  -1.067880111638612e-5 
0.52  -7.247182842088726e-5 
0.53  -0.0004964218567217525 
0.54  -0.00027304201286183576 
0.55  -0.0003025624129100964 
0.56  -0.0006505389137273467 
0.57  -0.0005531670950573495 
0.58  -0.001032025402727479 
0.59  -0.0010182068643898232 
0.6  -0.001071034579264767 
0.7  0.0045016135006789955 
0.8  0.04226124948577016 
0.9  0.04250019985672268 
1.0  0.024109096929654072 
1.1  0.0029493419936989862 
1.2  -0.036979381088699165 
1.3  -0.047739338025074136 
1.4  -0.04860310783281037 
1.5  -0.047271730748536356 
1.6  -0.06197020451016727 
1.7  -0.06454321334905039 
1.8  -0.07100815386091344 
1.9  -0.07794838616236574 
2.0  -0.08831987416657258 
2.1  -0.08966544096053158 
2.2  -0.09275033530924451 
2.3  -0.09319911130374788 
2.4  -0.09147437077876977 
2.5  -0.0962762040413657 
2.6  -0.10125803736221745 
2.7  -0.10439782209175322 
2.8  -0.10727357792973038 
2.9  -0.10907169833511622 
3.0  -0.10855891720289167 
3.1  -0.10869591107341971 
3.2  -0.10867642526763124 
3.3  -0.11043683472334749 
3.4  -0.11096315715031188 
3.5  -0.11149643572485457 
3.6  -0.11193762945909559 
3.7  -0.11242302432867009 
3.8  -0.1123544838481574 
3.9  -0.11259717530321448 
4.0  -0.11266500423042193 
4.1  -0.11292391988607214 
4.2  -0.11304292142753453 
4.3  -0.11323427516018551 
4.4  -0.1133252049153818 
4.5  -0.11351164456595601 
4.6  -0.11362467371143355 
4.7  -0.11381211962335679 
4.8  -0.11387383113842148 
4.9  -0.11402278742804352 
5.0  -0.11413213222205976 
