#mmax= 10
#m-states: all states (FBR)
#Nr. of sites: 22

0.0  -0.0  0.0
0.1  -0.0  1.3750260468992828e-19
0.2  -0.0  1.545731658326158e-19
0.3  -0.0  4.192358938299818e-19
0.4  0.0002600338056435196  5.0997080097793856e-5
0.41  0.00048011523000928444  6.929901148324162e-5
0.42  0.0003800722120865336  6.165616302948835e-5
0.43  0.0006602177966771724  8.126760077506811e-5
0.44  0.0007903116031421815  8.891744914267161e-5
0.45  0.0009904899687257582  9.954848921389031e-5
0.46  0.0012307561931821733  0.00011097411053564147
0.47  0.0017114632034446052  0.00013087953260932498
0.48  0.0019118248823342264  0.00013833550610654587
0.49  0.002703640838774835  0.00016453921367660829
0.5  0.0028941767406185964  0.00017024660066863832
0.51  0.0034258443191494173  0.00018524945998483138
0.52  0.00409829957600326  0.00020264902421831966
0.53  0.005153166760062848  0.00022729782042146438
0.54  0.0056859584170998725  0.00023878930994825185
0.55  0.00639547338839023  0.0002549778103658801
0.56  0.006742267475743658  0.0002600903824398498
0.57  0.008595756097151514  0.0002937993744903712
0.58  0.009231689028350845  0.00030452787079468443
0.59  0.009786790734315263  0.00031359172143230127
0.6  0.010260071097674002  0.0003211020731525455
0.7  0.01984552745812793  0.00044749786221141976
0.8  0.026240434241962644  0.0005151170848318692
0.9  0.03445294854524851  0.0005911806277347951
1.0  0.041923015149097256  0.0006534132504097059
1.1  0.049163699405635065  0.000710923320583191
1.2  0.05653239475007834  0.0007604638789201486
1.3  0.06454061646814686  0.0008162239772755191
1.4  0.06828534566030224  0.0008453306608827342
1.5  0.07489723358306094  0.0008900519472712601
1.6  0.0828009924715867  0.0009371323847002789
1.7  0.08560402240190039  0.0009582953129574504
1.8  0.09088073296408217  0.0009888538624459671
1.9  0.0971831506763457  0.0010165110935936987
2.0  0.10213545122342547  0.001042804079611833
2.1  0.10289122816180861  0.0010686727528122094
2.2  0.1085230731530512  0.001085194561944684
2.3  0.11334609187704846  0.001139223085655545
2.4  0.11508505781474211  0.0011290719195122451
2.5  0.12015056425845652  0.0011797551162647645
2.6  0.12170096742019965  0.0011648543965177387
2.7  0.12592262887825803  0.0012005673805357891
2.8  0.13271256224098316  0.0012322859132469434
2.9  0.13205795808360998  0.0012770794482603984
3.0  0.13464489726731443  0.001259864984624286
3.1  0.13661928188307843  0.0012894294408046555
3.2  0.1407548078340486  0.0013002717302560295
3.3  0.1428641508003474  0.0013320087921459443
3.4  0.1439358895842548  0.0013231841322963972
3.5  0.14517433100776445  0.0013525321647030449
3.6  0.14788604594412533  0.0013865588064889444
3.7  0.1498194006843706  0.001381087819929549
3.8  0.15144427310452965  0.0013756800202889663
3.9  0.15292938346240295  0.0014015633544864783
4.0  0.15287196019749433  0.0014343120550975594
4.1  0.1545276495039738  0.001441361187713794
4.2  0.15818428765440318  0.0014555478216577236
4.3  0.1571942434684669  0.001470777103182342
4.4  0.15897499847528584  0.0014897876950044435
4.5  0.16053821456160355  0.0014729149054377524
4.6  0.1586140224808248  0.001510534544054317
4.7  0.16154902962075335  0.0015075330125516053
4.8  0.15994230491832415  0.0015415496509319734
4.9  0.16190676984789532  0.001528651030072116
5.0  0.16309492107379578  0.0015641388225408298
