#mmax= 10
#m-states: all states (FBR)
#Nr. of sites: 22

0.0  1.0  0.0
0.1  1.0  1.3750260468992828e-19
0.2  1.0  1.545731658326158e-19
0.3  1.0  4.192358938299818e-19
0.4  0.9997400000002162  5.098382085697946e-5
0.41  0.9995200000068647  6.926574795820538e-5
0.42  0.999620000006207  6.163273368791985e-5
0.43  0.9993400000991368  8.121396416661318e-5
0.44  0.9992100006108187  8.884720441216134e-5
0.45  0.9990100004045467  9.944993624984057e-5
0.46  0.9987700008766001  0.00011083761247696255
0.47  0.9982900005145515  0.0001306557286759073
0.48  0.9980900014907689  0.00013807128549610863
0.49  0.997300010706554  0.00016409495956132942
0.5  0.9971100073514104  0.0001697545892442586
0.51  0.9965800171900503  0.0001846159100161308
0.52  0.9959100869929017  0.0002018202073382934
0.53  0.9948600880259508  0.00022612952963260483
0.54  0.9943301760500067  0.00023743541659970488
0.55  0.9936249341231318  0.00025335231002765804
0.56  0.9932804106137418  0.00025834268186653914
0.57  0.9914410817888981  0.0002912847696736352
0.58  0.9908107921878427  0.0003017295009053583
0.59  0.9902609440517496  0.0003105376341123639
0.6  0.9897923838812389  0.000317824386454866
0.7  0.9803500987825986  0.00043870457342396705
0.8  0.9741008542502905  0.0005017759923736432
0.9  0.9661337966176913  0.0005711595843602476
1.0  0.9589436018611011  0.0006265864558516529
1.1  0.9520252709708549  0.0006768169669177124
1.2  0.9450358697984546  0.0007186656432656093
1.3  0.9374980356296433  0.0007652083753296138
1.4  0.9339939244366152  0.0007895337014044624
1.5  0.9278388321015693  0.0008258247592658935
1.6  0.9205343222532061  0.000862662524611602
1.7  0.9179576499279445  0.0008796745134193852
1.8  0.9131266103093111  0.0009029487755065557
1.9  0.9073898018576051  0.0009223717998020437
2.0  0.9029072434948968  0.0009415553570275531
2.1  0.9022251048275708  0.0009641833864323643
2.2  0.8971581943098305  0.0009735911936691402
2.3  0.8928416014120073  0.0010171457641622251
2.4  0.8912903294748462  0.001006330883142866
2.5  0.8867869082518527  0.0010461913920467355
2.6  0.8854130962819092  0.0010313773379383659
2.7  0.8816830609519254  0.0010585199229498296
2.8  0.8757167700020764  0.0010791334396676722
2.9  0.876290205506557  0.001119092212164305
3.0  0.8740262256892798  0.0011011550373892472
3.1  0.8723022641970569  0.001124772220736246
3.2  0.8687022845816831  0.0011295490226503908
3.3  0.8668718247403816  0.0011546808922177864
3.4  0.8659432622622221  0.0011458023840943499
3.5  0.8648715060464569  0.001169766530262997
3.6  0.8625293980652795  0.0011959477327430216
3.7  0.8608634337338762  0.001188928002952585
3.8  0.859465776297898  0.0011823498965751644
3.9  0.8581903221008234  0.0012028081066314613
4.0  0.8582396036059703  0.001230983409614194
4.1  0.8568198011720791  0.0012349868062740848
4.2  0.8536924424932568  0.0012425901750367215
4.3  0.8545380542599601  0.001256835004003539
4.4  0.8530176854452775  0.0012708152513975454
4.5  0.8516852761706096  0.0012544599380135595
4.6  0.8533256599349286  0.0012889778866596565
4.7  0.8508248148247078  0.0012826464962463536
4.8  0.8521929548900177  0.0013136977521373938
4.9  0.8505204949991617  0.0013001490307779145
5.0  0.8495105481339901  0.0013287524284943141
