#mmax= 10
#m-states: all states (FBR)
#Nr. of sites: 22
 
0.0  7.436183052312859e-22 
0.1  1.0596679308059178 
0.2  2.1819370370111866 
0.3  3.456440052385179 
0.4  5.06181933817226 
0.41  5.254405194748329 
0.42  5.455454629118512 
0.43  5.665835888687844 
0.44  5.886792392177421 
0.45  6.1188161276081 
0.46  6.363272597323374 
0.47  6.620768455968286 
0.48  6.890110341594863 
0.49  7.170149448981166 
0.5  7.456991250122175 
0.51  7.745593212699645 
0.52  8.029372657811544 
0.53  8.301460645787307 
0.54  8.5589359553757 
0.55  8.798296162392642 
0.56  9.019427291676816 
0.57  9.22283166819466 
0.58  9.411234368659812 
0.59  9.585743044816008 
0.6  9.747874521728628 
0.7  10.960751015814399 
0.8  11.778800584511174 
0.9  12.395818493701638 
1.0  12.88884919448968 
1.1  13.297627332287664 
1.2  13.645541747866158 
1.3  13.947298136202836 
1.4  14.212957005911743 
1.5  14.449483734602335 
1.6  14.662135306813894 
1.7  14.854829936220266 
1.8  15.030569724116923 
1.9  15.191802240349348 
2.0  15.340449115745061 
2.1  15.478059319636387 
2.2  15.60606705791517 
2.3  15.725425239258227 
2.4  15.837145279572281 
2.5  15.942033820435194 
2.6  16.040734872581137 
2.7  16.13384005069796 
2.8  16.22187197117135 
2.9  16.30526961762524 
3.0  16.384424842262792 
3.1  16.459696625400568 
3.2  16.531392033936516 
3.3  16.599773685360976 
3.4  16.665111514409574 
3.5  16.72760931211244 
3.6  16.78747196244839 
3.7  16.84488151216477 
3.8  16.899998223428724 
3.9  16.952975669753208 
4.0  17.003902330960578 
4.1  17.052991828819476 
4.2  17.100314050510597 
4.3  17.14597002050003 
4.4  17.190061046590294 
4.5  17.232661581008134 
4.6  17.27386418105123 
4.7  17.313745496173627 
4.8  17.352361606718286 
4.9  17.38978941020834 
5.0  17.426090665630817 
