#mmax= 10
#m-states: all states (FBR)
#Nr. of sites: 22
 
0.0  1.0069804580653434e-64 
0.1  -0.5186088277600428 
0.2  -0.9974993103070628 
0.3  -1.3892900670477102 
0.4  -1.6235939675645077 
0.41  -1.633989880498722 
0.42  -1.6412737534604698 
0.43  -1.645206454051315 
0.44  -1.6454622921046256 
0.45  -1.6418504659919926 
0.46  -1.633993555880747 
0.47  -1.621655504820061 
0.48  -1.604889238432234 
0.49  -1.5838049578162328 
0.5  -1.5590312180985595 
0.51  -1.5315075748495883 
0.52  -1.5025636146590304 
0.53  -1.473693730205066 
0.54  -1.445708623021041 
0.55  -1.4195563166101794 
0.56  -1.3955137351098224 
0.57  -1.3737048795861524 
0.58  -1.353756937535922 
0.59  -1.3355966218805861 
0.6  -1.3190340900101036 
0.7  -1.2004324121846601 
0.8  -1.1210758774666945 
0.9  -1.0597009687897387 
1.0  -1.0093092955273342 
1.1  -0.9665192890542185 
1.2  -0.9293140466236975 
1.3  -0.8964717719340789 
1.4  -0.8670951446504085 
1.5  -0.8406011768980043 
1.6  -0.8165029211513462 
1.7  -0.7944365257481948 
1.8  -0.774137310453849 
1.9  -0.7553590184361824 
2.0  -0.737924936383235 
2.1  -0.7216950721953028 
2.2  -0.7064758591093356 
2.3  -0.6922350786776321 
2.4  -0.6788337838837619 
2.5  -0.6661818476886776 
2.6  -0.6542296479969172 
2.7  -0.6429121973266109 
2.8  -0.6321695872377364 
2.9  -0.6219598735821046 
3.0  -0.6122402688675432 
3.1  -0.6029670760315562 
3.2  -0.5941087942148576 
3.3  -0.5856407768827165 
3.4  -0.5775223726095104 
3.5  -0.5697424820076801 
3.6  -0.562275830653079 
3.7  -0.5550992534404497 
3.8  -0.5481954325134736 
3.9  -0.5415460681593245 
4.0  -0.5351626200976456 
4.1  -0.5289770271990427 
4.2  -0.5230036620816957 
4.3  -0.5172307907172454 
4.4  -0.5116452673100577 
4.5  -0.5062436093551108 
4.6  -0.501010103707281 
4.7  -0.49593624550714155 
4.8  -0.4910211790260423 
4.9  -0.4862539046751986 
5.0  -0.4816179267074353 
