#mmax= 10
#m-states: all states (FBR)
#Nr. of sites: 9
 
0.0  4.500000000000007 0.05555555555555591 
0.1  5.443382074477264 0.07926196991829437 
0.2  6.832417045881168 0.11652155449414636 
0.3  9.087838190587469 0.18027103493781815 
0.4  13.155755865402574 0.2889901362201768 
0.41  13.719299620603348 0.302537622905939 
0.42  14.31908480092685 0.31649998085553044 
0.43  14.95488280743748 0.3307822429602649 
0.44  15.62841676994492 0.34533895175034623 
0.45  16.3393980407309 0.3600812426222708 
0.46  17.084308600535124 0.3748502166499632 
0.47  17.8732538328549 0.3897875198417805 
0.48  18.69463108027106 0.40458429844491417 
0.49  19.549841047460234 0.4192056235517979 
0.5  20.435765247760393 0.43357373809994115 
0.51  21.34808613906256 0.44757055787942934 
0.52  22.28397003287332 0.4611553409696457 
0.53  23.23525140897112 0.4741929166370432 
0.54  24.199031558575225 0.48667308514727015 
0.55  25.167930911795548 0.4985233184493778 
0.56  26.135909173367494 0.5096967544319746 
0.57  27.098052373415296 0.5201961745644021 
0.58  28.0469134455877 0.5299827683168532 
0.59  28.97805640722806 0.5390829676893332 
0.6  29.88838427710486 0.5475022752488474 
0.7  37.31355661492838 0.6013435876581616 
0.8  41.991446420481054 0.6236752869647952 
0.9  45.11738438627124 0.6344275835371608 
1.0  47.42557993095215 0.6406161404309478 
1.1  49.25401870500016 0.6446761485017025 
1.2  50.76643269743452 0.6475745567873563 
1.3  52.055338477564476 0.6497674208455824 
1.4  53.176049699696975 0.651493127710575 
1.5  54.16455398711573 0.6528898973510417 
1.6  55.04755742059642 0.6540473336743732 
1.7  55.84307513071995 0.6550225753898995 
1.8  56.56656986005801 0.6558578896330104 
1.9  57.22817824556353 0.6565810839490958 
2.0  57.83688300616647 0.6572138274570178 
2.1  58.39956257608394 0.657772233050518 
2.2  58.921820954957916 0.6582686840037949 
2.3  59.408749850228155 0.6587133898160613 
2.4  59.86396936494021 0.6591137750011482 
2.5  60.29099047453853 0.6594763263728101 
2.6  60.69264590027184 0.6598061358246243 
2.7  61.071452614526066 0.660107512035865 
2.8  61.429015236117024 0.6603834918872142 
2.9  61.76819588962928 0.660638005217924 
3.0  62.090065380735396 0.6608730283516638 
3.1  62.396173318196084 0.6610908082986058 
3.2  62.6876454989429 0.6612930304375817 
3.3  62.96572811706236 0.6614814499518551 
3.4  63.23133221800925 0.6616572645826959 
3.5  63.485503940094254 0.6618218447433842 
3.6  63.72893356499361 0.6619761780901071 
3.7  63.96236391730832 0.6621210848429537 
3.8  64.18651180223362 0.6622575151353185 
3.9  64.40199802976288 0.6623861793503378 
4.0  64.6093040183354 0.6625076641896377 
4.1  64.80897777040853 0.6626225904681149 
4.2  65.00151045813139 0.6627314859586648 
4.3  65.18722310830695 0.6628347345211152 
4.4  65.36659793584884 0.6629328246087233 
4.5  65.53997585422458 0.6630261283197036 
4.6  65.70768576910652 0.6631149680592873 
4.7  65.86998776967076 0.6631996671436272 
4.8  66.02721905421443 0.6632805027458151 
4.9  66.17963743373026 0.6633577118385843 
5.0  66.32746654809326 0.6634315807849506 
