#mmax= 10
#m-states: all states (FBR)
#Nr. of sites: 9
 
0.0  4.500000000000008 0.05555555555555647 
0.1  4.113665092586001 0.046184472375160435 
0.2  3.760799594154592 0.037963845223702 
0.3  3.442626427522104 0.03103393694440537 
0.4  3.160843775835253 0.02575881125349755 
0.41  3.134551709276902 0.02534345552964823 
0.42  3.1085863326712673 0.02495141890917718 
0.43  3.082943331297934 0.024574659317156966 
0.44  3.05764709955494 0.024230964384549303 
0.45  3.032665477294742 0.023904155973383245 
0.46  3.008021452141814 0.023609619988472774 
0.47  2.983732366380764 0.02331834174634062 
0.48  2.9598254301973768 0.02311503425228234 
0.49  2.9362085655392196 0.0228523200211459 
0.5  2.912987292778294 0.022644695376148882 
0.51  2.8901806054229984 0.02249369781802313 
0.52  2.8677600831443626 0.02235549569117723 
0.53  2.8457546393809445 0.022233244025444354 
0.54  2.824176911039363 0.022144857303636134 
0.55  2.803051526774785 0.022077372799186867 
0.56  2.7823860589012317 0.022029217825465963 
0.57  2.762186621729492 0.02199836413091316 
0.58  2.74246984710314 0.02198214163276757 
0.59  2.7232352779678584 0.021977693075965532 
0.6  2.704471184899224 0.021983736688157896 
0.7  2.541844522897695 0.022206271388567567 
0.8  2.41435411724129 0.022222345355006445 
0.9  2.30930807818892 0.02203270467598617 
1.0  2.2195155846722563 0.021749962965652014 
1.1  2.1410186038227463 0.021444316081064896 
1.2  2.071332184963982 0.02113525412022399 
1.3  2.008743953094524 0.0208297476926661 
1.4  1.9520294673413516 0.02053438380351469 
1.5  1.9002767647884429 0.02025314312682025 
1.6  1.852738282906368 0.019979667878601615 
1.7  1.8088670129845865 0.019712846503042614 
1.8  1.768160620196603 0.0194600231893014 
1.9  1.7302638305070495 0.01922163506472141 
2.0  1.6948417828020104 0.01898922124976965 
2.1  1.661636014104651 0.01876468974799339 
2.2  1.6304196438428433 0.018548807626501462 
2.3  1.6009843089636775 0.018340740584152915 
2.4  1.5731738527085641 0.018140308747053524 
2.5  1.5468362608548931 0.01794727035943966 
2.6  1.521842587857329 0.017760570500315542 
2.7  1.4980778404346162 0.01757998447391418 
2.8  1.4754564751859258 0.017406089049214923 
2.9  1.4538646934812094 0.01723691078364875 
3.0  1.4332371650361937 0.01707301352302759 
3.1  1.4134996069023962 0.01691424679049225 
3.2  1.39459193088447 0.016753469754793637 
3.3  1.376454609592635 0.0166107026634299 
3.4  1.3590385035765464 0.01645866140819474 
3.5  1.3422896968310725 0.016311103513479086 
3.6  1.3261750629379878 0.01618607406255612 
3.7  1.3106493661732448 0.016040590493990647 
3.8  1.295674968798628 0.015910345928389802 
3.9  1.281225570352914 0.015783736813813842 
4.0  1.2672669946654471 0.015660334401743414 
4.1  1.253774385918042 0.015543942348037687 
4.2  1.2407186368245022 0.015429547283023926 
4.3  1.2280791053056728 0.01531852808129286 
4.4  1.2158309788428854 0.015206620123603298 
4.5  1.2039554310823362 0.015097733453772078 
4.6  1.192431385528862 0.014985634700696693 
4.7  1.1812498978326789 0.014892041297624892 
4.8  1.1703866067577948 0.014795321085736224 
4.9  1.1598229095744355 0.014684826422789121 
5.0  1.1495552472076576 0.01459770388182735 
