#mmax= 10
#m-states: all states (FBR)
#Nr. of sites: 9
 
0.0  1.0573821065898624e-28 
0.1  0.02569965901673055 
0.2  0.055807965506509384 
0.3  0.0958776387099007 
0.4  0.15411948865689898 
0.41  0.16135145703676246 
0.42  0.1688908296594301 
0.43  0.176730915040969 
0.44  0.18488298960550117 
0.45  0.19334034989954432 
0.46  0.2020690746083537 
0.47  0.21115613360401808 
0.48  0.2204956899686075 
0.49  0.2300964802364466 
0.5  0.23993377486423983 
0.51  0.24996705571297084 
0.52  0.26017171404622935 
0.53  0.2704776782079171 
0.54  0.2808596772049047 
0.55  0.2912553259965319 
0.56  0.3016109355304553 
0.57  0.3118855543825447 
0.58  0.3220145821744347 
0.59  0.3319611295256112 
0.6  0.341694265225837 
0.7  0.4227360101680076 
0.8  0.4767480233789364 
0.9  0.5147172056629551 
1.0  0.5437430636216887 
1.1  0.5672670603246611 
1.2  0.5870335565370475 
1.3  0.6040667358785953 
1.4  0.6189995147163938 
1.5  0.6322544454420375 
1.6  0.644150906424545 
1.7  0.6549109994656694 
1.8  0.6647240131937079 
1.9  0.6737196485188134 
2.0  0.6820114868940792 
2.1  0.6896887857840085 
2.2  0.6968241761528831 
2.3  0.7034833200695385 
2.4  0.7097147771243923 
2.5  0.7155645900139748 
2.6  0.7210703691383326 
2.7  0.7262655422423655 
2.8  0.731172380031972 
2.9  0.7358279746567151 
3.0  0.7402475350957781 
3.1  0.7444517130756145 
3.2  0.7484562580631282 
3.3  0.752277006484469 
3.4  0.7559277906246121 
3.5  0.7594216074086931 
3.6  0.7627677622698086 
3.7  0.765977879384263 
3.8  0.7690598247447185 
3.9  0.7720233611627332 
4.0  0.7748744924706861 
4.1  0.7776209168604564 
4.2  0.7802691975563282 
4.3  0.7828238476031997 
4.4  0.7852915531856108 
4.5  0.7876767617670494 
4.6  0.7899840898586892 
4.7  0.7922170006734365 
4.8  0.7943802535370459 
4.9  0.7964775575367691 
5.0  0.7985113476843442 
