#mmax= 10
#m-states: all states (FBR)
#Nr. of sites: 9
 
0.0 1.4210854715202004e-14
0.1 -0.05010321591700049
0.2 -0.2017220095575718
0.3 -0.45933953211370476
0.4 -0.8325470912285681
0.41 -0.8768241515634271
0.42 -0.9224481909216673
0.43 -0.9694419646541235
0.44 -1.017828413113868
0.45 -1.0676298695544848
0.46 -1.118868112394921
0.47 -1.1715641087893938
0.48 -1.2257362020112181
0.49 -1.2814014055996807
0.5 -1.3385720147082187
0.51 -1.397257713727561
0.52 -1.457462760586707
0.53 -1.5191870972673265
0.54 -1.5824249299485729
0.55 -1.647164170040341
0.56 -1.71338758213561
0.57 -1.781071889363318
0.58 -1.850188644595755
0.59 -1.9207045611736504
0.6 -1.9925824796372211
0.7 -2.776594968888643
0.8 -3.650359660532912
0.9 -4.584918447488829
1.0 -5.564235751963196
1.1 -6.578884437690704
1.2 -7.622695123004478
1.3 -8.691286730593973
1.4 -9.781368757557942
1.5 -10.890372900124987
1.6 -12.016236667371501
1.7 -13.157266119150918
1.8 -14.312046102604043
1.9 -15.47937715195279
2.0 -16.658230617558658
2.1 -17.847714982527847
2.2 -19.047050919584535
2.3 -20.255552000959668
2.4 -21.472609447251912
2.5 -22.697679790253275
2.6 -23.93027658740742
2.7 -25.1699603400361
2.8 -26.41633315515074
2.9 -27.66903437328756
3.0 -28.927733950148152
3.1 -30.19213007810032
3.2 -31.46194554231718
3.3 -32.736925063717976
3.4 -34.01683314160652
3.5 -35.30145121887673
3.6 -36.59057718136913
3.7 -37.88402227615502
3.8 -39.18161141406175
3.9 -40.48318038479597
4.0 -41.788575814377545
4.1 -43.09765396935652
4.2 -44.41027988597284
4.3 -45.72632706127658
4.4 -47.04567526460292
4.5 -48.36821190835518
4.6 -49.69383126925445
4.7 -51.022432151332865
4.8 -52.353919638481045
4.9 -53.68820342468865
5.0 -55.02519761480555
