0.0  -2.2204460492503128e-16  0.0
0.1  0.006370297074162626  0.0002527972369600853
0.2  0.02633700895569348  0.0005165296095595622
0.3  0.06574973715852411  0.0008270467512209658
0.4  0.14474026465026155  0.001257018694809848
0.41  0.1533724429961778  0.0012916486473314298
0.42  0.16827815833256687  0.0013621128220427698
0.43  0.1832482689136072  0.0014291203274479256
0.44  0.19544403937452529  0.0014815193839572826
0.45  0.20916921981835218  0.0015428227213248897
0.46  0.22427832843872758  0.001594529012495408
0.47  0.24004493398418938  0.001657627774575287
0.48  0.25629205418213913  0.0017303530275071955
0.49  0.277962083294789  0.0018043386856312932
0.5  0.29957566769636296  0.001887253144408608
0.51  0.31835459635995184  0.0019508157458055521
0.52  0.33967665852193124  0.0020329887703099876
0.53  0.36036647282631346  0.002107721590088579
0.54  0.3846858603754057  0.002186343204878337
0.55  0.4057922468685532  0.0022605328513621748
0.56  0.42200819786544075  0.0023226332823432093
0.57  0.4537465740800766  0.0024270058899080703
0.58  0.4752032774990957  0.0024931220313686884
0.59  0.48972312952956404  0.0025493854883037953
0.6  0.5073559480795352  0.002599961389788359
0.7  0.6458516270184766  0.0030551289984764134
0.8  0.6894581870942487  0.0032011054533516736
0.9  0.6995689297821022  0.003224497417364221
1.0  0.7079940958805141  0.003250422577139556
1.1  0.7097356042714321  0.0032556940269105206
1.2  0.7080884848385602  0.0032478263809580035
1.3  0.7032580450568243  0.0032344132449135853
1.4  0.7062278278736479  0.0032357854790510472
1.5  0.7035326019513701  0.003231109348415458
1.6  0.7061008758645537  0.0032417689008781775
1.7  0.7042084833376313  0.0032316270636438653
1.8  0.7005687851264943  0.0032214354533992855
1.9  0.706961313512906  0.0032440214287611313
2.0  0.7012128289156891  0.003223733861389573
2.1  0.704068145385594  0.003226505067490154
2.2  0.7092537084845626  0.0032489902036389774
2.3  0.7051143747600181  0.003231039348713159
2.4  0.7025945091783075  0.003227347139493727
2.5  0.7031944668288562  0.00322808539866384
2.6  0.7032084601822108  0.0032279967579538953
2.7  0.6997754453117544  0.0032117434320211163
2.8  0.7029008026638661  0.0032303162540325008
2.9  0.7056667567811505  0.0032350379202791086
3.0  0.7105474804703137  0.003250355449325902
3.1  0.7012926608160835  0.003226658085209698
3.2  0.7021602725685158  0.003227790999010844
3.3  0.7045353818512935  0.003233379784759687
3.4  0.7020143505447854  0.00322415588180709
3.5  0.7072863896124039  0.0032393129467677135
3.6  0.7034208540534367  0.003228418742498734
3.7  0.7018192159060844  0.0032207461869014535
3.8  0.7033746911126673  0.003225015470748544
3.9  0.6999206106662004  0.0032173735439148966
4.0  0.700603162043556  0.0032226336634245674
4.1  0.7068486933929673  0.003234385939144418
4.2  0.7093022410507125  0.003244846915382645
4.3  0.7032473206921657  0.003231480333779472
4.4  0.7039630467565705  0.003227890812769591
4.5  0.7000379228088582  0.003220870678862595
4.6  0.7068405452180628  0.0032363028883211097
4.7  0.7017419796851857  0.003219018480077581
4.8  0.6981602056286649  0.0032063507419830563
4.9  0.7004409102327566  0.0032179091859544707
5.0  0.7027657083422161  0.0032246572678619793
0.0  -2.2204460492503128e-16  0.0
0.1  0.006470642821630396  0.00025503172213405456
0.2  0.025993555495167252  0.0005130739661855278
0.3  0.06654495188155655  0.0008309373551579514
0.4  0.1421874327106978  0.001244089611684279
0.41  0.15335986120526626  0.0012919900144649095
0.42  0.16777683710489755  0.0013598396840197567
0.43  0.17883008440434706  0.001405465706207994
0.44  0.19238033013498523  0.0014673941597766963
0.45  0.20898803439226518  0.001530136054132367
0.46  0.22322876423719323  0.001588688790540187
0.47  0.24024245844140557  0.0016562330475627526
0.48  0.25987963323481655  0.0017337960559366114
0.49  0.2765181797176554  0.0018015262874488478
0.5  0.2989259832154038  0.0018830305831674722
0.51  0.31683914716675426  0.0019497902093448163
0.52  0.3414837742752659  0.0020397114831306844
0.53  0.3590114472189168  0.002092141461502958
0.54  0.38371795207530246  0.0021830742120135587
0.55  0.40700520718368577  0.002261770298258031
0.56  0.43184135671484225  0.0023497296607958825
0.57  0.4513174353099792  0.0024186242222417643
0.58  0.4692453383394575  0.002473768556126795
0.59  0.49453738403129016  0.0025621748988928195
0.6  0.5090007210440449  0.0026157508568635667
0.7  0.6471750526899486  0.0030604047760975956
0.8  0.6893981749470081  0.0031916141530118885
0.9  0.7075129688544777  0.0032517819899914435
1.0  0.7060634999824228  0.003246693922605383
1.1  0.7052786752814675  0.0032423976805466396
1.2  0.705029417159468  0.003237905815963943
1.3  0.7127458458822262  0.0032611256361811877
1.4  0.7054330385061011  0.003236404447372407
1.5  0.7035875226716981  0.003234645120119566
1.6  0.7063221471790785  0.003239626892892873
1.7  0.7047070537525465  0.003235941339910278
1.8  0.6995568227871309  0.003217939409115515
1.9  0.7019881078703124  0.0032278604024903153
2.0  0.7000306428278997  0.0032216490840885777
2.1  0.71081390831589  0.0032514911592590743
2.2  0.6931821097472952  0.0031939543438810804
2.3  0.708862844005339  0.003244975699130318
2.4  0.7014083695320875  0.003224494879121555
2.5  0.7079641963288152  0.0032462622713198028
2.6  0.7062384922800904  0.0032365429980514785
2.7  0.7010102832368694  0.0032223776830695625
2.8  0.698345222869446  0.00321140195190542
2.9  0.6980694542320387  0.0032156263614383294
3.0  0.7034688521100326  0.003225213851827345
3.1  0.7061767711090358  0.0032332133497118497
3.2  0.7049432606456577  0.003230705660962146
3.3  0.7072623230587002  0.0032368908241403992
3.4  0.7013035499852078  0.00322181927036884
3.5  0.7033370414468683  0.003227389816107658
3.6  0.7063725924300029  0.003238974675717005
3.7  0.7076743503101774  0.0032378541307961054
3.8  0.7025357561223384  0.0032299654744115777
3.9  0.7070742027455961  0.0032351585648143825
4.0  0.7100734278049344  0.0032510984083053912
4.1  0.7072962317515882  0.003239940812053766
4.2  0.7039982045280582  0.0032315617543432497
4.3  0.7027268743034059  0.0032263729402896893
4.4  0.7083481754443964  0.0032386046045507024
4.5  0.7022858872298853  0.003222464337913699
4.6  0.7012236166600253  0.0032202588054950593
4.7  0.7019238160273493  0.0032193732006892705
4.8  0.703910068072393  0.003224747926872741
4.9  0.6992438989378135  0.003215732243409324
5.0  0.7031160080360171  0.003228463863156932
