#mmax= 10
#m-states: all states (FBR)
#Nr. of sites: 9
 
0.0  -0.0 
0.1  0.006345524183597835 
0.2  0.026699076381189728 
0.3  0.06663710274953187 
0.4  0.1435194746641015 
0.41  0.1546330324842239 
0.42  0.16659696187870224 
0.43  0.1794455404383675 
0.44  0.19324138662587237 
0.45  0.20801558130013345 
0.46  0.223731408933358 
0.47  0.24060803220957627 
0.48  0.25844438438010664 
0.49  0.2772714723022005 
0.5  0.2970324825732921 
0.51  0.31761948502461324 
0.52  0.338949112916716 
0.53  0.36078939657300346 
0.54  0.38302246675804663 
0.55  0.4054059065234365 
0.56  0.4277186780067619 
0.57  0.44976179114119214 
0.58  0.4712648003763224 
0.59  0.49205312934747925 
0.6  0.5119659741221815 
0.7  0.6458664434281274 
0.8  0.6896552926771885 
0.9  0.7012266517707508 
1.0  0.7041815023767733 
1.1  0.704867458349551 
1.2  0.7049365822810005 
1.3  0.7048422087892162 
1.4  0.704713504002446 
1.5  0.7045871239880278 
1.6  0.7044728338120623 
1.7  0.7043713922715211 
1.8  0.7042818197303095 
1.9  0.7042022649519376 
2.0  0.7041312179130181 
2.1  0.7040674067842831 
2.2  0.7040097238610032 
2.3  0.7039573116711787 
2.4  0.7039093754590037 
2.5  0.7038651915671639 
2.6  0.7038246125778287 
2.7  0.7037870601661508 
2.8  0.7037521429624745 
2.9  0.7037196522518592 
3.0  0.7036892742215374 
3.1  0.703660798709533 
3.2  0.703634049137316 
3.3  0.7036087779718073 
3.4  0.7035850497704766 
3.5  0.7035625860302558 
3.6  0.7035413030758539 
3.7  0.7035211461244945 
3.8  0.7035019622497444 
3.9  0.7034837024748961 
4.0  0.7034662957315857 
4.1  0.703449676891895 
4.2  0.7034337939410008 
4.3  0.7034185984210348 
4.4  0.7034040410924801 
4.5  0.7033900763692972 
4.6  0.703376672513726 
4.7  0.7033637768761444 
4.8  0.7033513799989664 
4.9  0.7033394451252628 
5.0  0.7033279425069983 
