#mmax= 10
#m-states: all states (FBR)
#Nr. of sites: 9
 
0.0  0.0 
0.1  0.022975215522972582 
0.2  0.07702025974728663 
0.3  0.1597703623759786 
0.4  0.28282765590136993 
0.41  0.29817876289383183 
0.42  0.3141777972168254 
0.43  0.3307944235339283 
0.44  0.3480309927825051 
0.45  0.36584403914452135 
0.46  0.38410873194305895 
0.47  0.4030033669860313 
0.48  0.4222091994494756 
0.49  0.4416983651157996 
0.5  0.46134374386713234 
0.51  0.48098827672341693 
0.52  0.5005173484569448 
0.53  0.5196987342049668 
0.54  0.5384327992741451 
0.55  0.556530574491616 
0.56  0.5738520384972494 
0.57  0.5902959076684535 
0.58  0.6057249901850049 
0.59  0.6200907998484187 
0.6  0.6333629734760263 
0.7  0.7105877946056824 
0.8  0.7300427773390842 
0.9  0.7333519610975963 
1.0  0.7331554480959837 
1.1  0.7323532311481064 
1.2  0.7315607659510164 
1.3  0.730885234375934 
1.4  0.7303232355301904 
1.5  0.7298522436556826 
1.6  0.7294538368647366 
1.7  0.7291109232696446 
1.8  0.7288127877390331 
1.9  0.7285501249702899 
2.0  0.7283167805821251 
2.1  0.7281076322939569 
2.2  0.7279188675986767 
2.3  0.7277474358824945 
2.4  0.7275908393379702 
2.5  0.7274463886215957 
2.6  0.7273139927829732 
2.7  0.7271914950562097 
2.8  0.7270776708096864 
2.9  0.7269717536805196 
3.0  0.7268727701704792 
3.1  0.7267800141109579 
3.2  0.7266928723681009 
3.3  0.726610523225257 
3.4  0.726533291294069 
3.5  0.726460205014474 
3.6  0.7263909894087951 
3.7  0.726325430853071 
3.8  0.7262630788564376 
3.9  0.7262037349679221 
4.0  0.7261471882497531 
4.1  0.7260932142363747 
4.2  0.7260416393815912 
4.3  0.7259923118624806 
4.4  0.7259450654099503 
4.5  0.72589976057965 
4.6  0.7258562836287058 
4.7  0.7258144705044857 
4.8  0.7257742810540717 
4.9  0.7257355991540351 
5.0  0.7256983278944806 
