#mmax= 10
#m-states: all states (FBR)
#Nr. of sites: 9

0.0  0.0 0.0 0.0 NaN NaN 0.0 
0.1  -0.0009 0.0009417009971363952 0.0886800768007681 -0.16360930991272457 44.05799520858517 0.0 
0.2  0.00068 0.0018884996797220812 0.3566431040310403 0.036399466937315786 10.41956371088661 0.0 
0.3  0.00068 0.002835643804281109 0.8040875784757839 0.007488921891055793 4.406740766398155 0.0 
0.4  0.00106 0.003789212628676761 1.435813234532345 0.02408341714603465 2.1505213682304714 0.0 
0.41  -0.00618 0.003912974723878485 1.5311371189711909 -0.0066783757640758515 2.000437825983112 0.0 
0.42  -0.00084 0.003988502479066582 1.590815202552027 0.0015195253912772626 1.8489836150481853 0.0 
0.43  -0.00244 0.004091369924252582 1.6739307857078576 0.01999026753274725 1.72157683654389 0.0 
0.44  0.00424 0.00419628363101961 1.7608796311963122 0.012257776362269766 1.639966978264776 0.0 
0.45  0.00936 0.004279545191848136 1.83145070490705 0.032702457647875535 1.4864382637114817 0.0 
0.46  -0.00508 0.004382503165924696 1.920633399933998 0.01274005552639196 1.4104784828673358 0.0 
0.47  0.00076 0.004479218107878716 2.0063394857948587 -0.010505297558049053 1.3409453448051751 0.0 
0.48  0.0031 0.004577566322964028 2.095411344113441 0.016336955448436902 1.1853345542970288 0.0 
0.49  0.0066 0.0046833090581166375 2.1933383733837344 -0.007754270262300443 1.1861424359950634 0.0 
0.5  0.00594 0.0047742093685500375 2.279307509475095 0.009050273346022469 1.007665289049826 0.0 
0.51  0.00168 0.004908055894763899 2.4089012666126655 -0.020836253354855425 1.013505061118682 0.0 
0.52  0.00026 0.004988932573054297 2.4889448218482175 -0.0012074977212235233 0.8944898975728952 0.0 
0.53  -0.00448 0.00506636516415465 2.566805597655977 -0.017212432781820317 0.8329941777592142 0.0 
0.54  -0.00538 0.005158873587883982 2.661397669576695 -0.011646477095182474 0.7884913230997479 0.0 
0.55  -0.0038 0.005258073038035962 2.764733207332073 -0.00469922997246687 0.7644779987118362 0.0 
0.56  -0.00184 0.005365095897236121 2.878425398653986 0.006464448937351999 0.684832619338815 0.0 
0.57  -0.00104 0.0054632122099435715 2.9846687650876524 0.0033264343683877557 0.6302604150883435 0.0 
0.58  0.0021 0.005536773650658351 3.0655862458624603 0.0036008119381521916 0.6226572702825015 0.0 
0.59  0.00758 0.005612926196326195 3.150494048540485 -0.005758650762069916 0.5323674590906853 0.0 
0.6  0.00372 0.005703068197546707 3.2524986865868644 -0.0026693485668678693 0.5134656124366619 0.0 
0.7  0.00016 0.006360472018651054 4.045560430004301 -0.003935363819913236 0.2773249408112055 0.0 
0.8  0.0024 0.006874097390359647 4.725321493214931 -0.013826589227319995 0.16528280045496624 0.0 
0.9  0.00192 0.007219728830146173 5.212448438084382 0.002276976241449312 0.10390528878597305 0.0 
1.0  0.00818 0.007524911768185139 5.66242971189712 -0.00450014979532596 0.09437525640733213 0.0 
1.1  0.00548 0.0078072472246683905 6.095310922709229 0.015594719133901931 0.07974847537016361 0.0 
1.2  -0.02284 0.008054776976324136 6.487943213832138 0.017074321746978725 0.08359706994729699 0.0 
1.3  -0.00676 0.008252625284249906 6.810582408224084 -0.006551511561963782 0.08918223248736235 0.0 
1.4  0.00056 0.008490554620234039 7.208951775917759 0.010575307690447303 0.05517264266869715 0.0 
1.5  -0.00542 0.008660534411025846 7.500485628456281 0.0028253754500046184 0.07978251088622645 0.0 
1.6  0.0114 0.008822169727838333 7.783067870678708 0.004497779493904982 0.026308504500313745 0.0 
1.7  0.00094 0.00898382982118331 8.070919825598253 -0.007590501287199459 0.0413470034831982 0.0 
1.8  0.00098 0.009160853104831234 8.392122960829607 -0.018998571679518315 0.058238517927823974 0.0 
1.9  0.00672 0.009271526736631907 8.596120802808029 0.010626778980589576 0.05655601781744002 0.0 
2.0  0.00586 0.009425589903101567 8.884174502145022 0.0007332901264397493 0.05894233439415375 0.0 
2.1  0.00264 0.009572379359828262 9.163044660846612 0.00522304120086197 0.06792880078120467 0.0 
2.2  -0.0109 0.009720543029562078 9.44889567895679 0.008376678641994864 0.06992508059664049 0.0 
2.3  0.00602 0.009857677684632082 9.717380933409332 0.00820123175965884 0.033167846903148224 0.0 
2.4  -0.01092 0.009981012160198855 9.962060374203741 -0.010015893781144829 0.04412878995827141 0.0 
2.5  0.00324 0.010105449827947406 10.212011622516224 -0.009498891995418205 0.038852769497701 0.0 
2.6  -0.01704 0.010193004236109861 10.389733535735358 0.008392133559571552 0.03230258445762946 0.0 
2.7  0.00378 0.01028515993853035 10.578451496114962 -0.0011497756834832726 0.025911179913880478 0.0 
2.8  0.00316 0.01040888964269657 10.834498359383595 0.0018487409281503046 0.03391344926709472 0.0 
2.9  -0.0101 0.010540573558251437 11.110369093690938 0.0014668588166138403 0.051462801157664106 0.0 
3.0  0.00538 0.010579963606378761 11.193562991229909 0.0034664694922694334 0.02899964680834799 0.0 
3.1  -0.00474 0.01067845099333963 11.402931561715615 0.005563631013895821 0.01172967040837003 0.0 
3.2  -0.00864 0.010764702146001209 11.587881229212302 0.011082466599328556 0.02065860013320986 0.0 
3.3  0.00566 0.010915588447019769 11.915007114471145 0.00035803128690818826 0.014373382182896854 0.0 
3.4  -0.00784 0.0109762921851553 12.047899013390131 -0.0021922702414029984 0.02818303930059951 0.0 
3.5  -0.00554 0.01110025789075427 12.321572524125243 -0.006387356226767711 0.009985567185724076 0.0 
3.6  0.01484 0.011164221609339426 12.463984414244143 -0.006287219194897679 0.023777816911738636 0.0 
3.7  0.00228 0.011300992219281077 12.771242514025143 -0.0023346851763638905 0.04197716718022848 0.0 
3.8  -0.00082 0.011359369860552842 12.903528362883629 0.003679392080322893 -0.0005573367868274559 0.0 
3.9  0.01196 0.011429535245440178 13.063427592675929 -0.011059065154541121 0.046776200881617935 0.0 
4.0  -0.02206 0.01152770846459193 13.288806244462444 -0.0035139902410849183 0.00335592734206136 0.0 
4.1  0.02762 0.01157036343807319 13.387331008910087 -0.010924966747379453 0.030273809829256315 0.0 
4.2  -0.00686 0.011617972248925018 13.497727917679184 -0.004156962692568377 0.019244430350222164 0.0 
4.3  0.00158 0.011717787679484597 13.730654810148101 -0.014976258522347784 0.013494489892921901 0.0 
4.4  -0.0054 0.011806722762351285 13.939870238702394 0.004772453215953795 0.018613375810785815 0.0 
4.5  -0.01658 0.011877940136682743 14.108546189061885 0.016148544674509602 0.0012003184673856637 0.0 
4.6  0.01366 0.011930899274890182 14.234635750757507 0.0028114421673407016 0.01262163584219067 0.0 
4.7  0.00994 0.01200390156992838 14.409365290052902 -0.0026620267718776526 0.005196085441231624 0.0 
4.8  -0.02686 0.01205073597778891 14.522023760637607 0.00023477592008113495 0.029449917940775894 0.0 
4.9  -0.0134 0.012214700012237874 14.919889638896391 -0.0020500755813824623 0.02716219974862133 0.0 
5.0  -0.00242 0.01226550634350081 15.04426458624586 0.009059969886860276 0.004215513739648902 0.0 
