#mmax= 10
#m-states: all states (FBR)
#Nr. of sites: 9
 
0.0  4.803362090270224e-56 
0.1  0.002480878761350955 
0.2  0.009689747010793424 
0.3  0.02089890510340208 
0.4  0.03471302192907359 
0.41  0.0361538993598026 
0.42  0.03759386112435833 
0.43  0.039029129410500636 
0.44  0.0404556468218488 
0.45  0.04187022038864202 
0.46  0.04326934849395929 
0.47  0.044645764048616365 
0.48  0.045999140200324404 
0.49  0.04732416737849107 
0.5  0.04861748234153869 
0.51  0.04987562118417453 
0.52  0.051096051812054954 
0.53  0.05227643389507731 
0.54  0.05341518270023999 
0.55  0.05451130960313092 
0.56  0.055564716816600815 
0.57  0.05657575814518187 
0.58  0.0575459496356394 
0.59  0.05847693723379141 
0.6  0.0593707016156557 
0.7  0.0668509343596427 
0.8  0.07303993202185259 
0.9  0.07870739009593854 
1.0  0.08399996226817798 
1.1  0.08896689904264436 
1.2  0.0936543154903782 
1.3  0.09810022127420914 
1.4  0.10233924728583044 
1.5  0.10640168132734353 
1.6  0.11030932046561512 
1.7  0.11408033368047409 
1.8  0.11772953368889598 
1.9  0.12126941072681119 
2.0  0.12471005634911506 
2.1  0.12805914155406256 
2.2  0.13132506851325004 
2.3  0.13451368383865217 
2.4  0.13763083952592026 
2.5  0.1406809780937805 
2.6  0.14366893950155146 
2.7  0.14659831552415487 
2.8  0.14947567260243702 
2.9  0.1522975489104146 
3.0  0.15507035855612333 
3.1  0.1577960307000516 
3.2  0.16047648328861625 
3.3  0.1631171967150217 
3.4  0.16571473744714577 
3.5  0.16827402819022078 
3.6  0.1708002321922927 
3.7  0.1732861709786036 
3.8  0.17574240166983351 
3.9  0.17816405764968127 
4.0  0.1805558005295653 
4.1  0.1829174026956014 
4.2  0.18524995252057389 
4.3  0.18755583057320854 
4.4  0.1898335450724656 
4.5  0.19208527263325822 
4.6  0.1943112862334466 
4.7  0.1965153068291632 
4.8  0.19869467001264327 
4.9  0.20084891919065623 
5.0  0.20298463875870537 
