#mmax= 10
#m-states: all states (FBR)
#Nr. of sites: 9
 
0.0  1.1779760415687503e-7 
0.1  -4.612221599809517e-9 
0.2  -3.460542634307275e-7 
0.3  2.8185177332791395e-7 
0.4  8.910880751497422e-6 
0.41  2.08154830090475e-5 
0.42  5.334073373529081e-8 
0.43  -4.161189048373533e-6 
0.44  -1.3260168711332423e-5 
0.45  -1.12885318595121e-5 
0.46  -1.295745392877388e-5 
0.47  -1.6025829036682067e-5 
0.48  -1.1696691451678012e-5 
0.49  1.1499701035619493e-5 
0.5  2.2903940380319246e-5 
0.51  1.6981971678706482e-5 
0.52  9.086956155589254e-6 
0.53  2.6279054865745247e-6 
0.54  -9.502810086830591e-6 
0.55  -8.889398087299059e-6 
0.56  1.9943092125742185e-6 
0.57  9.335139326904288e-6 
0.58  4.867481382624552e-6 
0.59  1.1164119522442093e-5 
0.6  2.476279876645864e-6 
0.7  2.4067937133787583e-6 
0.8  2.987881374206819e-5 
0.9  1.8739949537677417e-5 
1.0  5.029835388248599e-5 
1.1  0.00046547919795959303 
1.2  -0.002530241870996594 
1.3  -0.0030331975170586694 
1.4  -0.0031056154491545824 
1.5  -0.0032697564595215423 
1.6  -0.003333421622392054 
1.7  -0.003345811382212955 
1.8  -0.0033925551841856643 
1.9  -0.0031527031871575076 
2.0  -0.003587748267525598 
2.1  -0.0036420330877469905 
2.2  -0.003712601039092874 
2.3  -0.003509394204387882 
2.4  -0.003544838397375571 
2.5  -0.0035677009827444002 
2.6  -0.0036581770282740475 
2.7  -0.0036586334455871723 
2.8  -0.0037221929710585092 
2.9  -0.003724934041869189 
3.0  -0.003744514538769581 
3.1  -0.003753895918241088 
3.2  -0.0037718399365972 
3.3  -0.0037816965616203945 
3.4  -0.0037990658570619764 
3.5  -0.0037829872546290334 
3.6  -0.0037933138744415764 
3.7  -0.003776445555481751 
3.8  -0.0037853225576208096 
3.9  -0.003790169563211993 
4.0  -0.0037961449956073817 
4.1  -0.00380409077693396 
4.2  -0.0037898850678592297 
4.3  -0.0037980680283114746 
4.4  -0.0037794431485729586 
4.5  -0.0038088303093448167 
4.6  -0.003809420414819486 
4.7  -0.003804457800618243 
4.8  -0.003810427560331248 
4.9  -0.0038145840871336816 
5.0  -0.003818917403418102 
