#mmax= 10
#m-states: all states (FBR)
#Nr. of sites: 9

0.0  -2.2204460492503128e-16  0.0
0.1  -0.0  6.919458961314475e-19
0.2  0.00015001125112511004  3.873293219155276e-5
0.3  0.001471081510009718  0.00012133337558097498
0.4  0.007417441327862023  0.0002728569797354653
0.41  0.008536331022284432  0.0002927960914930525
0.42  0.008748153757709905  0.0002964223093565631
0.43  0.009949330853668103  0.00031621337719820814
0.44  0.011728510878605741  0.0003434774740948512
0.45  0.013267627000903792  0.0003654608880594596
0.46  0.014798966512069698  0.00038612384669389093
0.47  0.016566469308572133  0.0004087128726676007
0.48  0.018591760691130797  0.0004331956968921346
0.49  0.02066199644809389  0.00045691511309113955
0.5  0.02272629705646864  0.00047944485267156046
0.51  0.02474361389090925  0.0005005250062827017
0.52  0.026477454473416498  0.0005179900082682458
0.53  0.02952150293715593  0.0005473744792348497
0.54  0.031098587101793817  0.0005620277212085798
0.55  0.03418779953724192  0.0005897394956802687
0.56  0.03677809876620606  0.0006120715289431595
0.57  0.040228420720041964  0.0006406945807727153
0.58  0.043387783342981524  0.0006659071895649608
0.59  0.04588688277247017  0.0006852477294064392
0.6  0.048003973298480926  0.000701251137283074
0.7  0.07781020062381941  0.0008995459404338072
0.8  0.10155653950961777  0.0010338928803234947
0.9  0.12252922933792605  0.001141724151952981
1.0  0.14258867778869586  0.0012379662101122532
1.1  0.15696816217339127  0.0013036807589490028
1.2  0.1737766918609714  0.001377630010417117
1.3  0.18474752542385106  0.0014244529244740157
1.4  0.2004200271343157  0.0014896599030046192
1.5  0.21260908518447577  0.0015394814018810136
1.6  0.22141474273716225  0.0015742120716808526
1.7  0.2311259202448142  0.0016124006412728583
1.8  0.24438467088662577  0.0016636554910349373
1.9  0.25244599991123434  0.0016944604818339222
2.0  0.2596955006399319  0.001722742938597889
2.1  0.273568754251992  0.0017734701916270383
2.2  0.2795078502311914  0.001795359867666572
2.3  0.289260354413609  0.001833778387274107
2.4  0.2970392159598406  0.001860157973602807
2.5  0.3036526005792251  0.0018885888915702266
2.6  0.3118697868039497  0.001913205715186759
2.7  0.31784252783651123  0.0019334616203751302
2.8  0.3241461992549241  0.001958368401487876
2.9  0.33015836858843434  0.001978731399390321
3.0  0.33922836134111173  0.0020087336313527123
3.1  0.3451141602832014  0.002031922570731111
3.2  0.34991620095549825  0.0020460794817941047
3.3  0.3574244641507194  0.0020729549201688223
3.4  0.3610966793338588  0.002091414181001421
3.5  0.3663143779238688  0.002111356082655307
3.6  0.3734708848199072  0.002130502143232979
3.7  0.3804470779837565  0.002157722655395808
3.8  0.3872615612955321  0.002174503293541555
3.9  0.38811726124745316  0.002195326156266802
4.0  0.39523824034864125  0.00221221489346954
4.1  0.3953076414863445  0.0022154923923835674
4.2  0.4006414071296935  0.0022316665962513063
4.3  0.40597963947859733  0.002245985041283177
4.4  0.4187180622040248  0.002288496324975284
4.5  0.4152783773239459  0.0022821474416765794
4.6  0.42030106290806984  0.0022956263223536744
4.7  0.4208179852826329  0.002294428958211294
4.8  0.42572523014945174  0.0023154564432157697
4.9  0.4333840798063978  0.0023473811758005117
5.0  0.43536291391193127  0.002362487549287012
