#mmax= 10
#m-states: all states (FBR)
#Nr. of sites: 9

0.0  1.0000000000000002  0.0
0.1  1.0  6.919458961314475e-19
0.2  0.99985  3.872712225172403e-5
0.3  0.99853  0.00012115501551887095
0.4  0.9926100000000001  0.00027084056665522025
0.41  0.9915000000000019  0.00029030732471536214
0.42  0.99129  0.00029384047104206746
0.43  0.9901  0.00031308286476394584
0.44  0.9883400000000018  0.0003394725267469058
0.45  0.9868200000000006  0.00036064411355483613
0.46  0.985310000000002  0.00038045168738595845
0.47  0.9835700000000027  0.00040199772016967316
0.48  0.9815800000000011  0.00042521623215538196
0.49  0.9795500000000019  0.0004475711990284266
0.5  0.9775300000000079  0.00046867172683203427
0.51  0.9755600000000063  0.0004882921751291556
0.52  0.9738700000000013  0.0005044549293521972
0.53  0.9709100000000157  0.0005314513556339166
0.54  0.9693800000002302  0.0005448184323853024
0.55  0.9663900000000014  0.0005699183512304557
0.56  0.9638900000000026  0.0005899696260330236
0.57  0.960570000000002  0.0006154319934528485
0.58  0.9575400000000053  0.0006376327702960361
0.59  0.9551500000000058  0.0006545143687425644
0.6  0.95313  0.0006683834964786163
0.7  0.9251400008761088  0.0008322059321210325
0.8  0.903430098403451  0.0009340499466092822
0.9  0.8846800459535452  0.0010100605752160357
1.0  0.8671106574271281  0.001073453694323006
1.1  0.8547312711705003  0.0011142967122970038
1.2  0.8404845637477818  0.0011578767583112826
1.3  0.8313141430448674  0.0011841678622168715
1.4  0.8183869361572631  0.001219118203936276
1.5  0.8084721191807749  0.0012446277914181332
1.6  0.8013842430625112  0.0012615487494838278
1.7  0.7936395244598268  0.001279664878178511
1.8  0.7831863073394933  0.0013029522007087242
1.9  0.7768981642764453  0.0013164232377757552
2.0  0.7712864062675491  0.0013287282100339628
2.1  0.7606600359461553  0.001349007899712458
2.2  0.7561557917940867  0.0013575717622907432
2.3  0.748817222152622  0.001373164838002112
2.4  0.7430148737491443  0.0013821250419099537
2.5  0.7381172434182351  0.0013940000265961158
2.6  0.7320768480883701  0.0014006136097185786
2.7  0.7277173746216797  0.0014070136143111685
2.8  0.7231445114623618  0.0014161833609572766
2.9  0.7188098875101175  0.001422331694608494
3.0  0.7123197642177739  0.0014308606666614766
3.1  0.7081395074464693  0.0014388846484068925
3.2  0.7047471443816312  0.0014419686719722431
3.3  0.6994755324256858  0.001449981246479532
3.4  0.6969116182587767  0.0014575308413310546
3.5  0.6932848135059705  0.001463771108008381
3.6  0.6883410271775657  0.0014665120336769942
3.7  0.6835557381668451  0.0014749237024684065
3.8  0.6789134942078131  0.0014762996291846952
3.9  0.6783327964504158  0.0014891617307012024
4.0  0.6735195605984482  0.0014899700029989476
4.1  0.6734728191966493  0.0014920739074072902
4.2  0.6698902358353345  0.0014949716624686258
4.3  0.6663237339854217  0.0014965531391832078
4.4  0.6578896530815895  0.0015055780533164823
4.5  0.6601564825285557  0.0015065744277087529
4.6  0.6568490371627493  0.0015078799395234742
4.7  0.6565095849415126  0.0015063146030330837
4.8  0.6532958234572915  0.0015126780237501376
4.9  0.6483114406476681  0.0015218340718324468
5.0  0.6470298083449789  0.0015285998662325742
