#mmax= 10
#m-states: all states (FBR)
#Nr. of sites: 9
 
0.0  8.4590568527189e-28 
0.1  0.40324726781747794 
0.2  0.8272555519790711 
0.3  1.2997722926143456 
0.4  1.8646713615784736 
0.41  1.9284586331124172 
0.42  1.9938555582278696 
0.43  2.060799964997917 
0.44  2.129343571146548 
0.45  2.199436628709644 
0.46  2.2708430792318226 
0.47  2.344078478916782 
0.48  2.418474806702976 
0.49  2.4940624619424097 
0.5  2.570665071191999 
0.51  2.648004560349933 
0.52  2.725919844782006 
0.53  2.803944359008502 
0.54  2.8819161223529233 
0.55  2.9594312415942032 
0.56  3.0361493512269013 
0.57  3.111818325319166 
0.58  3.1860347246943084 
0.59  3.2585813278427227 
0.6  3.329280526156961 
0.7  3.911033807553667 
0.8  4.296807723199946 
0.9  4.568887705891976 
1.0  4.77733285948949 
1.1  4.946289192424066 
1.2  5.088142416323144 
1.3  5.210211864985739 
1.4  5.317075156230486 
1.5  5.411815429275434 
1.6  5.496741246892551 
1.7  5.5734752527940685 
1.8  5.643379999574686 
1.9  5.707406178640276 
2.0  5.7663745475952295 
2.1  5.820930276904599 
2.2  5.871602598838217 
2.3  5.918861176463734 
2.4  5.963060609372729 
2.5  6.004530504858732 
2.6  6.043542801056222 
2.7  6.080337119374356 
2.8  6.115084953254304 
2.9  6.148029628346376 
3.0  6.179292987271583 
3.1  6.209020957495191 
3.2  6.237327450345391 
3.3  6.264329671588806 
3.4  6.290119294211314 
3.5  6.314792958888193 
3.6  6.338422627970985 
3.7  6.36107969621712 
3.8  6.382832170237821 
3.9  6.403740759837128 
4.0  6.423853919753089 
4.1  6.443223992499919 
4.2  6.461897495929806 
4.3  6.479909316631314 
4.4  6.497303071860129 
4.5  6.514112280890485 
4.6  6.530369114510494 
4.7  6.546101393316834 
4.8  6.561339107012248 
4.9  6.57610754063929 
5.0  6.590429900047362 
