#mmax= 10
#m-states: all states (FBR)
#Nr. of sites: 9
 
0.0  9.334522916791713e-61 
0.1  -0.19764999568363353 
0.2  -0.380791827926996 
0.3  -0.53275118293514 
0.4  -0.6317154523232817 
0.41  -0.6376469768183176 
0.42  -0.642728920952429 
0.43  -0.646952644670165 
0.44  -0.6502796543025384 
0.45  -0.6527138295132893 
0.46  -0.6542904823649931 
0.47  -0.6548294100846374 
0.48  -0.6545092869541163 
0.49  -0.6532906200508368 
0.5  -0.6511948722780804 
0.51  -0.6482681146461661 
0.52  -0.644546132412171 
0.53  -0.6401229333451649 
0.54  -0.6350387047136858 
0.55  -0.6293886336219479 
0.56  -0.6232618669832588 
0.57  -0.6167338902588078 
0.58  -0.6099180672988308 
0.59  -0.6028922916378333 
0.6  -0.5957264043502648 
0.7  -0.5291457262096059 
0.8  -0.4828235361684552 
0.9  -0.45115006058833573 
1.0  -0.4273883505159805 
1.1  -0.40815270982677754 
1.2  -0.39187396402676494 
1.3  -0.3776779779569772 
1.4  -0.3650790384993355 
1.5  -0.3537798657391337 
1.6  -0.3435339954961908 
1.7  -0.3341872570687131 
1.8  -0.3255878940250227 
1.9  -0.3176489904897688 
2.0  -0.3102826524425956 
2.1  -0.30341999063253106 
2.2  -0.29700918961515194 
2.3  -0.2909946159074262 
2.4  -0.2853423923775896 
2.5  -0.2800137847469334 
2.6  -0.27497984794956165 
2.7  -0.270212781435432 
2.8  -0.2657059129985277 
2.9  -0.26140583109265536 
3.0  -0.25731270650535765 
3.1  -0.25340725289027477 
3.2  -0.24967738584036492 
3.3  -0.24611361971305323 
3.4  -0.2426969692144166 
3.5  -0.23942009961864757 
3.6  -0.23628052981251677 
3.7  -0.23325666114301574 
3.8  -0.23035357228007353 
3.9  -0.22755387053526333 
4.0  -0.22485797998760038 
4.1  -0.22225665761626753 
4.2  -0.21974391547918107 
4.3  -0.21731853580571642 
4.4  -0.21497064637524188 
4.5  -0.21269818675408975 
4.6  -0.21049639564098005 
4.7  -0.20836538792934284 
4.8  -0.20629707871588104 
4.9  -0.2042870803451376 
5.0  -0.20233911857260864 
