#mmax= 10
#m-states: all states (FBR)
#Nr. of sites: 43
 
0.0  21.500000000000014 0.011627906976742874 
0.1  19.486160006865713 0.009473641420307044 
0.2  17.668802848049964 0.007576312598528645 
0.3  16.04449465002883 0.005965756442542269 
0.4  14.605992249730026 0.004752152481235727 
0.41  14.470327004574216 0.0046606844130021585 
0.42  14.33555736107157 0.004576652156796035 
0.43  14.20140505727922 0.004496685460994354 
0.44  14.067939182593243 0.0044285470838159036 
0.45  13.934684847813712 0.004372837215486647 
0.46  13.801276484403367 0.004329691689742177 
0.47  13.667153229273358 0.00430068732298905 
0.48  13.532081726213894 0.004284390324143517 
0.49  13.396969458285168 0.004290787151282949 
0.5  13.26463117423741 0.004311873915629483 
0.51  13.138260020145426 0.004337896069894653 
0.52  13.01972435207531 0.004359207949818478 
0.53  12.908389431717747 0.004373937608861289 
0.54  12.803366239739658 0.004382604336642615 
0.55  12.703395450949756 0.004386699003053551 
0.56  12.607711810521726 0.004387662873728604 
0.57  12.515681970339013 0.004386390633878801 
0.58  12.42693401288988 0.004383531780939753 
0.59  12.34116454166748 0.004379435707022372 
0.6  12.258068343291617 0.004374568163752923 
0.7  11.54039776225293 0.004301870376820727 
0.8  10.96450779547185 0.004211400816624411 
0.9  10.481618820828361 0.004122663152258066 
1.0  10.065783034269979 0.004039122616292468 
1.1  9.701102579521717 0.003959667427832714 
1.2  9.37690405118834 0.003881344920356189 
1.3  9.085706265542347 0.0038070566546559714 
1.4  8.821939841654919 0.0037373067839133745 
1.5  8.581379434180644 0.0036717365269702817 
1.6  8.360617554189963 0.0036096569029321346 
1.7  8.15700656016492 0.003550846594624346 
1.8  7.968324454121645 0.003495045103296457 
1.9  7.792833177075066 0.00344281058796414 
2.0  7.629014793347668 0.003392745315250023 
2.1  7.475581523270623 0.0033450385618039036 
2.2  7.331481628996181 0.003299600207448572 
2.3  7.1957534750557555 0.0032561583574096664 
2.4  7.067622170558988 0.003214604114344266 
2.5  6.946398235987428 0.003174963805126274 
2.6  6.8314578463559315 0.0031369013652904343 
2.7  6.722268541293547 0.003100196401445321 
2.8  6.618361792142635 0.0030649012836518885 
2.9  6.519318546796446 0.003030929295195217 
3.0  6.4247598921350955 0.002998155660458579 
3.1  6.334357634193305 0.0029665546515519337 
3.2  6.247844044160193 0.0029358563611867616 
3.3  6.1648697091310805 0.0029067418410877455 
3.4  6.085233228380454 0.0028777795421421892 
3.5  6.008730656974094 0.0028498721449286 
3.6  5.935144494558909 0.002823378015001543 
3.7  5.864291860536612 0.002797421956327706 
3.8  5.796009953147778 0.002772227208732936 
3.9  5.730147251190499 0.0027478181349875896 
4.0  5.666543018689734 0.0027240497600159452 
4.1  5.605083025123678 0.002700918847369782 
4.2  5.545650382115459 0.0026784342086013657 
4.3  5.48812946571126 0.0026565495983676968 
4.4  5.432419500344726 0.002635249516046878 
4.5  5.378428672922811 0.0026148645358491374 
4.6  5.326073429539989 0.002594895555519061 
4.7  5.275264280625006 0.0025746314920568336 
4.8  5.225919447664693 0.0025556670912724178 
4.9  5.177988064982195 0.002536894495269615 
5.0  5.131378901040597 0.0025188176237083137 
