#mmax= 10
#m-states: all states (FBR)
#Nr. of sites: 43
 
0.0  21.500000000000036 0.011627906976744096 
0.1  26.550162586520322 0.017134818593484202 
0.2  34.46704855429683 0.02634965354836194 
0.3  49.22426040986994 0.04543421393674241 
0.4  89.99607448944421 0.10943505275354881 
0.41  98.71716153193725 0.12463954104577402 
0.42  109.44149323728766 0.1438743845538134 
0.43  122.78667442537824 0.1679295536206522 
0.44  140.06982781390846 0.19909573414641657 
0.45  163.19773901427737 0.23982065916997264 
0.46  194.21563386616734 0.29068692372949156 
0.47  236.7481691111377 0.35229629308514776 
0.48  293.89327750691206 0.4205956025016695 
0.49  364.9123839913482 0.4865657991337258 
0.5  442.44501308743395 0.5405513419514778 
0.51  515.6276025235524 0.5785936873443485 
0.52  576.8026219595602 0.6026061578233105 
0.53  626.2165257096648 0.617576837729432 
0.54  666.2070566025293 0.627097339530476 
0.55  699.4779401422962 0.6334823003119119 
0.56  728.0589086744833 0.638033327405366 
0.57  753.2204191283146 0.6414446115456645 
0.58  775.7107198969004 0.6440949205798228 
0.59  796.0751350440893 0.6462176463794131 
0.6  814.7116332128002 0.6479611025852069 
0.7  945.1520752110724 0.6563419082488844 
0.8  1025.9301059818229 0.6593797102668864 
0.9  1084.3274765338517 0.6609735117780212 
1.0  1129.9451930130906 0.6619685244221123 
1.1  1167.279905611502 0.6626557526551056 
1.2  1198.7932165364703 0.6631623511632796 
1.3  1225.9766495640006 0.6635530788985149 
1.4  1249.8171360830474 0.6638647296076021 
1.5  1270.9793874078857 0.664119426460787 
1.6  1289.9667089382792 0.6643319073634399 
1.7  1307.137701698351 0.6645119523638026 
1.8  1322.7846470441664 0.6646666315113656 
1.9  1337.1192734646968 0.6648009106053936 
2.0  1350.3187663260233 0.6649185621166842 
2.1  1362.5351627038099 0.6650225877508193 
2.2  1373.8827125335188 0.6651151743330779 
2.3  1384.4652765522515 0.6651981494832685 
2.4  1394.3635297619182 0.6652729020076942 
2.5  1403.6490966889835 0.6653405923419746 
2.6  1412.3842097032104 0.665402179293356 
2.7  1420.620969720325 0.6654584366715988 
2.8  1428.40531084841 0.6655100249609548 
2.9  1435.7774666235368 0.6655574936626868 
3.0  1442.7738258731824 0.6656013255803794 
3.1  1449.424386862257 0.6656419094838064 
3.2  1455.7519793360414 0.6656795537842812 
3.3  1461.7922518784749 0.6657146460430663 
3.4  1467.5650004851545 0.6657474162970671 
3.5  1473.0819366900635 0.6657780282937675 
3.6  1478.3654347744723 0.6658067198481582 
3.7  1483.431859439887 0.6658336647819922 
3.8  1488.291159298306 0.665858981769278 
3.9  1492.9653239658724 0.6658828744885418 
4.0  1497.4611173437388 0.6659054237836148 
4.1  1501.7908876602369 0.6659267477130011 
4.2  1505.9634475036278 0.6659469334105146 
4.3  1509.989425282216 0.6659660784336208 
4.4  1513.8763746800162 0.6659842541790371 
4.5  1517.6315761939459 0.6660015284478642 
4.6  1521.2630428126813 0.6660179709271199 
4.7  1524.778496865059 0.6660336449020046 
4.8  1528.1818584747446 0.6660485904585476 
4.9  1531.4806788037358 0.6660628672602423 
5.0  1534.6792028107493 0.6660765119269998 
