#mmax= 10
#m-states: all states (FBR)
#Nr. of sites: 43
 
0.0  -4.0409640164556266e-24 
0.1  0.025784610432160807 
0.2  0.056583620419363524 
0.3  0.09922144156326074 
0.4  0.16673281964760808 
0.41  0.1758914249243349 
0.42  0.18571643525442805 
0.43  0.1962877010333392 
0.44  0.2077441445123654 
0.45  0.22025328700027652 
0.46  0.2340001234559456 
0.47  0.24922837847870233 
0.48  0.26607681488382645 
0.49  0.28424516658079874 
0.5  0.30271151830851023 
0.51  0.32014779558326534 
0.52  0.33566254116193694 
0.53  0.34930969112247656 
0.54  0.361399581052508 
0.55  0.3722897709823857 
0.56  0.38225958717239467 
0.57  0.39149593923589343 
0.58  0.40011346773995643 
0.59  0.4082024438141776 
0.6  0.415833282638005 
0.7  0.47498183976879094 
0.8  0.5159454859391455 
0.9  0.5471712996629365 
1.0  0.5723094005958761 
1.1  0.5932771592833472 
1.2  0.6112049501053685 
1.3  0.6268135670152983 
1.4  0.6405968168774774 
1.5  0.6528988766832124 
1.6  0.6639827541766421 
1.7  0.674041479762681 
1.8  0.6832326733375171 
1.9  0.6916739076259122 
2.0  0.699463247823734 
2.1  0.7066849574327732 
2.2  0.7134039437655382 
2.3  0.7196780655308181 
2.4  0.725553784254877 
2.5  0.7310720290601624 
2.6  0.7362681947771075 
2.7  0.7411723077833785 
2.8  0.7458108809060203 
2.9  0.750207180687839 
3.0  0.7543821407962054 
3.1  0.7583533302472368 
3.2  0.7621347175747049 
3.3  0.7657453183539331 
3.4  0.7691977765574542 
3.5  0.7724992185808299 
3.6  0.7756622716148197 
3.7  0.7786967027917251 
3.8  0.7816083713965986 
3.9  0.7844101981304192 
4.0  0.7871058503655313 
4.1  0.789702819959677 
4.2  0.7922064090707011 
4.3  0.7946227567099464 
4.4  0.7969563163277698 
4.5  0.799211432336343 
4.6  0.8013929550116498 
4.7  0.8035052930787876 
4.8  0.8055505768138805 
4.9  0.8075336976282218 
5.0  0.8094567044580969 
