#mmax= 10
#m-states: all states (FBR)
#Nr. of sites: 43
 
0.0 1.4210854715202004e-14
0.1 -0.2631749005521035
0.2 -1.061348344500574
0.3 -2.4251369378198557
0.4 -4.427724441639285
0.41 -4.66863373502602
0.42 -4.917928021641546
0.43 -5.175979126137131
0.44 -5.443228367756063
0.45 -5.720203244374019
0.46 -6.007537458292955
0.47 -6.306006681161273
0.48 -6.616499336054659
0.49 -6.939859402865377
0.5 -7.2765091469153855
0.51 -7.626057559061763
0.52 -7.987385051187587
0.53 -8.359146261828343
0.54 -8.74015020491133
0.55 -9.129458185729462
0.56 -9.526340560347673
0.57 -9.9302156126097
0.58 -10.340602187125768
0.59 -10.757090300515017
0.6 -11.179324323722662
0.7 -15.661758351162703
0.8 -20.50271606112974
0.9 -25.60398815084325
1.0 -30.908579776888786
1.1 -36.37924520858395
1.2 -41.98973348796517
1.3 -47.720533357542394
1.4 -53.55656612849947
1.5 -59.48582793172773
1.6 -65.498545887619
1.7 -71.5865970568857
1.8 -77.74314646948034
1.9 -83.96235328210602
2.0 -90.2391830051128
2.1 -96.56925208473355
2.2 -102.94871414573461
2.3 -109.37417048733778
2.4 -115.84259866285682
2.5 -122.35129357764876
2.6 -128.8978303530902
2.7 -135.48001922568275
2.8 -142.09586964472783
2.9 -148.74357331892088
3.0 -155.42147889081372
3.1 -162.1280731091377
3.2 -168.86196313276673
3.3 -175.62187050723827
3.4 -182.4066130247336
3.5 -189.21509159679988
3.6 -196.04628875155817
3.7 -202.89925710520384
3.8 -209.77311388683023
3.9 -216.6670339455717
4.0 -223.58024569078313
4.1 -230.51202548661382
4.2 -237.46169423707664
4.3 -244.42861258814372
4.4 -251.41217901038837
4.5 -258.4118260320175
4.6 -265.42701767104575
4.7 -272.45724730745053
4.8 -279.5020350579222
4.9 -286.5609260852198
5.0 -293.6334886350363
