#mmax= 10
#m-states: all states (FBR)
#Nr. of sites: 43
 
0.0  0.0 
0.1  0.02297492996432183 
0.2  0.07702286193259633 
0.3  0.1600491210331431 
0.4  0.29195345226380076 
0.41  0.3109946808448775 
0.42  0.33220645538160654 
0.43  0.3561791710299598 
0.44  0.3841106778421228 
0.45  0.41788731023977504 
0.46  0.4596284708363295 
0.47  0.5126688431932406 
0.48  0.5784367346994305 
0.49  0.6506840662058736 
0.5  0.7142898293206581 
0.51  0.7562001443028266 
0.52  0.7754499252787563 
0.53  0.7808131200589351 
0.54  0.779587435763876 
0.55  0.7760131754466782 
0.56  0.7719531496876145 
0.57  0.7680853401301055 
0.58  0.7646197817449925 
0.59  0.7615746793403778 
0.6  0.7589053953757521 
0.7  0.7442727871467213 
0.8  0.7384506993781235 
0.9  0.7354438476461723 
1.0  0.733398974869155 
1.1  0.7321959072600467 
1.2  0.7312695737186864 
1.3  0.7307220377254365 
1.4  0.7301960215274 
1.5  0.7297304263310374 
1.6  0.7293614012768384 
1.7  0.7290259298375261 
1.8  0.7287379622232696 
1.9  0.7284833773147961 
2.0  0.7282534888201008 
2.1  0.7280507342815487 
2.2  0.727864778658822 
2.3  0.7276968125348442 
2.4  0.727542108599941 
2.5  0.7274001272762831 
2.6  0.7272687763897518 
2.7  0.7271481962826906 
2.8  0.7270350538698394 
2.9  0.72692977926546 
3.0  0.7268319882736491 
3.1  0.7267403771674708 
3.2  0.7266537154114082 
3.3  0.72657262213166 
3.4  0.7264947202821311 
3.5  0.7264222715035976 
3.6  0.7263537314096993 
3.7  0.7262887514041245 
3.8  0.7262272355949386 
3.9  0.7261676377643573 
4.0  0.7261117963595229 
4.1  0.7260583571444527 
4.2  0.7260072357247775 
4.3  0.725958366336005 
4.4  0.7259115110815092 
4.5  0.7258665744429438 
4.6  0.7258234346516336 
4.7  0.7257820328204415 
4.8  0.7257421650701728 
4.9  0.7257038042890104 
5.0  0.7256668145343411 
