0.0  -2.2204460492503128e-16  0.0
0.1  0.006269608896171496  0.0002507861852574708
0.2  0.026598316891061905  0.0005190777181696952
0.3  0.06985397187931923  0.0008503472353756141
0.4  0.1508146186062211  0.0012788522409186564
0.41  0.1625543357189138  0.001335352897149363
0.42  0.18098868676587537  0.0014150407667508098
0.43  0.19990742730576158  0.0014972782967330668
0.44  0.22241840362686355  0.0015891290013040644
0.45  0.24761165982392977  0.001697022113488211
0.46  0.2810831345301285  0.0018231745963471783
0.47  0.3354464084748858  0.002021920013118541
0.48  0.40422169122356616  0.002275630026397123
0.49  0.4855408905965931  0.0025712322646989985
0.5  0.5741734067222469  0.002870993586043847
0.51  0.6470978110538704  0.0031124062152834216
0.52  0.6867670701620334  0.0032575556566227576
0.53  0.7065803753650547  0.0033107839641143447
0.54  0.7115526839715575  0.003315190053345663
0.55  0.7147376923631036  0.003320335772737426
0.56  0.716933501826373  0.003322553591450859
0.57  0.7243082048647094  0.003338632884624664
0.58  0.7197096781620852  0.003318679509921454
0.59  0.7152832810645922  0.0033044164873068187
0.6  0.7186931741033941  0.003306959833714856
0.7  0.7100318265787365  0.003263921991580689
0.8  0.7048063718168027  0.0032435876962481247
0.9  0.7050278666713896  0.003238577353639818
1.0  0.7020313937172554  0.003230277393374024
1.1  0.7021748500341097  0.0032264115831346627
1.2  0.7004215927579823  0.0032211013038830915
1.3  0.7050788668710023  0.0032402131028307843
1.4  0.7078698690568153  0.0032461316388563213
1.5  0.7032625799511776  0.0032301142727378077
1.6  0.7009572971629202  0.003226003913918273
1.7  0.7065141638497737  0.0032409409063051224
1.8  0.7056191078286229  0.003234317851693613
1.9  0.7049609773431025  0.0032384839896861884
2.0  0.7026515195465138  0.003222378890999839
2.1  0.7011186616128727  0.003222376036594137
2.2  0.7077947172533573  0.0032477325473746765
2.3  0.701071201988544  0.003222720452210033
2.4  0.7083652522120776  0.0032430653342689197
2.5  0.7038141744926347  0.003230450111809327
2.6  0.7046507240857985  0.0032298160634921975
2.7  0.7008976258973966  0.0032242387084576254
2.8  0.7001582909706965  0.003217090480891566
2.9  0.6996075885595533  0.0032147440913627983
3.0  0.7029989792110292  0.0032231774275529443
3.1  0.6997921583899664  0.003216239470937487
3.2  0.7043513739466801  0.0032303620225169675
3.3  0.7087175278519905  0.0032438134781101902
3.4  0.7009133850390431  0.0032191934132369785
3.5  0.7064500285521885  0.0032388704192315198
3.6  0.7041358054349294  0.003228178128532446
3.7  0.7077081405254549  0.003240465225799761
3.8  0.7037523803331487  0.003229663163234981
3.9  0.7010008585212534  0.003221492647479744
4.0  0.7008296984379734  0.003220037559737453
4.1  0.7077318754378196  0.003242778259015655
4.2  0.7107440214710622  0.0032469655098846194
4.3  0.7050139244556749  0.003230621073738939
4.4  0.7015034512808284  0.0032269807393586203
4.5  0.705139292914366  0.0032331619346525633
4.6  0.7036066631256301  0.0032256972339496166
4.7  0.7040954181938488  0.0032336252672517853
4.8  0.7074771226562867  0.0032359208267441213
4.9  0.7019854694143358  0.0032215175646446177
5.0  0.7089696767036187  0.0032450050175274465
0.0  -2.2204460492503128e-16  0.0
0.1  0.006350159066532418  0.00025239627666644344
0.2  0.028177012050100276  0.0005346482871717643
0.3  0.06669712796543678  0.00083026720177434
0.4  0.1490544521995262  0.001277235027920881
0.41  0.16179726473885261  0.0013304013142816805
0.42  0.17946336440843097  0.0014126835339295465
0.43  0.19865962566769457  0.0014935809400379336
0.44  0.2194772287407483  0.0015764908918509853
0.45  0.24885277289680485  0.001695148898964284
0.46  0.2879804062035202  0.0018520332806663683
0.47  0.33434153207996614  0.002025154770875921
0.48  0.39942815788705305  0.0022617648684765913
0.49  0.48735804712269465  0.0025658850319904645
0.5  0.5794052066803624  0.002886270935550329
0.51  0.6450620933875502  0.0031119359521306917
0.52  0.6899327191465039  0.0032567412796475773
0.53  0.7096814103138812  0.0033196654853815664
0.54  0.7076649933634174  0.0033106286272164163
0.55  0.7163588870345057  0.0033334044949730403
0.56  0.7199164906791223  0.003335996280979225
0.57  0.7144129541945841  0.0033052705360410157
0.58  0.7137204767892631  0.0032973576773524687
0.59  0.7158854253198141  0.003302548870037828
0.6  0.7140081836216773  0.003291248548031975
0.7  0.7085335741427952  0.003260424610026811
0.8  0.7083154489456194  0.003253103060311848
0.9  0.702748295380504  0.003235066970839812
1.0  0.7032623776624471  0.003236536984186822
1.1  0.7011891673816139  0.0032262967214030003
1.2  0.7050685644465091  0.003237970250464905
1.3  0.7080516827573812  0.003246523585172772
1.4  0.7058008976115666  0.003235262066479582
1.5  0.7065731069766111  0.0032358247972657742
1.6  0.7025048351169958  0.003227549779287193
1.7  0.6998874836129153  0.0032208494110774898
1.8  0.704183308182153  0.003231514897098753
1.9  0.7061467764224247  0.0032399560033072095
2.0  0.7071831147560239  0.003236031180115044
2.1  0.7021177921316629  0.0032290147478501985
2.2  0.696052450306222  0.003207501245046104
2.3  0.7056441992881877  0.0032355041312971933
2.4  0.7026853521197972  0.003225453108296175
2.5  0.7078137277916159  0.0032413619573626587
2.6  0.7041351727409695  0.003231478765870201
2.7  0.703104668528127  0.0032307463534504547
2.8  0.7037628592901958  0.0032329343575334753
2.9  0.6990800530951103  0.0032201526874414597
3.0  0.707792983295351  0.0032419043779450723
3.1  0.7106693827379543  0.0032491366199517064
3.2  0.7076706854330559  0.0032416226518484316
3.3  0.7051106943739811  0.003234567800316968
3.4  0.7004755725110033  0.003221330934710204
3.5  0.7011822689058567  0.0032198336456199343
3.6  0.7052535602985511  0.003232374498929458
3.7  0.7025017328264974  0.0032247204906575644
3.8  0.7066770399202725  0.0032367544495707132
3.9  0.7035876136620008  0.0032271838283667795
4.0  0.7031369716159513  0.0032267978837746533
4.1  0.7075046688816875  0.003243533846891927
4.2  0.7067648603480127  0.003235512498786094
4.3  0.7109127087704064  0.0032500530583005824
4.4  0.7073679065987412  0.0032391585481656225
4.5  0.7088677108572042  0.0032449670069478157
4.6  0.7085468320444824  0.003242624789694704
4.7  0.7005652660098082  0.0032187050680294975
4.8  0.7045945229436661  0.0032337636088819073
4.9  0.7043685791103661  0.003230641583301516
5.0  0.6948268742958298  0.0031990889355870684
