#mmax= 10
#m-states: all states (FBR)
#Nr. of sites: 43
 
0.0  -0.0 
0.1  0.006345429209630864 
0.2  0.026700282927521066 
0.3  0.06678830022305185 
0.4  0.1497079457293769 
0.41  0.16354438287801387 
0.42  0.17947282124276764 
0.43  0.19812549975633434 
0.44  0.2206501083148489 
0.45  0.24891647467806327 
0.46  0.2856463368958737 
0.47  0.33544546649479373 
0.48  0.4033622990250118 
0.49  0.4888435012303325 
0.5  0.577705882776138 
0.51  0.6481437417979167 
0.52  0.6894245603075849 
0.53  0.7088758724705942 
0.54  0.7162247974616133 
0.55  0.718174016029971 
0.56  0.7180194319763065 
0.57  0.7171368522376789 
0.58  0.7160782938100455 
0.59  0.7150486235727707 
0.6  0.7141125685224353 
0.7  0.7090509698780443 
0.8  0.7071447781869414 
0.9  0.7062315721214646 
1.0  0.7052568524711672 
1.1  0.7049662661537711 
1.2  0.7046563087850148 
1.3  0.7047492275638344 
1.4  0.7046485135945758 
1.5  0.7045038980991462 
1.6  0.7044271202607908 
1.7  0.7043251934735837 
1.8  0.7042432393249379 
1.9  0.70416998027735 
2.0  0.7040979348293283 
2.1  0.7040401810465545 
2.2  0.7039830214658743 
2.3  0.7039328647570394 
2.4  0.7038847336838895 
2.5  0.7038408539512657 
2.6  0.7038004381851559 
2.7  0.703764111751782 
2.8  0.7037279127810869 
2.9  0.7036945882307656 
3.0  0.7036645430186067 
3.1  0.7036364630248311 
3.2  0.7036095966805714 
3.3  0.7035841648938125 
3.4  0.7035582718826575 
3.5  0.7035357545535227 
3.6  0.7035145476273617 
3.7  0.7034945082291788 
3.8  0.7034755190244131 
3.9  0.7034560366065925 
4.0  0.7034388668075816 
4.1  0.7034224343854003 
4.2  0.7034066277637492 
4.3  0.7033915968304636 
4.4  0.7033771050359704 
4.5  0.7033632654566938 
4.6  0.7033499337143536 
4.7  0.7033372240798799 
4.8  0.7033249245155071 
4.9  0.7033130913633776 
5.0  0.7033016335529455 
