#mmax= 10
#m-states: all states (FBR)
#Nr. of sites: 43

0.0  0.0 0.0 0.0 NaN NaN 0.0 
0.1  0.00112 0.0021898025957501474 0.4795235408354083 0.03610504548547247 8.138742392764136 0.0 
0.2  0.00288 0.004329630990401507 1.874570451304513 0.010708568613405791 1.9176166778542028 0.0 
0.3  -0.00766 0.006539865514091969 4.276984094240942 0.02599021469239894 0.8037718204349638 0.0 
0.4  -0.005 0.008796529076245806 7.73789237892379 -0.0026283246575326785 0.4218321365461035 0.0 
0.41  -0.00244 0.009075062756347216 8.235676403164032 0.012658077551596121 0.3511424180110496 0.0 
0.42  -8.0e-5 0.009348201635862283 8.738887382473827 -0.0016777920881849524 0.3004195839708248 0.0 
0.43  0.00852 0.00956239449562111 9.143938848988489 -0.008487459905451796 0.3158985306537234 0.0 
0.44  0.003 0.009864607600144624 9.731048310483107 0.009512094372636268 0.2940164088094419 0.0 
0.45  0.00854 0.010132279966274775 10.266309731497314 0.008758443859390582 0.27303763329535347 0.0 
0.46  0.00452 0.010394694617580736 10.80496761927619 0.012358410845859728 0.2603302179592619 0.0 
0.47  0.01056 0.010714552388239502 11.480163288032882 0.0030519327823341513 0.22993623832760957 0.0 
0.48  0.00588 0.011029345888161601 12.16464707207072 0.006968611363326452 0.218188059084107 0.0 
0.49  0.00736 0.011329004447320943 12.834634176741769 -0.007548205281561289 0.17679227680571463 0.0 
0.5  0.00496 0.011645235510675643 13.561151009910102 -0.008881827662902684 0.1261113580993145 0.0 
0.51  -0.02638 0.01196597145244497 14.318447280072796 -0.0074601803438048425 0.1253702126133427 0.0 
0.52  0.0027 0.012207907987455278 14.903301743017437 0.017512105456617664 0.14476943445004764 0.0 
0.53  -0.00148 0.01244819375135512 15.495752767127668 -0.008113103149909182 0.11282217128726746 0.0 
0.54  0.0132 0.012683211984298866 16.086386623866236 0.011605173263122204 0.11352371141054052 0.0 
0.55  -0.0124 0.012905166710789841 16.654332783327828 0.0022696570023385417 0.08456050344283206 0.0 
0.56  0.02716 0.013111855038530037 17.192074255142554 0.01892153764580996 0.08126111903630262 0.0 
0.57  0.00177 0.01324328594108068 17.538462251722517 -0.002414469970997842 0.10586253691383973 0.0 
0.58  -0.01848 0.013427910782540962 18.030878798387985 -0.0032502884007051744 0.08686541318790253 0.0 
0.59  -0.0016 0.013553605107207236 18.370021140211406 0.007330263920469291 0.08148357743886958 0.0 
0.6  -0.01754 0.01369817505670003 18.76399998839989 -0.003845525224385778 0.07676295861459659 0.0 
0.7  0.00848 0.014856321482752047 22.071028799887998 -0.001541956537324088 0.0524734796105486 0.0 
0.8  -0.00746 0.015838862086006107 25.086955217952177 0.002532261965012513 0.019062415376876807 0.0 
0.9  -0.02233 0.016527481516778436 27.315764528745284 -0.00680315546421121 0.028669718192815274 0.0 
1.0  -0.00068 0.017190222523676187 29.550375041350414 -0.006632821152236401 0.02926684287031467 0.0 
1.1  0.04091 0.017696476919770037 31.316529537195365 0.0027907955077707608 0.03065919671498074 0.0 
1.2  0.01517 0.018234876578091724 33.25107238182382 -0.007577295477309914 0.03895952820831727 0.0 
1.3  -0.01016 0.018725295034010575 35.06366741107411 -0.002369701282291239 0.00861233680006368 0.0 
1.4  -0.01863 0.019193090240451894 36.837471297812975 -0.007775726219377606 0.02021206649540863 0.0 
1.5  0.0022 0.019485906409646075 37.9700548605486 0.004037999271688082 -0.015863668984187562 0.0 
1.6  -0.02381 0.019838113981592694 39.35507663466635 0.009182610944542594 -0.014469803981152385 0.0 
1.7  0.02726 0.020280125289524657 41.12834817588176 0.0029262335769562535 -0.0053264647602881965 0.0 
1.8  -0.00334 0.02064016832803178 42.601654860948614 -0.010964443126486482 0.006263783898106112 0.0 
1.9  -0.02628 0.020983209872823698 44.02950965669658 -0.005315344781688111 0.0077612415093031295 0.0 
2.0  -0.0075 0.021299060401805046 45.36499739997398 -0.008564956108708026 -0.0011395214190477176 2.882927091445983e-309 
2.1  0.00777 0.021549843160181055 46.43957402284022 -0.00021558811343422912 0.00868709943204804 3.270594e-317 
2.2  -0.01443 0.021830739418600455 47.65811835628357 -0.007431462665427892 -0.01850997386695763 1.1775317937808578e-302 
2.3  0.0494 0.022125381165641358 48.953249172491724 0.009186811212555329 -0.00601025115822118 2.677948931196258e-286 
2.4  -0.02324 0.02241402290772964 50.2388422908229 -0.0010615753296942805 -0.0058813044717695995 1.1484998942226422e-295 
2.5  -0.00406 0.02268530320259824 51.4622981393814 -0.011483455115418442 0.0172135158953024 5.9180665801069806e-279 
2.6  -0.00788 0.022927290194489986 52.56606356623567 -0.009939541439204589 -0.028255459157172425 1.7474438977865196e-264 
2.7  0.00188 0.02318980255037596 53.776694232542326 0.004437609272975868 0.0137098204581112 5.248975472957706e-262 
2.8  0.00929 0.02341016696476497 54.80359173181731 -0.0011040412994443895 0.027408099034418765 1.941531014808412e-254 
2.9  -0.02508 0.023703437060166713 56.18529284652847 0.010207687167403607 -0.017246984886464034 5.87437925854037e-248 
3.0  -0.00114 0.023864846161515962 56.95308823128231 -0.0022064584725577613 0.006414336104104468 2.857937705073654e-259 
3.1  -0.00402 0.024150454878546456 58.32444708407083 0.003181057843068253 -0.021419598215499658 3.097950836845944e-250 
3.2  0.0013 0.024422627781372698 59.64647477474776 -0.0030205584886336518 0.002835817718044975 1.3290348220087124e-235 
3.3  0.0479 0.024469038461664823 59.87338432384324 0.002957539231956871 0.024711151281430865 5.52436267347708e-237 
3.4  -0.01971 0.024770392626733004 61.357235088250874 -0.0153775333507589 0.011769329055875577 2.730507038229936e-238 
3.5  0.00813 0.024948283772629174 62.24168631996321 -0.005749223942905323 0.003180150945122584 9.107351190645316e-226 
3.6  -0.01734 0.025175649572102676 63.381333137731374 0.013020464293248898 0.02330671996653244 8.559290570416754e-230 
3.7  0.03022 0.025403872167116783 64.53567210832108 -0.014409157483358016 -0.008595595724884664 2.2135790805297644e-223 
3.8  -0.00548 0.025599481499251703 65.53334530305303 0.016278163401031623 0.0029401844551935064 5.168119360314872e-224 
3.9  0.00371 0.025729846144289827 66.2024982608826 -0.0010821101832983436 -0.015847153093769606 1.7797670985705128e-224 
4.0  -0.02533 0.025890855282799614 67.03363872748727 -0.002278179675148312 0.003822550317911233 6.76079293819271e-209 
4.1  -0.00544 0.026027894240156765 67.74512785767858 -0.012885315455602078 0.005706850789514828 4.007830133262035e-212 
4.2  0.01882 0.026207978301602486 68.68581266572667 -0.008231016043480845 -0.026452743008622104 5.494280388547557e-210 
4.3  0.01967 0.026446799905532094 69.94332252432523 -0.001587425169680785 0.01584711207492351 2.5470414026267278e-200 
4.4  -0.00049 0.026633948097698784 70.93671912709127 -0.009464076856541787 -0.01819548451035491 2.6891696870118325e-211 
4.5  0.01256 0.02677500310871905 71.69007914719148 -0.014236488944322492 0.015574343651880262 7.502775101813383e-198 
4.6  0.01048 0.02696039262183886 72.68627703237033 -0.004626749602258257 -0.021210752497084595 2.1577380229177968e-190 
4.7  0.03248 0.02707609982342022 73.31151816478165 -0.004796557912856809 -0.001979567320960385 1.0267936808238304e-195 
4.8  -0.02244 0.027148936169053683 73.70647351113512 1.7638828840335693e-5 -0.007748743067049091 8.530855345337e-191 
4.9  -0.02076 0.02735438489251273 74.82623728477286 -0.005678671678554401 0.0026369454413206483 2.183806888338196e-190 
5.0  -0.00382 0.0273956010933433 75.05189592655925 0.004930801634348527 0.035607059686385334 5.718325451688294e-191 
