#mmax= 10
#m-states: all states (FBR)
#Nr. of sites: 43
 
0.0  -1.0308701706069203e-44 
0.1  0.002481036742514832 
0.2  0.009691531309902595 
0.3  0.020902437643613485 
0.4  0.034670445819696784 
0.41  0.03609566268390608 
0.42  0.03751461227134206 
0.43  0.03892162951804462 
0.44  0.040310485357166984 
0.45  0.04167373012160529 
0.46  0.04300116392472627 
0.47  0.044281154847321924 
0.48  0.04549866413473427 
0.49  0.046640405573890896 
0.5  0.047704885363396426 
0.51  0.048707247797573364 
0.52  0.049670238964112476 
0.53  0.05060707149945289 
0.54  0.05152337630128155 
0.55  0.05242034090387856 
0.56  0.053297745251242507 
0.57  0.05415592197361042 
0.58  0.054995476673022736 
0.59  0.05581700193442719 
0.6  0.05662150672133902 
0.7  0.06389961379272882 
0.8  0.07016776671116459 
0.9  0.07576479104327499 
1.0  0.0808841777358684 
1.1  0.08564447558298768 
1.2  0.09012243383781675 
1.3  0.09437115087868142 
1.4  0.09842747692419931 
1.5  0.10231958801984806 
1.6  0.10606858531795924 
1.7  0.10969146258629056 
1.8  0.1132006444970198 
1.9  0.11660759613734846 
2.0  0.11992188240015544 
2.1  0.12314982769048906 
2.2  0.1262985490258544 
2.3  0.12937407041289742 
2.4  0.13238145149751315 
2.5  0.13532469993586776 
2.6  0.1382082294645018 
2.7  0.14103597450909952 
2.8  0.14381090312469352 
2.9  0.1465358993257763 
3.0  0.14921331623875614 
3.1  0.1518459073576038 
3.2  0.15443650706545564 
3.3  0.15698625038362815 
3.4  0.15949418959265588 
3.5  0.16196708681352195 
3.6  0.16440505125852742 
3.7  0.16680845432861177 
3.8  0.1691827728846484 
3.9  0.17152102027268656 
4.0  0.17383121565357307 
4.1  0.1761118704430359 
4.2  0.178364778904598 
4.3  0.18059018764414986 
4.4  0.18278990216916655 
4.5  0.1849653716208199 
4.6  0.18711591889470366 
4.7  0.18924144964781955 
4.8  0.19134706275339225 
4.9  0.19342856641748948 
5.0  0.19549096629884374 
