#mmax= 10
#m-states: all states (FBR)
#Nr. of sites: 43
 
0.0  5.2402436731529326e-8 
0.1  -1.1839666867688648e-8 
0.2  1.298023407737602e-6 
0.3  2.3907211447050858e-6 
0.4  5.42938899338867e-6 
0.41  3.823196229479255e-5 
0.42  6.79513366966219e-6 
0.43  4.6880322179087775e-6 
0.44  -3.1995036676316316e-5 
0.45  -9.966079947604503e-6 
0.46  -0.0005455929268805044 
0.47  -0.00048434901250387935 
0.48  -0.0012432126101674696 
0.49  -0.0019320474911497642 
0.5  -0.00219200502581586 
0.51  -0.005995855588691371 
0.52  -0.009512004180364743 
0.53  -0.010103656040738812 
0.54  -0.012642381648830667 
0.55  -0.02392878101034914 
0.56  -0.025759411214973764 
0.57  -0.03053908927945941 
0.58  -0.03083112299480995 
0.59  -0.03323994651008604 
0.6  -0.033012060649603575 
0.7  -0.1047326664556516 
0.8  0.2607038458327562 
0.9  0.2430534163482646 
1.0  0.7318552781390454 
1.1  0.6759212510881052 
1.2  0.7171458426809277 
1.3  0.3939514264560213 
1.4  0.27064928733568216 
1.5  0.28358829994234064 
1.6  0.168898772565662 
1.7  0.17082785170192438 
1.8  0.14455387163711012 
1.9  0.12041175492420164 
2.0  0.13369992100945668 
2.1  0.1074561774001933 
2.2  0.11103542104642611 
2.3  0.10302275432556293 
2.4  0.11021143259803413 
2.5  0.11419851880832108 
2.6  0.11683318617548798 
2.7  0.11309749437515722 
2.8  0.1245980962010621 
2.9  0.13214721368400945 
3.0  0.13312122161417608 
3.1  0.13353791811084412 
3.2  0.13590753931560853 
3.3  0.14000026472744262 
3.4  0.15205410377208012 
3.5  0.1539892239264075 
3.6  0.1552499887843206 
3.7  0.15602737430167682 
3.8  0.1569403884246284 
3.9  0.16356171205054082 
4.0  0.16394101918178544 
4.1  0.1641933096744013 
4.2  0.16491431053347166 
4.3  0.1651305849771976 
4.4  0.16578436829677157 
4.5  0.16602384593493474 
4.6  0.16651990164486655 
4.7  0.16649576306709898 
4.8  0.16679439577254399 
4.9  0.16705826830665865 
5.0  0.16755919805824293 
