#mmax= 10
#m-states: all states (FBR)
#Nr. of sites: 43

0.0  -2.2204460492503128e-16  0.0
0.1  -0.0  1.6465479571870288e-19
0.2  -0.0  5.051918215385057e-19
0.3  -0.0  2.813898363012246e-19
0.4  -0.0  2.987546501618768e-19
0.41  -0.0  3.0139792108373387e-19
0.42  -0.0  3.07945867451228e-19
0.43  1.0000050000287824e-5  1.000010000100001e-5
0.44  2.000020000268671e-5  1.4142347759124126e-5
0.45  -0.0  2.9999395111004484e-19
0.46  1.0000050000287824e-5  1.000010000100001e-5
0.47  5.000125004166272e-5  2.2361350619988902e-5
0.48  5.000125004166272e-5  2.2361350619988902e-5
0.49  6.000180007195222e-5  2.4495754786904502e-5
0.5  0.00012000720057606084  3.464326801619994e-5
0.51  0.00017001445163787897  4.1234767517216265e-5
0.52  0.00017001445163787897  4.123476751721625e-5
0.53  0.00028003920731881727  5.292270049519169e-5
0.54  0.00022002420354991705  4.690955245538532e-5
0.55  0.00046010583245654704  6.783924377112336e-5
0.56  0.00043009247651092477  6.558881622914205e-5
0.57  0.0004501012803852057  6.709747336800072e-5
0.58  0.0005501513054812704  7.418275874812505e-5
0.59  0.0005401458525092518  7.350490871504305e-5
0.6  0.0007202593244832774  8.488380168069287e-5
0.7  0.001711463718876507  0.00013087957205905982
0.8  0.002813955461620725  0.000167867403923451
0.9  0.00418876062137633  0.00020488015318517486
1.0  0.0061891131003716324  0.0002491659549249792
1.1  0.008324553092680036  0.0002891259599394938
1.2  0.010242273228425065  0.00032085834189462045
1.3  0.012042217284966366  0.0003480680655464171
1.4  0.014007650573938425  0.0003755843232243292
1.5  0.015804231470847918  0.0003991232652008779
1.6  0.018174153937752582  0.0004282580096804673
1.7  0.020998942529117787  0.00046066456200790517
1.8  0.023217451115303517  0.0004846577041851318
1.9  0.024979403669959353  0.0005029339510686231
2.0  0.02679582269422008  0.0005211365509585978
2.1  0.02939791507866901  0.0005462105618629139
2.2  0.03149066698549785  0.0005656152735576138
2.3  0.03485027721040357  0.0005955251376040815
2.4  0.035834452637452  0.0006040249126891285
2.5  0.03951035409285899  0.0006348359802254582
2.6  0.04069700198185374  0.0006444911888198046
2.7  0.04238571612486468  0.0006580064600130039
2.8  0.045771723363742293  0.0006843674674262066
2.9  0.04865467233270355  0.0007061036802389465
3.0  0.05217789488176022  0.0007318721454760801
3.1  0.05328474832130569  0.0007398005189878502
3.2  0.054582905816829466  0.0007490032473282058
3.3  0.056813764871220786  0.0007645865014220235
3.4  0.05971815515593347  0.0007844611408762345
3.5  0.06215202997926745  0.0008007792717481372
3.6  0.06317411431523884  0.0008075452860858401
3.7  0.06678103000732104  0.0008310357806256569
3.8  0.06795768481638273  0.0008385744509858588
3.9  0.07016498090337807  0.0008525600262861636
4.0  0.07224815565403178  0.0008655795687884436
4.1  0.07301164134289974  0.0008703091851990373
4.2  0.07603905839635372  0.0008888503758831263
4.3  0.0784697662118431  0.0009035012765574067
4.4  0.08179589724214376  0.000923228715385288
4.5  0.08173078485783598  0.000922845951444379
4.6  0.08520935350713336  0.0009431113083507656
4.7  0.08600459845438693  0.0009476931146234944
4.8  0.08672412728760032  0.0009518227707339854
4.9  0.08950902312797658  0.0009676679198572744
5.0  0.0918083006844509  0.000980589679140152
