#mmax= 10
#m-states: all states (FBR)
#Nr. of sites: 43

0.0  1.0000000000000002  0.0
0.1  1.0  1.6465479571870288e-19
0.2  1.0  5.051918215385057e-19
0.3  1.0  2.813898363012246e-19
0.4  1.0  2.987546501618768e-19
0.41  1.0  3.0139792108373387e-19
0.42  1.0  3.07945867451228e-19
0.43  0.99999  1.0e-5
0.44  0.99998  1.4142064912168944e-5
0.45  1.0  2.9999395111004484e-19
0.46  0.99999  1.0e-5
0.47  0.99995  2.23602325524579e-5
0.48  0.99995  2.23602325524579e-5
0.49  0.99994  2.449428504161729e-5
0.5  0.99988  3.4639110824037994e-5
0.51  0.99983  4.122775760673834e-5
0.52  0.99983  4.122775760673833e-5
0.53  0.99972  5.290788213905304e-5
0.54  0.99978  4.6899232353845135e-5
0.55  0.99954  6.780803771898864e-5
0.56  0.99957  6.556061303816352e-5
0.57  0.99955  6.706727950498513e-5
0.58  0.99945  7.414195823081358e-5
0.59  0.99946  7.346521606433693e-5
0.6  0.99928  8.482268534348277e-5
0.7  0.998290000000001  0.00013065576799083898
0.8  0.9971900000000151  0.00016739569651842866
0.9  0.995820000000078  0.00020402375414487682
1.0  0.9938300000087198  0.00024762860098526476
1.1  0.991710000053108  0.0002867291057469503
1.2  0.9898100002334371  0.00031758879546561454
1.3  0.9880300000373687  0.0003439016908148333
1.4  0.9860900000795477  0.00037035994531815563
1.5  0.9843200000729572  0.000392865012431647
1.6  0.9819900000404165  0.00042054508294343075
1.7  0.9792200000655494  0.0004510919524395772
1.8  0.9770500000594838  0.0004735348099029123
1.9  0.9753300000400417  0.0004905265705158984
2.0  0.9735600000904856  0.0005073577005984078
2.1  0.9710300001028244  0.0005303868419419091
2.2  0.9690000001025909  0.0005480812001353548
2.3  0.9657500002176248  0.0005751284017707428
2.4  0.964800000358678  0.0005827632359791216
2.5  0.9612600009637594  0.0006102424349633532
2.6  0.9601200003362824  0.0006187888804264018
2.7  0.9585000003561529  0.0006306991921568151
2.8  0.9552600008429467  0.0006537488675104435
2.9  0.9525100009677733  0.0006725708171477472
3.0  0.9491600011169905  0.0006946637664175705
3.1  0.9481100013102224  0.0007014122710268738
3.2  0.9468800037434548  0.0007092161976339913
3.3  0.944770002346618  0.0007223583907426776
3.4  0.9420300024711253  0.000738985930478141
3.5  0.9397400072765563  0.0007525243186595099
3.6  0.9387800044207467  0.0007581073672416181
3.7  0.9354000034451064  0.0007773508720602462
3.8  0.9343000078171427  0.0007834801161113441
3.9  0.9322400054198113  0.0007947905635257277
4.0  0.930300007957407  0.0008052486797316581
4.1  0.9295900082867604  0.0008090307226812168
4.2  0.9267800073115863  0.00082376875785987
4.3  0.9245300115535233  0.0008353140456542423
4.4  0.9214600120343038  0.0008507183431893424
4.5  0.9215200124460954  0.0008504210126608528
4.6  0.9183200107606556  0.000866077986833171
4.7  0.9175900117146346  0.0008695937361492508
4.8  0.9169300167153277  0.0008727548690791427
4.9  0.9143800145191913  0.0008848162066088502
5.0  0.9122800162383442  0.0008945723684091305
