#mmax= 10
#m-states: all states (FBR)
#Nr. of sites: 43
 
0.0  -1.6972048869113633e-22 
0.1  2.120033697122299 
0.2  4.370232901347976 
0.3  6.940224095712899 
0.4  10.228365411174353 
0.41  10.63042157901596 
0.42  11.05345916098799 
0.43  11.500188917141621 
0.44  11.975353832748903 
0.45  12.484718230897116 
0.46  13.034544715587131 
0.47  13.633164254544445 
0.48  14.285037151954143 
0.49  14.979006971509923 
0.5  15.6786421284205 
0.51  16.337291165506898 
0.52  16.92424569306846 
0.53  17.442196041922685 
0.54  17.90266176078391 
0.55  18.31862783675672 
0.56  18.70020029160439 
0.57  19.054170938849076 
0.58  19.38474891701104 
0.59  19.695255906246228 
0.6  19.98830413445383 
0.7  22.26117818457888 
0.8  23.833058794025394 
0.9  25.028266386157615 
1.0  25.988053344690815 
1.1  26.786807265511996 
1.2  27.468402774233404 
1.3  28.060817946537558 
1.4  28.583155233492718 
1.5  29.048772578687142 
1.6  29.467794558403188 
1.7  29.847692212442553 
1.8  30.19449084957166 
1.9  30.512742075161697 
2.0  30.80621581792449 
2.1  31.07810589950497 
2.2  31.33091463643185 
2.3  31.566847197768475 
2.4  31.787685361149254 
2.5  31.9949858895685 
2.6  32.19009887514894 
2.7  32.37417167912299 
2.8  32.548211699070166 
2.9  32.713102802295765 
3.0  32.869635185304766 
3.1  33.01848123432265 
3.2  33.16018871115437 
3.3  33.2954435291313 
3.4  33.42470663854314 
3.5  33.54830892479641 
3.6  33.66670468591018 
3.7  33.780254290779745 
3.8  33.88921925431979 
3.9  33.9940096655278 
4.0  34.094823061715 
4.1  34.19192194800021 
4.2  34.285514097521386 
4.3  34.37582301682828 
4.4  34.46302485810463 
4.5  34.5472874864158 
4.6  34.62878257901387 
4.7  34.70766992817081 
4.8  34.78405969046418 
4.9  34.858103363241874 
5.0  34.92990527020103 
