#mmax= 10
#m-states: all states (FBR)
#Nr. of sites: 43
 
0.0  2.0862045924228955e-54 
0.1  -1.037080058971545 
0.2  -1.9937208437347085 
0.3  -2.772923550055948 
0.4  -3.2255869859748136 
0.41  -3.2429817321938947 
0.42  -3.2533688803020113 
0.43  -3.256105473741374 
0.44  -3.2500997632295565 
0.45  -3.2340801768855014 
0.46  -3.2065395304374165 
0.47  -3.1655723584389466 
0.48  -3.1098109268334304 
0.49  -3.040709975116376 
0.5  -2.9647583594630698 
0.51  -2.8910837510097522 
0.52  -2.826418964267109 
0.53  -2.7711890147786695 
0.54  -2.7238793565785726 
0.55  -2.68245745549652 
0.56  -2.6452976303638134 
0.57  -2.6113414909415513 
0.58  -2.5799832719328704 
0.59  -2.55075326605077 
0.6  -2.5233062636576213 
0.7  -2.3119409142896594 
0.8  -2.163348384581285 
0.9  -2.047071800314278 
1.0  -1.9510585196640193 
1.1  -1.8691665756114133 
1.2  -1.7977948698079274 
1.3  -1.7346481318950278 
1.4  -1.6780889246386694 
1.5  -1.6270197579922197 
1.6  -1.5805188829842227 
1.7  -1.5379500624099476 
1.8  -1.4987185693959397 
1.9  -1.462437954873387 
2.0  -1.4287594093276559 
2.1  -1.3973376873284937 
2.2  -1.3679489982792448 
2.3  -1.3403684454741134 
2.4  -1.3144264224444155 
2.5  -1.2899606690416763 
2.6  -1.2668346945104305 
2.7  -1.2449347522210916 
2.8  -1.2241547010173133 
2.9  -1.2044012134065267 
3.0  -1.1855852718641422 
3.1  -1.167641363938704 
3.2  -1.150530573016764 
3.3  -1.1341401582661041 
3.4  -1.1184000231300653 
3.5  -1.1033417444015539 
3.6  -1.0888892780877557 
3.7  -1.07499277352729 
3.8  -1.0616676556626548 
3.9  -1.0487813440501892 
4.0  -1.0363773463626815 
4.1  -1.0244035096937798 
4.2  -1.012844916551943 
4.3  -1.001667235010526 
4.4  -0.9908595723382999 
4.5  -0.9804073282893934 
4.6  -0.9702784685245857 
4.7  -0.9604476188617315 
4.8  -0.9509354642812031 
4.9  -0.9416880628565556 
5.0  -0.9327236829609634 
