#mmax= 10
#m-states: all states (FBR)
#Nr. of sites: 29
 
0.0  14.500000000000012 0.01724137931034675 
0.1  13.156315040764945 0.014084354307135949 
0.2  11.941991938749343 0.011306341077987003 
0.3  10.855485799042414 0.008951013103207894 
0.4  9.893342392704303 0.007175105025701511 
0.41  9.80264421270293 0.0070394480504711865 
0.42  9.71273947039342 0.006916808170802202 
0.43  9.623564649761782 0.006803899129754987 
0.44  9.534718603098964 0.006695032988137117 
0.45  9.446306261134561 0.00660921562882677 
0.46  9.358233846141887 0.0065384105747978705 
0.47  9.270371570419352 0.006487107626679589 
0.48  9.182734141407668 0.006451843097876386 
0.49  9.095636613018936 0.006438376238513732 
0.5  9.00972590586471 0.006444088741014098 
0.51  8.926065708498008 0.006463140966768255 
0.52  8.845557945831343 0.006489257974910623 
0.53  8.768875019032679 0.006515029991084886 
0.54  8.696018061514993 0.006536541793926154 
0.55  8.62674077684067 0.006552656362724396 
0.56  8.560689017924663 0.006562719148187401 
0.57  8.497440503862345 0.006567936438966915 
0.58  8.43663633881234 0.006569290400912364 
0.59  8.378046620031483 0.0065674993305997464 
0.6  8.321388957741581 0.006563705752928861 
0.7  7.833848609137029 0.006470863422118112 
0.8  7.443486282840435 0.0063450791850145905 
0.9  7.11644330612842 0.0062181854825839045 
1.0  6.834946844462571 0.006098496151103583 
1.1  6.588122656357044 0.0059834711950095265 
1.2  6.368722069789738 0.005870281963152313 
1.3  6.171659182021182 0.005762281172886019 
1.4  5.993151139898278 0.005660497539258236 
1.5  5.830334205464115 0.005565456946141301 
1.6  5.6809018104375335 0.005473986824208521 
1.7  5.543042361701786 0.005387435419063946 
1.8  5.415307931884862 0.005305354720681499 
1.9  5.296477275780944 0.005228474967249097 
2.0  5.185528088567526 0.005154882699599073 
2.1  5.08159905819059 0.005084433758425155 
2.2  4.983970832471254 0.005017179789010062 
2.3  4.892021453682791 0.004952896503678694 
2.4  4.805203054506581 0.004891313582404799 
2.5  4.723046046749593 0.004832372615598546 
2.6  4.6451500862414195 0.00477593381031316 
2.7  4.571138891960027 0.0047213674617003765 
2.8  4.500692785463601 0.004668831259478035 
2.9  4.4335419425220115 0.004618238333372826 
3.0  4.3694238031836266 0.00456935986687923 
3.1  4.308123794002472 0.0045222634628877545 
3.2  4.249432145745833 0.00447687704150046 
3.3  4.193161765762304 0.004432114385143127 
3.4  4.139148727444872 0.0043887636053518975 
3.5  4.087253148663293 0.004348093887845295 
3.6  4.037329400583182 0.004307299516543628 
3.7  3.9892543884158664 0.004268461378327482 
3.8  3.9429228196345223 0.004230737488831404 
3.9  3.898225702212341 0.004194084310167656 
4.0  3.8550752806290958 0.0041584631560581675 
4.1  3.8133692514348345 0.004124497626225576 
4.2  3.7730205422218344 0.0040902717920455745 
4.3  3.7339922180641185 0.004058218792923229 
4.4  3.696189630548518 0.004026114499313893 
4.5  3.6595343985334283 0.003995424826290228 
4.6  3.623991557201509 0.003965507064082718 
4.7  3.5894971092232164 0.00393582751654753 
4.8  3.556001319236029 0.003906895363316787 
4.9  3.523449871331397 0.0038779167107091395 
5.0  3.4918050648377967 0.0038515684843042353 
