#mmax= 10
#m-states: all states (FBR)
#Nr. of sites: 29
 
0.0  14.500000000000059 0.017241379310348304 
0.1  17.858992438726684 0.025307762095206576 
0.2  23.08843107375768 0.038745630606545234 
0.3  32.696679039607424 0.0662278023977535 
0.4  57.92054852105884 0.15203859984443457 
0.41  62.93529412423604 0.17013512352801807 
0.42  68.94261641551651 0.19188545972142113 
0.43  76.15725981957138 0.21756068568462106 
0.44  84.92806045122707 0.24772262952341628 
0.45  95.78334793470704 0.28323139425324506 
0.46  109.17874145838691 0.3236169479885339 
0.47  125.59407003490779 0.3679893791008826 
0.48  145.3870832646678 0.4144598559030118 
0.49  168.42767078809078 0.4601636338294448 
0.5  193.85792728755024 0.5019335282797112 
0.51  219.96962902707259 0.5371241684406959 
0.52  245.01101917747235 0.5648510807395057 
0.53  267.66585933435977 0.5856030234545502 
0.54  287.4652782789831 0.600757929270258 
0.55  304.55292534652716 0.611800200064514 
0.56  319.2327307082442 0.6198664263940092 
0.57  332.00694257853235 0.6259074215511482 
0.58  343.26635060772463 0.6305422134569798 
0.59  353.32354129890217 0.6341889130182549 
0.6  362.4288675024462 0.6371330506941668 
0.7  424.65734644216593 0.6507252449573133 
0.8  462.6013491006629 0.6555125056797407 
0.9  489.8201415837737 0.6579937178641163 
1.0  510.9782611807327 0.6595305027518132 
1.1  528.2382870463508 0.6605860125762595 
1.2  542.7725197421619 0.6613608237962791 
1.3  555.2874117599937 0.6619564976305625 
1.4  566.2474566733757 0.6624303628845423 
1.5  575.9678305992227 0.6628169751094279 
1.6  584.6817834348636 0.663139002270965 
1.7  592.5608290516504 0.6634117084892983 
1.8  599.7336386302028 0.6636456232997526 
1.9  606.3040211114346 0.6638486112912346 
2.0  612.3543787781896 0.6640264572797312 
2.1  617.9522243368742 0.6641835966421574 
2.2  623.1517111092404 0.6643234309818093 
2.3  627.9977500185039 0.664448632992948 
2.4  632.5313399265435 0.6645614528702277 
2.5  636.7848256227747 0.6646636251443812 
2.6  640.7852379418849 0.6647565573040339 
2.7  644.5577328327358 0.6648414482889643 
2.8  648.1236335322778 0.664919307157944 
2.9  651.5001973646811 0.6649909360129663 
3.0  654.7049890960047 0.6650570845201225 
3.1  657.7507062007974 0.6651183124484555 
3.2  660.6514678022706 0.6651751913378023 
3.3  663.4179067512612 0.6652281277622263 
3.4  666.0605677810488 0.6652775332654521 
3.5  668.5877316926639 0.665323735170326 
3.6  671.0080194003802 0.665367033382231 
3.7  673.3289517411117 0.6654077014041777 
3.8  675.5566290161546 0.6654459536753838 
3.9  677.6975264838557 0.6654820066270836 
4.0  679.7547542719022 0.6655159857998627 
4.1  681.7381139187515 0.6655481689691332 
4.2  683.6524040786724 0.6655787011857534 
4.3  685.4944616921202 0.6656075481870811 
4.4  687.2748088802715 0.6656349777103718 
4.5  688.9960213810259 0.6656610715338453 
4.6  690.6599566747262 0.6656858978400544 
4.7  692.2703607350875 0.6657095567617086 
4.8  693.8302416262343 0.665732133287408 
4.9  695.3414653925496 0.665753682875579 
5.0  696.807321013789 0.665774291712389 
