#mmax= 10
#m-states: all states (FBR)
#Nr. of sites: 29
 
0.0  1.2080286082612171e-30 
0.1  0.025774738354057587 
0.2  0.056492995094888546 
0.3  0.09882817362807059 
0.4  0.16523105224227072 
0.41  0.17414120056877552 
0.42  0.18367138650237122 
0.43  0.19387460618945257 
0.44  0.20483779525034798 
0.45  0.21668902514304997 
0.46  0.2295127660993367 
0.47  0.243397721071696 
0.48  0.2583562147626014 
0.49  0.27424379019436745 
0.5  0.2906871191336099 
0.51  0.30706024348988237 
0.52  0.32274013584054034 
0.53  0.33727126907302435 
0.54  0.3504975259769944 
0.55  0.3624829159784492 
0.56  0.3733465703733644 
0.57  0.3832831316809763 
0.58  0.3924474744624575 
0.59  0.4009667742191773 
0.6  0.40894622219207255 
0.7  0.46988598062073705 
0.8  0.5117289646838883 
0.9  0.5434941637994237 
1.0  0.5689997357975247 
1.1  0.590236400809695 
1.2  0.6083703895983342 
1.3  0.6241423000987466 
1.4  0.6380577797770702 
1.5  0.6504712816450821 
1.6  0.6616496310811492 
1.7  0.671793197479724 
1.8  0.6810558449487314 
1.9  0.6895618512345655 
2.0  0.6974113546684476 
2.1  0.7046868118280526 
2.2  0.7114553125582317 
2.3  0.7177726599967311 
2.4  0.7236898104446802 
2.5  0.7292472725289543 
2.6  0.7344793841271364 
2.7  0.7394176128789747 
2.8  0.7440888435659151 
2.9  0.7485154625043478 
3.0  0.7527195136165249 
3.1  0.756717545032345 
3.2  0.7605273696149423 
3.3  0.7641626722425043 
3.4  0.767636909424369 
3.5  0.770960800670758 
3.6  0.7741455731992365 
3.7  0.7772006124016742 
3.8  0.7801341658516464 
3.9  0.7829544367578773 
4.0  0.7856655622810019 
4.1  0.7882799315118253 
4.2  0.7908037458642445 
4.3  0.793233489858103 
4.4  0.7955825318206597 
4.5  0.7978536499200766 
4.6  0.8000499697792326 
4.7  0.8021760825859677 
4.8  0.8042359387698411 
4.9  0.8062318390904201 
5.0  0.8081681697289584 
