#mmax= 10
#m-states: all states (FBR)
#Nr. of sites: 29
 
0.0 9.995541883809867e-28
0.1 -0.1754394788434705
0.2 -0.7073845543182244
0.3 -1.6156915290950988
0.4 -2.947342587968919
0.41 -3.107273124192374
0.42 -3.272680900155366
0.43 -3.443786447086017
0.44 -3.6208444135127054
0.45 -3.804145866498461
0.46 -3.9940228895817063
0.47 -4.190844776467521
0.48 -4.395000320524681
0.49 -4.606844762949637
0.5 -4.8266147946370594
0.51 -5.054329281638857
0.52 -5.2897412114557625
0.53 -5.532374168942832
0.54 -5.78163425672261
0.55 -6.036915987349062
0.56 -6.297671337063699
0.57 -6.5634302159390705
0.58 -6.8337995052720615
0.59 -7.108448963145597
0.6 -7.387100436818823
0.7 -10.352428734231566
0.8 -13.562240996499927
0.9 -16.948629393516182
1.0 -20.472507512528395
1.1 -24.108443713508585
1.2 -27.83857353155632
1.3 -31.64965573446922
1.4 -35.53147968263467
1.5 -39.47593220231724
1.6 -43.47641740077974
1.7 -47.527460271067795
1.8 -51.624457863626446
1.9 -55.76348072451806
2.0 -59.94114372758222
2.1 -64.15450148739546
2.2 -68.40097048256263
2.3 -72.67826874982985
2.4 -76.98436790797014
2.5 -81.31745349548613
2.6 -85.6758964267647
2.7 -90.05823025037753
2.8 -94.46311938799958
2.9 -98.8893513966541
3.0 -103.33581921077081
3.1 -107.80150832338003
3.2 -112.28548441692556
3.3 -116.78689297015134
3.4 -121.30493891107568
3.5 -125.83888678653352
3.6 -130.38805467842406
3.7 -134.95180743656272
3.8 -139.52955398241505
3.9 -144.12074130627047
4.0 -148.72485213484686
4.1 -153.34140187880223
4.2 -157.96993522856042
4.3 -162.61002438399808
4.4 -167.26126561660942
4.5 -171.92327913669484
4.6 -176.595705572197
4.7 -181.27820589896112
4.8 -185.9704580106977
4.9 -190.6721578714313
5.0 -195.38301585616313
