#mmax= 10
#m-states: all states (FBR)
#Nr. of sites: 29
 
0.0  0.0 
0.1  0.022975011289090245 
0.2  0.07702579551784591 
0.3  0.16005038874217098 
0.4  0.2919327288945244 
0.41  0.31085165421537375 
0.42  0.3318555213208058 
0.43  0.3553876247999624 
0.44  0.38213571667617174 
0.45  0.41319769791410554 
0.46  0.44939039269132014 
0.47  0.49135386735639475 
0.48  0.5388943362075663 
0.49  0.5899617910252369 
0.5  0.6403322886576356 
0.51  0.6843129919377493 
0.52  0.7180090217840239 
0.53  0.7404961588972593 
0.54  0.7536233186938814 
0.55  0.7601676066623521 
0.56  0.7625285165962403 
0.57  0.7625658558352423 
0.58  0.7614073095961915 
0.59  0.7597047158562629 
0.6  0.7578203073969388 
0.7  0.7442762879597973 
0.8  0.7384843338461855 
0.9  0.7354570661228634 
1.0  0.7336288913564344 
1.1  0.7323913091471919 
1.2  0.7314839531391869 
1.3  0.7307853728544622 
1.4  0.7302246465493721 
1.5  0.7297619477354435 
1.6  0.7293723984664723 
1.7  0.7290373181060126 
1.8  0.7287458152488202 
1.9  0.7284885141937011 
2.0  0.7282599564382615 
2.1  0.7280545815486776 
2.2  0.72786906605344 
2.3  0.727700761797397 
2.4  0.7275463357614361 
2.5  0.727404548239987 
2.6  0.727273181529422 
2.7  0.7271523084965048 
2.8  0.7270400142988152 
2.9  0.7269354414710526 
3.0  0.7268376925620034 
3.1  0.7267461594121976 
3.2  0.726659598557857 
3.3  0.7265785877555717 
3.4  0.7265021476668329 
3.5  0.7264298791079257 
3.6  0.726361467799898 
3.7  0.7262965373960198 
3.8  0.726234844586715 
3.9  0.7261761059631329 
4.0  0.7261203478902335 
4.1  0.7260669127943057 
4.2  0.7260156148623346 
4.3  0.725966923532815 
4.4  0.7259201249926399 
4.5  0.725875249415704 
4.6  0.7258320591412271 
4.7  0.7257906818921079 
4.8  0.7257508492630819 
4.9  0.7257125130924054 
5.0  0.7256755620384415 
