0.0  -0.0  0.0
0.1  0.0064708401032164235  0.00025479281176664874
0.2  0.02698907703583339  0.0005229189234677089
0.3  0.06651127845358164  0.0008322274708241778
0.4  0.149594502229765  0.001283075245990356
0.41  0.16172645832684318  0.0013350773947615768
0.42  0.17978368466664355  0.0014171294160114662
0.43  0.1974003636831075  0.0014877664152807887
0.44  0.21894765191703344  0.0015773167293275958
0.45  0.24335197460456198  0.001674957863044934
0.46  0.2787741304050417  0.0018114879297936356
0.47  0.31720461403785294  0.001957118807048121
0.48  0.3649183097310662  0.002135165654004833
0.49  0.4259459954185707  0.002340689343530017
0.5  0.4873548162806824  0.002555281230373123
0.51  0.5489343706703601  0.002765905985487361
0.52  0.6076399620956261  0.002976452014029614
0.53  0.6475606506998212  0.003093434812840428
0.54  0.6752623668286156  0.003198179037445744
0.55  0.6969728030102853  0.0032535695054884076
0.56  0.7104463342126612  0.0032915954367479824
0.57  0.7096337678386636  0.003297943091154206
0.58  0.7156827480290933  0.0033097221595406656
0.59  0.7099646675986175  0.003281734690134149
0.6  0.7132919587404819  0.0032993420082885663
0.7  0.7081766104875798  0.003261102207702046
0.8  0.707299813683443  0.0032557370568056837
0.9  0.7061039130035723  0.003245240016785887
1.0  0.7044675672577856  0.0032406142799521805
1.1  0.7004015735142987  0.003224001894818843
1.2  0.6991673465787789  0.0032186779682454327
1.3  0.7073975047290249  0.0032444836586350053
1.4  0.7050507427944827  0.0032396274335312575
1.5  0.7002127476884622  0.0032272914111195726
1.6  0.7096741636747372  0.003248353417089818
1.7  0.7013670981546649  0.003223173448817165
1.8  0.7053104226213224  0.0032366727990705453
1.9  0.6986609094139895  0.003216576089597598
2.0  0.7009909689339923  0.003220531185937931
2.1  0.7083681341262302  0.0032412210283128094
2.2  0.7017556869637942  0.003224990356629309
2.3  0.705094287210647  0.0032315213133089563
2.4  0.701339652266374  0.003223502724313048
2.5  0.7003864691545153  0.0032201242811216004
2.6  0.7038512535185489  0.0032261828797580314
2.7  0.7074157452790018  0.0032400560034195605
2.8  0.7023233048060807  0.003223774836668803
2.9  0.7088003644013123  0.0032457012837381993
3.0  0.6999253585707984  0.0032181889173471282
3.1  0.701224654621238  0.003222854882945808
3.2  0.704874614356506  0.003233150194575469
3.3  0.707382882521836  0.0032419491352209083
3.4  0.6977580763247386  0.003209699022009577
3.5  0.7006047504817937  0.00321988644501938
3.6  0.7031882958166256  0.003225856184295969
3.7  0.7022447452425629  0.0032214358555735663
3.8  0.7015802166959056  0.003221334134555293
3.9  0.7038415796367502  0.0032264497618570303
4.0  0.7026364500762274  0.0032199926319026574
4.1  0.6999614144023155  0.0032172218510876337
4.2  0.7070659852904504  0.003237193790341307
4.3  0.7012546687108372  0.0032190950094424043
4.4  0.7002198676992233  0.0032206456131905646
4.5  0.7075774642699988  0.0032398317323977573
4.6  0.7013269626174062  0.0032185612059938444
4.7  0.7016772373923768  0.0032246324579859043
4.8  0.7051913893253751  0.0032298108706388384
4.9  0.7042774138729658  0.003229963622432336
5.0  0.6967206563494133  0.0032066257095611896
0.0  -0.0  0.0
0.1  0.006571551679319669  0.0002567732724373765
0.2  0.02646792780066173  0.0005178302917293218
0.3  0.06553395940635359  0.0008226703693621069
0.4  0.1487066436701336  0.0012768174803650457
0.41  0.1629364705906253  0.0013352706369345118
0.42  0.17827035156738416  0.0014011765848298346
0.43  0.1991560633278311  0.0014926741331522891
0.44  0.22094241064120448  0.0015872536569607914
0.45  0.2441350343742271  0.0016768455362321756
0.46  0.27609956292768467  0.001805464244624182
0.47  0.3174264094228722  0.0019573410958003616
0.48  0.3684550812250531  0.002140297856158198
0.49  0.42397432946006913  0.002338577009935006
0.5  0.4869879441803748  0.0025494609881303656
0.51  0.5496271949827863  0.0027671249583983747
0.52  0.6052678230283424  0.0029514289097086364
0.53  0.6441060950877812  0.003089850583378701
0.54  0.6743505655427331  0.003183025575936227
0.55  0.6991748511448822  0.0032544238436588075
0.56  0.7034946851366412  0.0032700592631326737
0.57  0.7066740915379363  0.0032776430711494594
0.58  0.7093874317867962  0.003287415877552752
0.59  0.7148391203925284  0.0033000083866920743
0.6  0.7119170071915576  0.00327638558043416
0.7  0.7155709269651421  0.0032741660471514345
0.8  0.7079861193042933  0.0032493878500613185
0.9  0.7037546631734596  0.00323570937238634
1.0  0.7085632367503112  0.0032493708133390824
1.1  0.7011119464966675  0.0032288305833480854
1.2  0.701267783478125  0.0032222358587726276
1.3  0.7072160544245104  0.0032444908507979465
1.4  0.7103675366764937  0.0032506446493267478
1.5  0.7035689784629577  0.003234133070448948
1.6  0.7041482271772943  0.0032340834765700673
1.7  0.7073089432506853  0.0032431433721344604
1.8  0.7043116744979835  0.0032304535549180094
1.9  0.7037019356697378  0.0032341636916281033
2.0  0.7041610861198621  0.0032290254639639948
2.1  0.7071107259468897  0.0032382297082942228
2.2  0.7044067133875344  0.0032336248225524264
2.3  0.7043024869164425  0.0032360037427058936
2.4  0.7105237295959222  0.0032499561687736765
2.5  0.7043844139256542  0.0032268739370143094
2.6  0.7028157015985316  0.0032260629155769593
2.7  0.7032320169693358  0.0032264384013431266
2.8  0.7039786021481163  0.003228538537971889
2.9  0.7100238424506118  0.0032481970381911
3.0  0.6997530964639433  0.0032157795859307156
3.1  0.7033843289809476  0.0032238983339584236
3.2  0.7010332613351818  0.0032237301951738347
3.3  0.7038490847848137  0.003232218351109341
3.4  0.7061713780883464  0.0032309251497973208
3.5  0.7056397405822075  0.0032302289995192954
3.6  0.7055375480900888  0.003228262519086628
3.7  0.7036925561027891  0.0032248759150019404
3.8  0.7071338660133675  0.0032386495139642094
3.9  0.7058684872335526  0.00323647949117697
4.0  0.7005777120208815  0.003218440734979433
4.1  0.7035365224712844  0.0032300469485122786
4.2  0.6991382793808895  0.003215050852482815
4.3  0.704117679152484  0.003228441410132193
4.4  0.7062413145947832  0.0032365216469205245
4.5  0.7032349452454133  0.0032287506268011087
4.6  0.707440252194868  0.003237984329432568
4.7  0.7062201055706282  0.003234517571393243
4.8  0.7096873077906524  0.003249292896694057
4.9  0.7032111564874833  0.0032281687036812886
5.0  0.7011675696444593  0.0032165177873960814
