#mmax= 10
#m-states: all states (FBR)
#Nr. of sites: 29
 
0.0  -0.0 
0.1  0.0063454563246353865 
0.2  0.0267014830570814 
0.3  0.06678880699144192 
0.4  0.1496896177756467 
0.41  0.1634526995815302 
0.42  0.17925196295735168 
0.43  0.197607844129498 
0.44  0.21931416881469473 
0.45  0.24562519295015456 
0.46  0.27791611933093585 
0.47  0.3178650686180864 
0.48  0.3668606889411742 
0.49  0.4247823350206523 
0.5  0.488555005525309 
0.51  0.551313222464749 
0.52  0.6056818130453554 
0.53  0.6469588486315959 
0.54  0.6750056242757798 
0.55  0.6924857039703364 
0.56  0.7025147783712596 
0.57  0.7079521974566247 
0.58  0.7106839375033663 
0.59  0.7118885069435333 
0.6  0.7122643082535877 
0.7  0.7090523966335368 
0.8  0.7072113230004121 
0.9  0.7062565923639168 
1.0  0.705716434280001 
1.1  0.7053573319055509 
1.2  0.7050853685456181 
1.3  0.7048760546234297 
1.4  0.7047057708551882 
1.5  0.7045670641227054 
1.6  0.7044487535342128 
1.7  0.7043475184071857 
1.8  0.7042589396147952 
1.9  0.7041802544889365 
2.0  0.7041109937602588 
2.1  0.7040483119625137 
2.2  0.7039916911462237 
2.3  0.703940519091872 
2.4  0.7038930897069929 
2.5  0.7038496518609484 
2.6  0.7038092791039215 
2.7  0.7037723232027905 
2.8  0.7037379222325291 
2.9  0.7037059266064329 
3.0  0.7036759182525945 
3.1  0.7036479776932689 
3.2  0.7036214317879826 
3.3  0.7035966218005342 
3.4  0.7035731482058643 
3.5  0.7035509729414368 
3.6  0.7035300196583423 
3.7  0.7035100912055797 
3.8  0.7034911371911393 
3.9  0.703473087159511 
4.0  0.7034559624114124 
4.1  0.7034395369404343 
4.2  0.703423745806502 
4.3  0.7034087780002398 
4.4  0.7033943966368343 
4.5  0.70338058072242 
4.6  0.7033672797803603 
4.7  0.7033545200587837 
4.8  0.7033422525829863 
4.9  0.7033304442233882 
5.0  0.7033190521641484 
