#mmax= 10
#m-states: all states (FBR)
#Nr. of sites: 29

0.0  0.0 0.0 0.0 NaN NaN 0.0 
0.1  0.00118 0.0017869577522090676 0.31932180081800837 0.05447534235573204 12.40725341450524 0.0 
0.2  -0.00356 0.0035418637342488376 1.2544798711987122 -0.02075543813713336 3.0420411722500784 0.0 
0.3  -0.00222 0.005323366801033063 2.833823409834099 -0.02134986890980394 1.2434542623932536 0.0 
0.4  0.00682 0.007171251574480667 5.142684914449144 0.0036478202879568463 0.5561532555090438 0.0 
0.41  -0.00886 0.007430489023319478 5.521216712567124 -0.006330520114672878 0.5397019637886356 0.0 
0.42  0.00782 0.007601497635575705 5.778276630366304 0.001926796391091134 0.5114058706115792 0.0 
0.43  -0.0014 0.007811618949610006 6.102139061390614 -0.018573631725552125 0.43595047149793054 0.0 
0.44  -0.01694 0.008012376198464689 6.4198172345723465 -0.005000854849299992 0.4439173527783069 0.0 
0.45  0.00588 0.008242883822263727 6.794513370733708 0.009954868486758944 0.400775973561716 0.0 
0.46  -0.0033 0.00846594400064625 7.167220782207822 -0.021680988883161192 0.3319458141880576 0.0 
0.47  -0.00774 0.00869642209196242 7.562775720157204 0.002062072201885239 0.3604957746271906 0.0 
0.48  -0.00938 0.008945184197052805 8.001632031920323 0.008438830187194168 0.2960394749416593 0.0 
0.49  -0.01076 0.009180004626842486 8.427248494884946 0.0025323275162845126 0.26275928750703903 0.0 
0.5  0.01108 0.009402917445376451 8.841485648456482 -0.000875233677245269 0.23215455109102523 0.0 
0.51  -0.01626 0.009630632565664423 9.274908361483613 0.009857295952474143 0.23556687809788057 0.0 
0.52  0.00236 0.009839314631879818 9.681211242512425 -0.0012131315226419127 0.15975348184155047 0.0 
0.53  0.02296 0.010110417923582877 10.222055058950591 0.0020776270397645214 0.1735864125079516 0.0 
0.54  0.01036 0.010283500581409139 10.57503842078421 0.005452072820930522 0.16048954365771184 0.0 
0.55  -0.00026 0.010432865750640027 10.884468777087768 0.0008223490109588104 0.1482510168962654 0.0 
0.56  0.00356 0.01060442350163261 11.245379780197803 0.01306556896699018 0.09873610926211285 0.0 
0.57  -0.0179 0.010744112353261323 11.543595025950257 0.011483252456984687 0.12911282092318732 0.0 
0.58  0.01584 0.010899150373253345 11.879147885878854 0.011758632733206537 0.13442787911650278 0.0 
0.59  0.02214 0.01101950600068465 12.142951249912503 -0.004444378601628073 0.09618552029231564 0.0 
0.6  -0.0019 0.011111363486268695 12.346239852398519 -0.00026802602615548857 0.10398628270455301 0.0 
0.7  -0.00446 0.012132636691697767 14.720087309273095 -0.001673067694442647 0.033296100828511754 0.0 
0.8  0.00214 0.012787978320590605 16.35323895278953 0.0004435687733973968 0.05024305555090258 0.0 
0.9  -0.00804 0.013506575356461704 18.24275778597786 0.012583880396595021 0.043134358002834716 0.0 
1.0  -0.00788 0.01397565498448364 19.53189322453224 0.0052063404964231745 0.04500936931584443 0.0 
1.1  0.01664 0.014518792617066702 21.07953390573906 -0.0003451587652054966 0.03983494667793419 0.0 
1.2  -0.00626 0.014902799369859695 22.209342905829054 0.0010720745063734862 0.03366871305691843 0.0 
1.3  0.00056 0.015254583700882791 23.270232388723894 0.004892792958232784 0.028248551634101116 0.0 
1.4  0.00566 0.015647061319918176 24.483052794927946 0.0020686748853956157 -0.0075060023809405685 0.0 
1.5  -0.02302 0.015973429572277927 25.515045230052305 0.00295392174706177 0.02577197440576029 0.0 
1.6  0.01132 0.016257938423478478 26.43205617816178 0.01566651765663453 0.02311866765141879 0.0 
1.7  -0.0207 0.016644052551733107 27.70244853448533 0.005887843861343273 0.02182194006558147 0.0 
1.8  -0.00858 0.016876851368579426 28.482811211712118 0.007938116414732752 0.019035195445603392 0.0 
1.9  -0.01072 0.017126919866976707 29.333138412984137 -0.01255405808296026 0.014099755537872127 0.0 
2.0  -0.00714 0.017383524155737833 30.218691207312073 0.013742817837986244 0.008294236788047638 0.0 
2.1  0.01088 0.017601531592311617 30.981391439514397 0.009341398754819492 0.014586325596865013 0.0 
2.2  -0.01322 0.01788090181122014 31.972664958249577 0.00038645699235606465 -0.018744582714547153 0.0 
2.3  0.02274 0.018075754375764308 32.67328962529625 0.003212252155617334 0.006213326624577409 0.0 
2.4  -0.0071 0.018392652848264926 33.82896787967879 0.02123159355306273 0.032951566150867695 0.0 
2.5  -0.00838 0.018487528651584463 34.17887156431565 0.0004258360955133388 0.027444418387911895 0.0 
2.6  0.01782 0.018840339011274205 35.495837405974065 0.007188763585111349 -0.009368252714075709 0.0 
2.7  -0.01092 0.018988438933838968 36.05608131441315 -0.00026647962146402816 -0.001190166522854863 0.0 
2.8  0.0411 0.019217283911625218 36.93040009400094 0.005905148953551636 -0.003959162311194753 0.0 
2.9  -0.0039 0.01938669663300232 37.58440063400634 0.011567340941155841 -0.008805615145853984 0.0 
3.0  0.00324 0.019478205487900833 37.94004890288901 0.008696073883485266 -0.0036233330076345105 0.0 
3.1  0.01992 0.019770967119678504 39.08911408474085 0.003110032553050679 0.010803918360684506 0.0 
3.2  -0.04824 0.019887782286188743 39.55238842628427 -0.0016823858385928427 -0.0377511994156956 0.0 
3.3  0.0111 0.020087289585507272 40.34992028920289 0.0063397831456284085 0.004703241069282882 0.0 
3.4  -0.0069 0.02023108541003593 40.92968168681687 -0.0024901510337033404 0.0001554296684416201 0.0 
3.5  -0.00126 0.02049233474940898 41.99357834818348 0.002076453698269416 0.016299089417048496 0.0 
3.6  -0.02862 0.02058528713660475 42.3754046496465 -0.0013514162710214664 0.02758071545829477 0.0 
3.7  0.02498 0.020630889857981484 42.563361633216324 0.006646449987403215 0.008356303590815628 0.0 
3.8  0.006 0.020849498483557587 43.47015870158702 -0.0007253777638803511 -0.02224573339766822 0.0 
3.9  0.00654 0.02110314729399994 44.5342825712257 -0.005819005508753334 0.0014188722475370064 4.528156820204629e-307 
4.0  -0.01026 0.021174074495436804 44.83414307383073 -0.01408119813792845 0.00224242587570167 0.0 
4.1  -0.01742 0.021318543811412224 45.44803102391024 0.001107550088607043 0.00018065302408398765 1.0986958991067429e-304 
4.2  0.0063 0.021584083529921267 46.58726618266184 -0.0071006958543233635 -0.006081842824977812 5.225719616429349e-296 
4.3  0.04134 0.021489083923035866 46.178072785127846 0.008506747489900152 -0.0002633453368456884 3.7212460473709118e-301 
4.4  -0.02922 0.021793297396082906 47.494781139411394 -0.00836896198987898 0.025322647083648064 4.232986543951997e-301 
4.5  -0.02022 0.02185571523054971 47.767228823888246 0.00917309708680913 7.470387331887096e-5 1.6867657328357557e-294 
4.6  -0.03844 0.021909277117884065 48.001642382823825 -0.006165784158050048 0.004064201639235598 1.2571984122727655e-293 
4.7  -0.03686 0.022044620047910343 48.59652730567306 -0.00802072858367079 0.03495263847768948 1.6535110461606152e-297 
4.8  -0.03 0.0224023217243255 50.18640186401863 -0.004552683897177141 0.03129681491602598 1.9000772601954564e-282 
4.9  -0.00636 0.02239587040626268 50.15750112541125 -0.003152875445524137 0.0073274488793133585 1.1168436526463322e-281 
5.0  -0.01892 0.022525023731462326 50.7376694102941 0.0037786513634668764 0.012299436345615256 2.7194170890750383e-274 
