#mmax= 10
#m-states: all states (FBR)
#Nr. of sites: 29
 
0.0  -3.574981851805209e-59 
0.1  0.0024810220985968397 
0.2  0.009691395623699117 
0.3  0.02090207022847846 
0.4  0.03467510642575821 
0.41  0.03610209710055014 
0.42  0.03752310347859671 
0.43  0.038932976880789484 
0.44  0.04032560217633639 
0.45  0.04169449771427407 
0.46  0.04303045137513998 
0.47  0.0443237413120283 
0.48  0.045563835653407644 
0.49  0.04674075609435545 
0.5  0.04784885411669944 
0.51  0.04888973877769769 
0.52  0.04987356676522214 
0.53  0.050813910390486314 
0.54  0.051723151569447394 
0.55  0.05260912628864507 
0.56  0.05347710892790835 
0.57  0.05432873250837859 
0.58  0.05516481686195508 
0.59  0.05598562651287666 
0.6  0.056791490884281606 
0.7  0.06411966372957874 
0.8  0.07043877269598232 
0.9  0.07607952670557765 
1.0  0.08123625002823089 
1.1  0.08602874585085006 
1.2  0.09053459983970304 
1.3  0.0948080556049721 
1.4  0.09888682603233437 
1.5  0.10279943736954286 
1.6  0.10656742373525921 
1.7  0.11020756890264935 
1.8  0.11373331174721989 
1.9  0.11715594683188957 
2.0  0.12048444053209706 
2.1  0.1237265333350612 
2.2  0.1268891622355487 
2.3  0.12997901267087114 
2.4  0.13299941854535163 
2.5  0.1359553125072066 
2.6  0.13885114023048853 
2.7  0.14169077650129272 
2.8  0.14447728128962242 
2.9  0.14721382607697292 
3.0  0.1499022510338741 
3.1  0.1525460805461473 
3.2  0.1551461020047658 
3.3  0.1577054407814817 
3.4  0.16022557984844815 
3.5  0.16270933638829196 
3.6  0.16515680369120092 
3.7  0.1675706339196621 
3.8  0.16995160075064447 
3.9  0.1723010270289043 
4.0  0.17462440832495535 
4.1  0.17691478977887218 
4.2  0.17917243316503867 
4.3  0.18141161252385452 
4.4  0.18362002460279517 
4.5  0.18580376993361808 
4.6  0.18796348757627546 
4.7  0.19009937345188743 
4.8  0.19221174663697016 
4.9  0.19430389135728224 
5.0  0.19637428274510832 
