#mmax= 10
#m-states: all states (FBR)
#Nr. of sites: 29
 
0.0  -2.6569537866105757e-14 
0.1  2.4736235233815333e-9 
0.2  -3.1071819593904686e-7 
0.3  1.2489575346539705e-7 
0.4  3.1364207676536506e-7 
0.41  2.1069209484286367e-5 
0.42  -4.987902274526316e-6 
0.43  -6.170329020589845e-6 
0.44  -7.213083212946463e-5 
0.45  5.600699592178341e-5 
0.46  9.429752247691305e-6 
0.47  -7.399091062940176e-5 
0.48  -0.0002804125838962103 
0.49  -0.000838812010326074 
0.5  -0.0005509199355822756 
0.51  -0.0007893308517635341 
0.52  -0.0006896811213429042 
0.53  -0.00044855709842299825 
0.54  -0.0003287065429734312 
0.55  -0.0006912565805290656 
0.56  -0.00013672636469177552 
0.57  0.0005273170245165627 
0.58  -0.0006543602703816027 
0.59  -0.001053244098558021 
0.6  -0.00327934605979153 
0.7  0.009528878246246002 
0.8  0.006605708697840043 
0.9  -0.12075836124769598 
1.0  -0.09034649384410132 
1.1  0.027003144268802376 
1.2  -0.02227618275873352 
1.3  -0.0030699417157576247 
1.4  -0.028859125723840435 
1.5  -0.010923941532850638 
1.6  -0.018743046960216895 
1.7  -0.008867508447507184 
1.8  -0.008545130684395897 
1.9  -0.018811239898980713 
2.0  -0.010165788596143917 
2.1  -0.012601986758030967 
2.2  -0.013514344363498482 
2.3  -0.006881068744322786 
2.4  -0.01553814847528586 
2.5  -0.01798559816131507 
2.6  -0.02297400311156438 
2.7  -0.022717436093870343 
2.8  -0.023440719045973907 
2.9  -0.023263131345995936 
3.0  -0.02460119610315852 
3.1  -0.02306897642924957 
3.2  -0.02407837228826371 
3.3  -0.023693110477366802 
3.4  -0.024259239789579234 
3.5  -0.02436848880268269 
3.6  -0.02375018348466614 
3.7  -0.023729137838346844 
3.8  -0.02394356133098885 
3.9  -0.024101341996730422 
4.0  -0.02422038065224706 
4.1  -0.024288561913202965 
4.2  -0.024430720668732885 
4.3  -0.024512877352053382 
4.4  -0.0242830409669501 
4.5  -0.024443222200848713 
4.6  -0.024482970582287267 
4.7  -0.024894451391249607 
4.8  -0.0249189746193007 
4.9  -0.024936242305238634 
5.0  -0.025038113367355154 
