#mmax= 10
#m-states: all states (FBR)
#Nr. of sites: 29

0.0  -0.0  0.0
0.1  -0.0  6.641245915522601e-19
0.2  -0.0  3.462489493909156e-19
0.3  -0.0  2.2460393309776865e-19
0.4  2.000020000268671e-5  1.4142347759124124e-5
0.41  5.000125004166272e-5  2.23613506199889e-5
0.42  6.000180007195222e-5  2.4495754786904502e-5
0.43  3.0000450008974692e-5  1.7320854493644696e-5
0.44  0.00012000720057606084  3.464326801619994e-5
0.45  0.00018001620194422045  4.243043791608941e-5
0.46  0.0001600128013655462  4.0003400401553266e-5
0.47  0.0002100220530875298  4.583079856657992e-5
0.48  0.00026003380585984734  5.0997080140215285e-5
0.49  0.00039007606977878686  6.246247360637847e-5
0.5  0.0005401458525092518  7.35049087150431e-5
0.51  0.0006902381595596675  8.309532679815172e-5
0.52  0.000810328227254664  9.003692234406957e-5
0.53  0.0009604610951244607  9.802714394019198e-5
0.54  0.0013308852349954718  0.000115402971088959
0.55  0.0013308852349954718  0.00011540297108895895
0.56  0.0015111411989516307  0.00012297555330814455
0.57  0.0018917883036177526  0.00013760805935812977
0.58  0.0021723578616574145  0.00014747002705444302
0.59  0.002392860608812319  0.00015478209657846385
0.6  0.0025131553310264606  0.00015862979280239776
0.7  0.005424687045084295  0.00023322696448380132
0.8  0.009171933882670298  0.0003035492892922458
0.9  0.013105503096737112  0.00036320639346120506
1.0  0.017024090945536943  0.00041436696600547374
1.1  0.020335369145206603  0.00045325210270726827
1.2  0.024118527381596373  0.0004940847662816041
1.3  0.02787492076479406  0.0005316704260354361
1.4  0.03226496048813941  0.0005726381554356
1.5  0.03618691973994686  0.0006070420456653728
1.6  0.039239913260604005  0.0006326165380933001
1.7  0.04359667365785173  0.0006675433807043823
1.8  0.04780464992285903  0.0006997585970128131
1.9  0.04975763185434801  0.0007142607550703219
2.0  0.05488922561134196  0.0007511600873003907
2.1  0.05792576681421566  0.0007722494984035842
2.2  0.06208819212598484  0.0008003550608058606
2.3  0.0647092023213868  0.0008176148884217125
2.4  0.06953230229260046  0.0008485717918408339
2.5  0.07113086924530167  0.0008586179045619997
2.6  0.07735631781027788  0.0008968153985913035
2.7  0.07856712866901223  0.0009040839779854772
2.8  0.08333813045614497  0.0009322560344595887
2.9  0.08409925634314934  0.000936684200484461
3.0  0.08911540539322448  0.0009654415633781631
3.1  0.09335509058231875  0.0009892041220261744
3.2  0.09487127436869147  0.0009975886085724231
3.3  0.09999714427972561  0.001025518460408142
3.4  0.10114717972626301  0.0010317002332240986
3.5  0.10593845813517563  0.0010571403408870276
3.6  0.10846532797549192  0.0010703616507324505
3.7  0.11032838782197085  0.00108002715719792
3.8  0.113168694752778  0.0010946324468898993
3.9  0.11693838701513684  0.0011137836677558941
4.0  0.12059823869743368  0.0011321344471858555
4.1  0.12129795172616879  0.0011356166751371553
4.2  0.12385266205413546  0.0011482613178729997
4.3  0.12798110189236472  0.0011684728523165572
4.4  0.1314421371935959  0.001185214357268863
4.5  0.13367996017250963  0.0011959446483668576
4.6  0.13587698419168956  0.0012064095666974024
4.7  0.13663331971261702  0.0012099964685598071
4.8  0.1421858713629899  0.0012360923105496477
4.9  0.1444825472692517  0.0012467680650892277
5.0  0.14284317827156173  0.0012391546079295174
