#mmax= 10
#m-states: all states (FBR)
#Nr. of sites: 29

0.0  1.0  0.0
0.1  1.0  6.641245915522601e-19
0.2  1.0  3.462489493909156e-19
0.3  1.0  2.2460393309776865e-19
0.4  0.99998  1.4142064912168942e-5
0.41  0.99995  2.2360232552457898e-5
0.42  0.99994  2.449428504161729e-5
0.43  0.99997  1.7320334868009888e-5
0.44  0.99988  3.4639110824037994e-5
0.45  0.99982  4.242280043726451e-5
0.46  0.99984  3.9996999857489014e-5
0.47  0.99979  4.5821174098880935e-5
0.48  0.99974  5.0983820899378824e-5
0.49  0.99961  6.243811324167198e-5
0.5  0.99946  7.346521606433698e-5
0.51  0.99931  8.3037991022661e-5
0.52  0.99919  8.996399243697088e-5
0.53  0.99904  9.793303788200939e-5
0.54  0.99867  0.00011524948513741068
0.55  0.99867  0.00011524948513741063
0.56  0.99849  0.00012278986022264924
0.57  0.99811  0.0001373479801259429
0.58  0.99783  0.00014715001709573487
0.59  0.99761  0.00015441216736764132
0.6  0.99749  0.00015823163202246374
0.7  0.9945900000001417  0.000231965206605977
0.8  0.9908700000000399  0.0003007778842810197
0.9  0.9869800000806788  0.0003584774462476432
1.0  0.9831200000592412  0.0004073724516438489
1.1  0.9798700000320739  0.0004441281378943085
1.2  0.976170000026563  0.0004823107263142378
1.3  0.9725100000012248  0.0005170548060243732
1.4  0.9682500000959885  0.0005544568940554864
1.5  0.9644600000210514  0.0005854677713752045
1.6  0.9615200000740367  0.0006082734537543067
1.7  0.9573400000576572  0.000639065980122022
1.8  0.9533200000241006  0.0006670938657211196
1.9  0.9514600001533878  0.0006795905381287673
2.0  0.9465900000744799  0.0007110406270936231
2.1  0.9437200001787489  0.0007287872967714692
2.2  0.9398000001761532  0.0007521736862863329
2.3  0.9373400000450521  0.0007663831395500433
2.4  0.9328300003502578  0.000791573224880104
2.5  0.931340000388856  0.0007996651995686516
2.6  0.92556000133091  0.0008300564615137475
2.7  0.9244400014217468  0.000835771393894273
2.8  0.9200400010738603  0.0008577128429453128
2.9  0.919340001239754  0.0008611312540346424
3.0  0.9147400015532015  0.0008831280171840661
3.1  0.9108700015046016  0.0009010363601183395
3.2  0.9094900016079248  0.0009072968652145806
3.3  0.9048400020022088  0.0009279301257690052
3.4  0.9038000020594843  0.0009324506729127107
3.5  0.8994800020493116  0.0009508765959874736
3.6  0.8972100023648779  0.0009603391791849365
3.7  0.8955400025734365  0.0009672075231364065
3.8  0.893000002994104  0.0009775067783501235
3.9  0.8896400048509907  0.000990866507585308
4.0  0.8863900052684976  0.0010035126586057182
4.1  0.8857700035701997  0.0010058951863906164
4.2  0.8835100058428081  0.0010145003636630446
4.3  0.8798700068656219  0.001028104216590062
4.4  0.8768300095150557  0.0010392315161614376
4.5  0.8748700130516716  0.0010462961101257895
4.6  0.8729500125352689  0.0010531352463711658
4.7  0.8722900190525138  0.0010554678426135085
4.8  0.867460005526844  0.0010722606425410868
4.9  0.8654700170864764  0.001079040378595647
5.0  0.8668900054253262  0.0010742107447908374
