#mmax= 10
#m-states: all states (FBR)
#Nr. of sites: 29
 
0.0  3.382480103131408e-29 
0.1  1.4131253555222762 
0.2  2.911380092906246 
0.3  4.617689945620049 
0.4  6.784051970280089 
0.41  7.0463013220571025 
0.42  7.321439677055391 
0.43  7.6106458444587615 
0.44  7.915865151772546 
0.45  8.240012986018778 
0.46  8.584897120314716 
0.47  8.95243571156427 
0.48  9.342708079453933 
0.49  9.752095944661265 
0.5  10.171660803357932 
0.51  10.586663741408302 
0.52  10.982670089984762 
0.53  11.349325615086842 
0.54  11.683360870882577 
0.55  11.986611503687941 
0.56  12.262141702617903 
0.57  12.514703162651456 
0.58  12.748070382166155 
0.59  12.965330026072813 
0.6  13.169036181886822 
0.7  14.727691906758936 
0.8  15.796905812559926 
0.9  16.60665496806667 
1.0  17.255225118487928 
1.1  17.794020692806036 
1.2  18.253173793876325 
1.3  18.651835048834066 
1.4  19.00303774715062 
1.5  19.315930483643058 
1.6  19.59736118353906 
1.7  19.852476237487608 
1.8  20.085223305329265 
1.9  20.29878421774971 
2.0  20.495714738458076 
2.1  20.678116958051703 
2.2  20.8477053589577 
2.3  21.00591064788524 
2.4  21.154006665260248 
2.5  21.293028746466604 
2.6  21.423854667012733 
2.7  21.547280231852678 
2.8  21.66398572674797 
2.9  21.774542781586547 
3.0  21.87949935470165 
3.1  21.979286030832654 
3.2  22.074340353360313 
3.3  22.165015017810507 
3.4  22.25164597995622 
3.5  22.33451196536346 
3.6  22.413886597453363 
3.7  22.49001166640624 
3.8  22.563093493048317 
3.9  22.633337259732983 
4.0  22.700874658313737 
4.1  22.765964245532363 
4.2  22.82875902775426 
4.3  22.889252452976077 
4.4  22.947701391676347 
4.5  23.004201585482388 
4.6  23.05883469804853 
4.7  23.111711876450734 
4.8  23.162929798274213 
4.9  23.21255877723656 
5.0  23.26069680030824 
