#mmax= 10
#m-states: all states (FBR)
#Nr. of sites: 29
 
0.0  0.0 
0.1  -0.6914326816086638 
0.2  -1.3295762302493668 
0.3  -1.850501084034073 
0.4  -2.1575825074965085 
0.41  -2.1703477061313876 
0.42  -2.1786408549889966 
0.43  -2.1821568711540897 
0.44  -2.1804068847628018 
0.45  -2.172720282013379 
0.46  -2.1585396695332886 
0.47  -2.1372995215567827 
0.48  -2.108734066101094 
0.49  -2.0732698192189765 
0.5  -2.032421467616855 
0.51  -1.9889769236915953 
0.52  -1.945946286449632 
0.53  -1.9057300810421598 
0.54  -1.8694301435267338 
0.55  -1.837089856291362 
0.56  -1.8084377321636997 
0.57  -1.782775475584121 
0.58  -1.7595410972173453 
0.59  -1.7382603479358476 
0.6  -1.7185419605087906 
0.7  -1.570884449378299 
0.8  -1.4684948014110548 
0.9  -1.3888183816828075 
1.0  -1.3232325161572347 
1.1  -1.267401470134575 
1.2  -1.2188028851229669 
1.3  -1.17585064606916 
1.4  -1.1374199133926544 
1.5  -1.1027345975807608 
1.6  -1.0711715132668842 
1.7  -1.0422667080553378 
1.8  -1.0156596467647865 
1.9  -0.9910523831818788 
2.0  -0.9681968077415428 
2.1  -0.94688622686623 
2.2  -0.9269566073272143 
2.3  -0.9082761679767691 
2.4  -0.8906919728092038 
2.5  -0.874105115655882 
2.6  -0.8584319114529155 
2.7  -0.8435870712413878 
2.8  -0.8294981069023502 
2.9  -0.8161098314648122 
3.0  -0.8033529734389558 
3.1  -0.7911947699269926 
3.2  -0.7795740041419266 
3.3  -0.7684601950203849 
3.4  -0.7578125160738879 
3.5  -0.7476095465822374 
3.6  -0.7378105478747401 
3.7  -0.7283945191593624 
3.8  -0.7193368492022193 
3.9  -0.7106130305124161 
4.0  -0.7022389144456823 
4.1  -0.6941261632012542 
4.2  -0.6862541435554116 
4.3  -0.6787147369491937 
4.4  -0.6713905006978749 
4.5  -0.6642993877202441 
4.6  -0.657435544230016 
4.7  -0.6507815640436383 
4.8  -0.6443235127186603 
4.9  -0.6380672827047955 
5.0  -0.6319880478974027 
