#mmax= 5
#m-states: all states (FBR)
#Nr. of sites: 30
 
0.0  15.000000000000005 0.016666666666665164 
0.1  18.48524103998284 0.024493782100400763 
0.2  23.902123399673847 0.037490172842176483 
0.3  33.88718301918404 0.06417272805492014 
0.4  60.2475473768094 0.14818606103477372 
0.41  65.52970401855734 0.1662059476033616 
0.42  71.83635113561664 0.1876567716554518 
0.43  79.47767816018478 0.21334151545028623 
0.44  88.84424375329395 0.24388044078115256 
0.45  100.46783657541907 0.2799007751709206 
0.46  114.88864777349953 0.3211766913696499 
0.47  132.74307227742716 0.3668857863842524 
0.48  154.44450435375074 0.41494478401782897 
0.49  179.82336272285124 0.46213366854344606 
0.5  207.8373861138417 0.5049810144618541 
0.51  236.46009275090273 0.54063894323922 
0.52  263.7278071095542 0.5683822439840792 
0.53  288.17359774661423 0.5888504605893521 
0.54  309.34279871481823 0.6035829691666473 
0.55  327.4531547079891 0.614164505673279 
0.56  342.9939874406787 0.6218664386025732 
0.57  356.5180071809353 0.6276232902904346 
0.58  368.4451423087284 0.6320352801057489 
0.59  379.1184237521072 0.6355106442793278 
0.6  388.7718938929563 0.6383104858893874 
0.7  455.03356666794645 0.651320752491086 
0.8  495.4942779903409 0.6559181577153864 
0.9  524.5520878048839 0.6583050617375159 
1.0  547.1502712187742 0.6597845147528897 
1.1  565.5913337796837 0.6608015564582324 
1.2  581.1217533980982 0.661548176085637 
1.3  594.4985868285074 0.6621224798983265 
1.4  606.213353491899 0.6625794751143452 
1.5  616.6070266455287 0.6629524261350177 
1.6  625.9243929730009 0.6632630740762318 
1.7  634.3479592243212 0.6635261036808443 
1.8  642.0176633274823 0.6637517857579556 
1.9  649.0435968085457 0.6639476673281813 
2.0  655.51352211555 0.6641192871873844 
2.1  661.4976308180946 0.6642708702551883 
2.2  667.0585769963424 0.6644058792444523 
2.3  672.2405654859851 0.6645267234431533 
2.4  677.0880703277575 0.6646356184269926 
2.5  681.6368886507901 0.6647342723183058 
2.6  685.9143277024787 0.6648239870782111 
2.7  689.9466771906062 0.6649059329668963 
2.8  693.7581349780767 0.6649810990245609 
2.9  697.3676001976854 0.6650502793641275 
3.0  700.792444783452 0.6651141553613207 
