#mmax= 5
#m-states: all states (FBR)
#Nr. of sites: 30
 
0.0  14.999999999999927 0.01666666666666361 
0.1  13.608456023258348 0.013611175847095258 
0.2  12.34763538377864 0.010916109424794485 
0.3  11.22607634968172 0.008642148379311987 
0.4  10.229841710100288 0.006921171999426656 
0.41  10.135954539958076 0.006791048214724094 
0.42  10.042794834245614 0.006664528033315298 
0.43  9.950307876573381 0.0065522278581722215 
0.44  9.85839357075945 0.00645579879785807 
0.45  9.766863606264673 0.006373752431365731 
0.46  9.675547184109032 0.006303132298276615 
0.47  9.584383730531508 0.00625074905172629 
0.48  9.493401845640873 0.006217655569345282 
0.49  9.402899759481345 0.006207478290087387 
0.5  9.31369085945591 0.006216271494449255 
0.51  9.226965479564381 0.006238874778008996 
0.52  9.143621628926304 0.006266388185586891 
0.53  9.064347708484338 0.006293171312457435 
0.54  8.98914161317126 0.006313998228401174 
0.55  8.917675502652727 0.00632908571935864 
0.56  8.849528427277315 0.006338296443985203 
0.57  8.784275302990311 0.006343071878388673 
0.58  8.721517690868295 0.006343923850754107 
0.59  8.660996130817214 0.00634169248070271 
0.6  8.602490898741769 0.0063373002689148805 
0.7  8.098519408236127 0.006242623333213904 
0.8  7.694969819129677 0.00612307445239213 
0.9  7.356754872675797 0.005995856424350188 
1.0  7.065618702036648 0.005873456527682008 
1.1  6.810406743119075 0.005765336497119522 
1.2  6.583517900065909 0.0056545291305971634 
1.3  6.379732452062313 0.005549919352088262 
1.4  6.195200124110429 0.005459175817529527 
1.5  6.026814885860248 0.00536656720711548 
1.6  5.8722861850613395 0.005278925705787807 
1.7  5.729746544058558 0.005195607518584611 
1.8  5.597655867579385 0.005115231783610841 
1.9  5.4747869386490855 0.0050412585211978556 
2.0  5.360069657356164 0.0049704649326371975 
2.1  5.252628973123532 0.004902634099644421 
2.2  5.151693448060079 0.004839508447885277 
2.3  5.056633988711116 0.004777807993880057 
2.4  4.9668834897414005 0.004718762950327804 
2.5  4.881950177229395 0.004662171231719303 
2.6  4.801425870700174 0.004608007246489909 
2.7  4.7249412956641486 0.004556451984447318 
2.8  4.652146120038901 0.004506569408786021 
2.9  4.582760775162464 0.004458648092620976 
3.0  4.516515004359293 0.0044125913797504746 
