#mmax= 5
#m-states: all states (FBR)
#Nr. of sites: 30
 
0.0  -1.2504996440271117e-31 
0.1  0.025776487335952517 
0.2  0.056502916345232364 
0.3  0.098869814362943 
0.4  0.1653875561240082 
0.41  0.17433159615357766 
0.42  0.18388463008941436 
0.43  0.19412553137420685 
0.44  0.20514432698942633 
0.45  0.21705700344662213 
0.46  0.22996846186389658 
0.47  0.24397793167714218 
0.48  0.2591024077533923 
0.49  0.27518417698339775 
0.5  0.29181497838096254 
0.51  0.30831496593216157 
0.52  0.32404902132323304 
0.53  0.3385573594513585 
0.54  0.35170464422259046 
0.55  0.36357343875377046 
0.56  0.3743363876142119 
0.57  0.38419001602860076 
0.58  0.393287134943712 
0.59  0.40175583987904856 
0.6  0.40968670802243756 
0.7  0.47042629698373944 
0.8  0.5121682318801672 
0.9  0.5438770017072762 
1.0  0.5693438439533915 
1.1  0.5905532516360715 
1.2  0.6086643461231499 
1.3  0.6244195290670952 
1.4  0.638320072092782 
1.5  0.6507232536405089 
1.6  0.6618921527016358 
1.7  0.6720264178719633 
1.8  0.6812813408309211 
1.9  0.6897806649772616 
2.0  0.6976240160992829 
2.1  0.7048920351344153 
2.2  0.7116559678843916 
2.3  0.7179683007696461 
2.4  0.7238802441598595 
2.5  0.7294335528197278 
2.6  0.7346609157494786 
2.7  0.7395933590488222 
2.8  0.7442590843127177 
2.9  0.748680816304267 
3.0  0.7528790086578647 
