#mmax= 5
#m-states: all states (FBR)
#Nr. of sites: 30
 
0.0 1.3840005233855505e-28
0.1 -0.18170678582039557
0.2 -0.7326684964715007
0.3 -1.6735099292586533
0.4 -3.0530859002527464
0.41 -3.2188004363394924
0.42 -3.390199926490496
0.43 -3.5675163779021375
0.44 -3.7510165111899028
0.45 -3.9410077337801965
0.46 -4.137843012642069
0.47 -4.341918742712405
0.48 -4.5536529484354595
0.49 -4.773428928895097
0.5 -5.001497356998726
0.51 -5.237865939865561
0.52 -5.482246161833146
0.53 -5.734105834740479
0.54 -5.992799362650846
0.55 -6.2576862570400245
0.56 -6.528196014637835
0.57 -6.803846530093626
0.58 -7.084237279211312
0.59 -7.369033554075692
0.6 -7.657951995835113
0.7 -10.7316681149765
0.8 -14.057989396189832
0.9 -17.56687068269896
1.0 -21.217943304080542
1.1 -24.98493084827589
1.2 -28.849371882336033
1.3 -32.79757649323399
1.4 -36.81898586766691
1.5 -40.90521173130906
1.6 -45.04942596861503
1.7 -49.24596726672356
1.8 -53.49007273119355
1.9 -57.77767565469732
2.0 -62.10527409580625
2.1 -66.46981853053116
2.2 -70.86863447569897
2.3 -75.29936022437158
2.4 -79.7598953818655
2.5 -84.24836245197524
2.6 -88.76307435231794
2.7 -93.30250468115156
2.8 -97.86527992715409
2.9 -102.4501399094352
3.0 -107.05593747195417
