#mmax= 5
#m-states: all states (FBR)
#Nr. of sites: 30
 
0.0  -0.0 
0.1  0.006344242102279244 
0.2  0.0265875774135135 
0.3  0.06505069048630018 
0.4  0.1325376357531633 
0.41  0.14176066074278917 
0.42  0.1516094544079994 
0.43  0.16215685486837286 
0.44  0.173491449637753 
0.45  0.18574215925834667 
0.46  0.19904551646689847 
0.47  0.21359316774994627 
0.48  0.22958528308292736 
0.49  0.2471693475493589 
0.5  0.266318061637328 
0.51  0.2866699728410712 
0.52  0.30766885704215713 
0.53  0.3286517487662008 
0.54  0.34912436406118763 
0.55  0.36880064606725604 
0.56  0.3875430563503137 
0.57  0.4053591587406038 
0.58  0.4222459552375649 
0.59  0.4382537809852152 
0.6  0.45338216704808565 
0.7  0.5653221538620679 
0.8  0.626767549241091 
0.9  0.6602841220110193 
1.0  0.6788975341408595 
1.1  0.6895029940142858 
1.2  0.6956929587053812 
1.3  0.6993829221686917 
1.4  0.7016201841775144 
1.5  0.7029937759407846 
1.6  0.7038419850853765 
1.7  0.7043651622802926 
1.8  0.7046840506907838 
1.9  0.7048728507833204 
2.0  0.7049780967472998 
2.1  0.7050296201725552 
2.2  0.7050457485123081 
2.3  0.7050401148192125 
2.4  0.7050199436182063 
2.5  0.7049904553058414 
2.6  0.7049560550950132 
2.7  0.7049190851589163 
2.8  0.704880486957622 
2.9  0.7048416341881658 
3.0  0.7048031712729269 
