#mmax= 5
#m-states: all states (FBR)
#Nr. of sites: 30

0.0  -0.0  0.0
0.1  0.004761393334929358  0.0010924586573750569
0.2  0.024291648342544228  0.002479733631916727
0.3  0.05954061779599975  0.003915049002037886
0.4  0.13555337200537285  0.006086686584235235
0.41  0.1392352349739946  0.006166659914852744
0.42  0.1566402017800838  0.0065047153096579715
0.43  0.15297032394904442  0.006728723155150255
0.44  0.17905826256085186  0.0070073003901597285
0.45  0.18010925186905907  0.007024959163702203
0.46  0.19412594358022803  0.007307373430084894
0.47  0.2330390348371978  0.008224796031061634
0.48  0.22855673114159755  0.008062135999845727
0.49  0.24028669914557912  0.008590571913208224
0.5  0.2955060475928895  0.009325013528356364
0.51  0.2873700564610463  0.009187694138740455
0.52  0.3112701941307704  0.009609952323380456
0.53  0.3204213234918133  0.009732309397681297
0.54  0.3401703490066418  0.010176707278225743
0.55  0.376632258327843  0.010723972349672706
0.56  0.3708226417876971  0.010625622528868728
0.57  0.3922473791725715  0.011109135725217144
0.58  0.4416229566697212  0.01215793396481888
0.59  0.43717191441343606  0.01191901603221827
0.6  0.45559279047401025  0.012135199051221221
0.7  0.5615289659087787  0.014088890567781773
0.8  0.6084798383895078  0.014717156606547177
0.9  0.6670613097443118  0.015743110308131254
1.0  0.6855166033264757  0.01595787929247297
1.1  0.6673021034742035  0.015632800147852368
1.2  0.6915493100140745  0.016091914807452753
1.3  0.7121415142924338  0.016302583912680826
1.4  0.7101018035620843  0.01627034440374275
1.5  0.7239774696282287  0.016481414352425096
1.6  0.711391431912261  0.01620754876405436
1.7  0.6993271320607218  0.016081016732953656
1.8  0.6887437754250302  0.015869988086700055
1.9  0.6991255152934049  0.01608711874796078
2.0  0.7075008535408234  0.016320287666848243
2.1  0.6882753145690795  0.015983743527055574
2.2  0.6972473412627106  0.016221618818779565
2.3  0.7159230095334327  0.016408422964262665
2.4  0.7133483078909925  0.016364366693823695
2.5  0.7231829284833174  0.016419165916935496
2.6  0.7230130690250515  0.016353318742244872
2.7  0.6910053201784241  0.016060139123062474
2.8  0.7065883052953038  0.016327716827834758
2.9  0.7110656526057559  0.01636475318967782
3.0  0.7070441643787218  0.016224707546239562
