#mmax= 5
#m-states: all states (FBR)
#Nr. of sites: 30
 
0.0  0.0 
0.1  0.022971460639545065 
0.2  0.0767717729273113 
0.3  0.156944303368984 
0.4  0.2674608067593894 
0.41  0.28065557247638656 
0.42  0.2943467787868647 
0.43  0.3085802960392311 
0.44  0.3234129967860192 
0.45  0.3389405043378421 
0.46  0.35524635665787946 
0.47  0.3724588708032663 
0.48  0.3906850114943788 
0.49  0.4099431332767265 
0.5  0.4300495805666957 
0.51  0.450505430927717 
0.52  0.47070115476591445 
0.53  0.49003013032705933 
0.54  0.5081303100866019 
0.55  0.5248698903768769 
0.56  0.5402533879454657 
0.57  0.5543963403269981 
0.58  0.5673913153526415 
0.59  0.5793573741343127 
0.6  0.5903631393327676 
0.7  0.6635097859677554 
0.8  0.6979644568571325 
0.9  0.7149762621762854 
1.0  0.7236837095546136 
1.1  0.7282357958367079 
1.2  0.7306147558994365 
1.3  0.7318201694118491 
1.4  0.7323775041804749 
1.5  0.7325717921753384 
1.6  0.732561531555061 
1.7  0.7324390809823311 
1.8  0.7322562182050764 
1.9  0.7320437737236706 
2.0  0.7318197432536394 
2.1  0.7315957846360855 
2.2  0.7313744319585068 
2.3  0.7311641595332349 
2.4  0.7309629313404377 
2.5  0.7307711075168702 
2.6  0.730591171832167 
2.7  0.7304226236652652 
2.8  0.73026317113021 
2.9  0.730113105220885 
3.0  0.7299717373742478 
