#mmax= 5
#m-states: all states (FBR)
#Nr. of sites: 30

0.0  0.0 0.0 0.0 NaN NaN 0.0 
0.1  -0.0105 0.009178425702406354 0.3369739934983743 -0.037776832515681834 12.255926781369539 0.0 
0.2  0.014 0.01793129618420575 1.2861255313828468 0.1083620040646021 2.9793676257660424 0.0 
0.3  0.023 0.027213101407631866 2.962211552888222 -0.10681197016200998 1.0263888734087514 2.797505647263467e-248 
0.4  0.081 0.0366155011399671 5.36277969492373 0.005206810626362664 0.485818661315943 7.02391752485868e-129 
0.41  0.0085 0.03716957535179758 5.526309327331834 0.026882956069635488 0.3370127294771743 4.189871814353485e-118 
0.42  -0.0235 0.03869736824484669 5.989945236309075 -0.11271622818483024 0.5261454450350964 3.9121996613538442e-118 
0.43  -0.025 0.040071750477070185 6.422980745186298 0.01534034598364488 0.3807219526783814 9.359528068073967e-102 
0.44  -0.0745 0.0401717049547283 6.45506351587897 -0.04655576860764315 0.2571270302527613 1.05844336395193e-105 
0.45  0.0375 0.04218226254385046 7.117373093273319 -0.011514579042505541 0.35080255028041796 6.999893929587416e-93 
0.46  0.0285 0.04207718574108745 7.081958239559892 0.04589427532565689 0.39952379154369755 5.721289860205947e-104 
0.47  -0.031 0.0436547383916799 7.622944736184045 0.07285516856036903 0.2191694862554172 5.461573740718512e-88 
0.48  -0.0485 0.04663910096619288 8.700822955738934 -0.06533662298637298 0.42603570362605847 2.623300427068863e-78 
0.49  -0.0495 0.046289017118280276 8.570692423105777 0.03614358454137651 0.22399041203750159 2.249437285033825e-68 
0.5  -0.061 0.049408299353562585 9.764720180045012 0.005728301060115854 0.04422140480467096 4.7488216451012756e-60 
0.51  0.003 0.04918437277867235 9.676410102525624 -0.012864012260293782 0.16777936550500305 1.266983255190194e-64 
0.52  0.053 0.05024369470106974 10.097715428857214 -0.10890858489124904 0.23023370290110545 1.484048435693875e-61 
0.53  -0.024 0.049899684313867744 9.959913978494633 -0.03523281814926598 0.19558622747521426 2.1263056825379633e-57 
0.54  -0.0735 0.052479405098475276 11.01635183795949 -0.014475972402776989 0.029426530618900326 5.21849322331057e-55 
0.55  -0.023 0.05305724755280347 11.26028607151788 0.05275912593204853 0.05968283053117185 1.3148043779341874e-55 
0.56  -0.001 0.05415933029741565 11.732932233058262 0.0034646635409557995 0.08056999053120295 2.6681208023727254e-53 
0.57  0.06 0.054445762785283104 11.857364341085272 0.031507859540073534 -0.03126168232686455 1.3658062658148253e-44 
0.58  -0.008 0.055491024620684046 12.317015253813452 0.026649053909102476 0.09869262741033102 1.6239666449040167e-50 
0.59  -0.0705 0.05733523584862501 13.149317079269819 0.023471215390255817 0.04615911155334196 1.1723056705953638e-41 
0.6  -0.056 0.05678927940697865 12.900089022255559 -0.03344780607105233 0.07161109943449606 1.0241235357246828e-45 
0.7  -0.016 0.06276082161812849 15.755682920730179 -0.01484273431307486 0.01172066647961545 8.730236659605155e-37 
0.8  0.14 0.0641609628768874 16.46651662915729 -0.0164827116049731 -0.11196487893594531 1.8631239617044014e-35 
0.9  0.1555 0.06805044197625236 18.523450612653154 0.025989881199978672 0.07183719943782041 8.224851694687271e-32 
1.0  -0.028 0.07194162841828691 20.70239159789947 0.04212590132130718 -0.015279502121979593 1.1473721113844065e-26 
1.1  -0.1215 0.07312247371048373 21.38758464616154 0.009968491801752776 -0.11447806155955309 8.379424486522212e-27 
1.2  0.091 0.07614709019283802 23.193517379344833 -0.009054500166466342 0.1988372632672437 7.810159988560713e-25 
1.3  0.0915 0.07691642198836912 23.664543885971494 0.02307121603667553 -0.03240886402602916 1.0631233903176476e-23 
1.4  0.003 0.07970938556115355 25.414344586146537 0.04899829227080529 -0.05138854213891575 4.966349859820907e-26 
1.5  0.1095 0.08151940744968487 26.581655163790952 0.023729009850727935 -0.06234965520674418 1.3653869294121697e-22 
1.6  -0.0535 0.08264225234689723 27.318967491872964 -0.006349125102668205 -0.056536542229583375 3.3092209847490554e-22 
1.7  0.163 0.08494505085887202 28.862646661665423 -0.056738329605321144 0.06512539627815572 6.084040386241119e-25 
1.8  -0.143 0.08557872796244356 29.294874718679676 -0.05098298730911497 0.06223423158210961 9.502424857928345e-19 
1.9  0.0975 0.08749164036800071 30.61914853713428 0.011497046277301954 -0.1859896852363745 9.848483751265055e-19 
2.0  -0.0235 0.08820463112409652 31.120227806951743 -0.020747640602139548 -0.09364485472179451 3.0682886666051e-20 
2.1  0.0835 0.08995571101929133 32.368119779945005 0.06409739367897643 0.009338573563890673 1.832976941613457e-20 
2.2  -0.191 0.09386203849569666 35.24032908227056 -0.014734894929225736 -0.1022243408574961 6.351684611164491e-17 
2.3  0.0555 0.0912335509980124 33.29424331082772 -0.01589399395200367 0.08999759967591103 2.542891189562032e-19 
2.4  0.0915 0.09484411309589666 35.98162315578894 0.01760687154799624 0.12107039399958275 4.2858366537815717e-16 
2.5  0.092 0.09262304657691463 34.31611502875719 -0.05180267610793039 0.05730749956438652 1.0248703624340022e-19 
2.6  0.0275 0.09704336809552123 37.669661165291316 0.019951304127563383 -0.005248540196933327 1.5221885243628479e-16 
2.7  0.011 0.0982516315171099 38.61353238309577 0.03434623161269894 -0.04771311595579952 4.2044432491997836e-17 
2.8  0.04 0.09885617398920488 39.090172543135786 -0.0061140413231487506 -0.10245234159566108 9.428066727288456e-15 
2.9  -0.0985 0.09715289037659727 37.7547364341085 0.04583376189891706 0.01800777881972726 7.150373337713262e-16 
3.0  0.005 0.09974207171608958 39.79392348087023 0.05255229157104671 0.0013320282164857034 7.492994265120532e-17 
