#mmax= 5
#m-states: all states (FBR)
#Nr. of sites: 30
 
0.0  2.0285386172992755e-60 
0.1  0.002481047754000208 
0.2  0.009691635149093939 
0.3  0.020902198961802794 
0.4  0.034674938829238944 
0.41  0.036101592038361 
0.42  0.037522308659592926 
0.43  0.03893194128121243 
0.44  0.04032433248005971 
0.45  0.041692407664794116 
0.46  0.04302743943974116 
0.47  0.044319534412591705 
0.48  0.04555752772978722 
0.49  0.04673132360442082 
0.5  0.04783510789851298 
0.51  0.04887181988196756 
0.52  0.049852236589408884 
0.53  0.05079075121104112 
0.54  0.051699590723546705 
0.55  0.05258658018978278 
0.56  0.053455745187829896 
0.57  0.05430831827943571 
0.58  0.05514519249998944 
0.59  0.05596653030794522 
0.6  0.056772732950371683 
0.7  0.06409647791206342 
0.8  0.07041052911050456 
0.9  0.07604678093558291 
1.0  0.08119971820594246 
1.1  0.08598853016786791 
1.2  0.09049171248115337 
1.3  0.09476256030425607 
1.4  0.09883933073940263 
1.5  0.10274998261191225 
1.6  0.10651591788957859 
1.7  0.11015392598348285 
1.8  0.11367784615087038 
1.9  0.11709846859412829 
2.0  0.12042514237626616 
2.1  0.12366582227610665 
2.2  0.1268265482637695 
2.3  0.12991426039255727 
2.4  0.1329329021303222 
2.5  0.13588667106215763 
2.6  0.13878088713214876 
2.7  0.14161851655327498 
2.8  0.14440288524192263 
2.9  0.14713659598321308 
3.0  0.14982294205147134 
