#mmax= 5
#m-states: all states (FBR)
#Nr. of sites: 30
 
0.0  4.542295485539841e-15 
0.1  -1.4334620005991248e-9 
0.2  -3.659997247418827e-7 
0.3  4.957291337409196e-6 
0.4  -6.791118228567138e-6 
0.41  -1.542392754783115e-6 
0.42  -5.003515960349266e-7 
0.43  2.6308274724823175e-7 
0.44  -2.7682220278182624e-5 
0.45  8.876567362073434e-6 
0.46  -1.1308958790179794e-5 
0.47  3.612467920426761e-5 
0.48  -1.5401966594025036e-6 
0.49  -0.00010135121332226648 
0.5  -0.00018541762121041127 
0.51  -6.275742581944455e-5 
0.52  -0.00037791189048680103 
0.53  -0.00035976223862704154 
0.54  -0.00022952416638698697 
0.55  -0.0004438188976008715 
0.56  -3.045052150674082e-5 
0.57  0.0003972125664561516 
0.58  0.0003850346303002968 
0.59  -6.822367817582495e-5 
0.6  -3.64245016499354e-5 
0.7  -0.023795703083011054 
0.8  -0.0016718869066182109 
0.9  -0.0003249149507461858 
1.0  -0.0003221615435117459 
1.1  -0.0021624378466635293 
1.2  -0.005989877105061438 
1.3  -0.0069318577551644766 
1.4  -0.006953022592952371 
1.5  -0.006077865243499223 
1.6  -0.007462062550071652 
1.7  -0.010091335439031532 
1.8  -0.010142411880666405 
1.9  -0.010769151100394047 
2.0  -0.010978383032512537 
2.1  -0.011385399418777791 
2.2  -0.011698874941149072 
2.3  -0.012219484780451458 
2.4  -0.01193461729595917 
2.5  -0.01191236187422567 
2.6  -0.011729150418243347 
2.7  -0.011431748342458112 
2.8  -0.011783249973031517 
2.9  -0.011679241325825802 
3.0  -0.011557408626277268 
