#mmax= 5
#m-states: all states (FBR)
#Nr. of sites: 30

0.0  -0.0  0.0
0.1  -0.0  3.2854328758454314e-18
0.2  -0.0  2.773544048789338e-18
0.3  -0.0  1.172141934884959e-18
0.4  -0.0  1.4966734270275097e-18
0.41  -0.0  1.6717768609432293e-18
0.42  -0.0  1.5087239257925959e-18
0.43  -0.0  1.6066709287676905e-18
0.44  -0.0  1.4391934184219518e-18
0.45  0.00025003125487568816  0.00025006251529524317
0.46  -0.0  1.6009053446389021e-18
0.47  0.0002500312550953452  0.00025006251551495636
0.48  0.0005001250414694177  0.0003536860254664983
0.49  0.0007502812887624272  0.00043322927121699454
0.5  0.0007502813893046909  0.0004332293292940572
0.51  0.0005001250331285826  0.0003536860195663673
0.52  0.0010004956834316322  0.0005003104041426462
0.53  0.001751532943075735  0.0006621000780634985
0.54  0.002001999366983209  0.000707902274517419
0.55  0.0012507818613688756  0.0005594366238093985
0.56  0.0017515327240102982  0.0006620999951816915
0.57  0.001250781671110609  0.0005594365386595508
0.58  0.0037570424854505434  0.0009701860467559278
0.59  0.0030044980046115928  0.0008674326232073993
0.6  0.0050125229165653  0.0011209754915932648
0.7  0.00677276298246295  0.001303584215552998
0.8  0.006513089862274576  0.0012775030639232622
0.9  0.013589904068780759  0.001849595578522825
1.0  0.016627432473388746  0.0020469708652082045
1.1  0.018151984915992413  0.002139519013384838
1.2  0.02555952374719403  0.0025436382971046057
1.3  0.030425652752983697  0.002777889370728143
1.4  0.032382312816224716  0.0028631468282157555
1.5  0.037112727146247124  0.0030719526897031906
1.6  0.045334564277673316  0.0033985372252198
1.7  0.05184838248308283  0.0036877993743265895
1.8  0.04674134359362388  0.00344274348287536
1.9  0.055933053617054036  0.003780924490227096
2.0  0.05211770947108913  0.003645559552102463
2.1  0.06136337340688079  0.003979128247304109
2.2  0.06992189180318696  0.004226753664067143
2.3  0.07102531437248266  0.00426311064723024
2.4  0.06576811101598334  0.004131809591326924
2.5  0.07749785266720158  0.0045312859036259565
2.6  0.07851822669656314  0.004531650053888337
2.7  0.07492587628312342  0.004728158910084252
2.8  0.08333574908904101  0.004611985962594826
2.9  0.07642960533552488  0.004456972090101953
3.0  0.0906109748381105  0.0048000669949677275
