#mmax= 5
#m-states: all states (FBR)
#Nr. of sites: 30

0.0  1.0  0.0
0.1  1.0  3.2854328758454314e-18
0.2  1.0  2.773544048789338e-18
0.3  1.0  1.172141934884959e-18
0.4  1.0  1.4966734270275097e-18
0.41  1.0  1.6717768609432293e-18
0.42  1.0  1.5087239257925959e-18
0.43  1.0  1.6066709287676905e-18
0.44  1.0  1.4391934184219518e-18
0.45  0.9997500000003335  0.0002499999996665028
0.46  1.0  1.6009053446389021e-18
0.47  0.9997500000001139  0.0002499999998861061
0.48  0.9995000000002128  0.0003535091824538403
0.49  0.9992500001018653  0.0004329043493077128
0.5  0.9992500000013984  0.00043290440729769244
0.51  0.9995000000085494  0.000353509176559608
0.52  0.9990000046455018  0.0004998100960626965
0.53  0.9982500000955631  0.0006609414029901596
0.54  0.9980000032970825  0.0007064864723023964
0.55  0.9987500000402334  0.0005587373280521448
0.56  0.9982500003142452  0.0006609413203981853
0.57  0.9987500002302538  0.0005587372431150389
0.58  0.9962500063682908  0.00096654785525902
0.59  0.9970000109826401  0.0008648303348644774
0.6  0.9950000188124443  0.0011153706352235873
0.7  0.9932501204861646  0.0012947851791618775
0.8  0.9935080743344695  0.001269209608994785
0.9  0.9865020217851738  0.001824629777697685
1.0  0.9835100402876695  0.002013216398108607
1.1  0.9820117700394045  0.002101032853367005
1.2  0.9747643556117973  0.0024794479455866603
1.3  0.9700325486358504  0.002694643106115859
1.4  0.9681363803712086  0.0027719166067401084
1.5  0.9635675090110927  0.0029600338010172295
1.6  0.955677692724122  0.003247906214035098
1.7  0.9494728126404945  0.003501465244395723
1.8  0.9543342103264723  0.003285527883086466
1.9  0.9456024384343925  0.0035752514174950544
2.0  0.9492171284205482  0.0034604275695327997
2.1  0.9404814317358368  0.0037422962310850786
2.2  0.932466650350231  0.003941306830988254
2.3  0.9314383130527474  0.003970824589613341
2.4  0.9363479678976405  0.003868811514578946
2.5  0.9254290115985725  0.004193383435063113
2.6  0.9244852094665994  0.004189443449298286
2.7  0.9278122566727929  0.004386843788272843
2.8  0.9200421920294619  0.004243221674634852
2.9  0.9264181268866916  0.004129019735298514
3.0  0.9133729668593297  0.004384251432317221
