#mmax= 5
#m-states: all states (FBR)
#Nr. of sites: 30
 
0.0  -3.626448967678624e-30 
0.1  1.4636405299587398 
0.2  3.0156234426556487 
0.3  4.783612942162081 
0.4  7.030109976797 
0.41  7.30253558954186 
0.42  7.5880591595872415 
0.43  7.888514596569114 
0.44  8.205986478991422 
0.45  8.543189905112776 
0.46  8.902521045595021 
0.47  9.286211907504395 
0.48  9.694448044945165 
0.49  10.12314699885652 
0.5  10.562187167182772 
0.51  10.995008614847583 
0.52  11.406381799847688 
0.53  11.785499274953242 
0.54  12.129487269111383 
0.55  12.440704167164204 
0.56  12.72360998244366 
0.57  12.98316236683972 
0.58  13.223219013501451 
0.59  13.446997808475487 
0.6  13.656790588574683 
0.7  15.266109680067512 
0.8  16.37098658502724 
0.9  17.208256488069146 
1.0  17.879044674069586 
1.1  18.4364136454412 
1.2  18.911422828627884 
1.3  19.323926411816426 
1.4  19.687325206428472 
1.5  20.01115452141943 
1.6  20.302420160041432 
1.7  20.566432593862665 
1.8  20.807318523846906 
1.9  21.028354605151204 
2.0  21.232179994471057 
2.1  21.420932566183357 
2.2  21.596474044496084 
2.3  21.760214934693728 
2.4  21.913483476855536 
2.5  22.057374474963385 
2.6  22.192766534394284 
2.7  22.320470095529462 
2.8  22.44121777479774 
2.9  22.55560742176103 
3.0  22.664179303663996 
