#mmax= 5
#m-states: all states (FBR)
#Nr. of sites: 30
 
0.0  6.485243210290703e-64 
0.1  -0.7161223972161168 
0.2  -1.3770388686439101 
0.3  -1.9163883256367344 
0.4  -2.2338708492007617 
0.41  -2.2469193010881083 
0.42  -2.255404886994225 
0.43  -2.258874186717115 
0.44  -2.2568009962980584 
0.45  -2.2485368051607337 
0.46  -2.233435651542021 
0.47  -2.210851888867271 
0.48  -2.180478220096788 
0.49  -2.1428058663379845 
0.5  -2.099552794134858 
0.51  -2.053874602814897 
0.52  -2.0089601814739297 
0.53  -1.9673358508638459 
0.54  -1.9300525866562601 
0.55  -1.8970744433048603 
0.56  -1.8678547416315145 
0.57  -1.8416519020102982 
0.58  -1.8178921001338035 
0.59  -1.7960784519830786 
0.6  -1.775876055923994 
0.7  -1.6237470675390673 
0.8  -1.5181078605023899 
0.9  -1.4358234385581374 
1.0  -1.3680731994212325 
1.1  -1.3103693479951228 
1.2  -1.260156791056537 
1.3  -1.215760068870664 
1.4  -1.1760431157377926 
1.5  -1.140180165844675 
1.6  -1.1075477316939955 
1.7  -1.077666475575728 
1.8  -1.0501596397501936 
1.9  -1.0247153208106174 
2.0  -1.0010835275918513 
2.1  -0.9790635472853116 
2.2  -0.9584509758487284 
2.3  -0.9391342123739898 
2.4  -0.9209563962196085 
2.5  -0.9038014431912792 
2.6  -0.8875999776594061 
2.7  -0.8722626831136177 
2.8  -0.8577043297289246 
2.9  -0.8438637489372862 
3.0  -0.8306880525859194 
