#mmax= 10
#m-states: all states (FBR)
#Nr. of sites: 39
 
0.0  19.50000000000007 0.012820512820518548 
0.1  17.67763744916917 0.010451195193597607 
0.2  16.03290151171012 0.00836521627807052 
0.3  14.561915658966226 0.006594381936356086 
0.4  13.259499894559859 0.005259319111555527 
0.41  13.13673670539913 0.005158556507549816 
0.42  13.014794235613012 0.00506689719896114 
0.43  12.893501778374375 0.0049772772582441505 
0.44  12.772749473276384 0.004905986999211742 
0.45  12.652331534719098 0.004841281252872309 
0.46  12.531889399277647 0.004792368601142405 
0.47  12.411038126368693 0.004758090069220011 
0.48  12.289720779527586 0.0047410880063152305 
0.49  12.16846824768939 0.004741144727942848 
0.5  12.049419893534758 0.004760618459878518 
0.51  11.935117406660755 0.004785956204857 
0.52  11.827044128471265 0.004810441099819096 
0.53  11.725438127007047 0.00482827323895163 
0.54  11.62948525674561 0.00483969537316975 
0.55  11.538319172625172 0.00484580704988391 
0.56  11.451145545784566 0.004848120906109532 
0.57  11.367454668656773 0.00484743281679223 
0.58  11.286761632393036 0.004844868456252205 
0.59  11.208757389252543 0.004840945679452258 
0.6  11.133358156817408 0.004835787755679499 
0.7  10.48138571433486 0.004757823926336613 
0.8  9.958507925077907 0.004659422311827588 
0.9  9.520141293910712 0.0045622309134984995 
1.0  9.142676693346914 0.004470564491385831 
1.1  8.811690855324716 0.004384096694360573 
1.2  8.51742351251729 0.004298072687789034 
1.3  8.253118812842551 0.004216422725961566 
1.4  8.013724682176008 0.004139676037008155 
1.5  7.795359094211175 0.004067943834173637 
1.6  7.594976724606283 0.003999357138190551 
1.7  7.410160126259288 0.003934657966663924 
1.8  7.238892679643526 0.0038732405549892768 
1.9  7.079603910149323 0.0038158173348892266 
2.0  6.930884421416422 0.0037606519468103006 
2.1  6.791601366261755 0.003708123643064609 
2.2  6.660763646011221 0.0036579962809715205 
2.3  6.5375513720741845 0.003610144337644061 
2.4  6.421218924677742 0.0035643142158806596 
2.5  6.311153384645994 0.0035205685264299014 
2.6  6.2067990031919695 0.00347862449088876 
2.7  6.107659470382344 0.003438146670517561 
2.8  6.013317655199083 0.003399209634115996 
2.9  5.923377332805089 0.003361683729326992 
3.0  5.83752167777405 0.003325530000318877 
3.1  5.755433471061023 0.0032906326923790585 
3.2  5.676876544971014 0.0032567077829153135 
3.3  5.601536333164433 0.003224317220137829 
3.4  5.52920858093008 0.003192550200735833 
3.5  5.459755588012925 0.003161741954349817 
3.6  5.392929555188698 0.0031321680234929206 
3.7  5.328581612678867 0.0031034581229573144 
3.8  5.266570786221738 0.003075613278826328 
3.9  5.206750063204317 0.0030490178167943416 
4.0  5.1489866587882815 0.0030227209819466694 
4.1  5.093173331074434 0.002997220710794113 
4.2  5.039193917337852 0.002972694651122376 
4.3  4.986955889803914 0.002948498589598225 
4.4  4.936358148524393 0.00292493752702494 
4.5  4.8873217861067415 0.002901992611907378 
4.6  4.8397662076432555 0.0028796385950864423 
4.7  4.793615605171266 0.002857831020300461 
4.8  4.748802208762498 0.00283655486426182 
4.9  4.705262894659746 0.002815464812310653 
5.0  4.662935450079972 0.002795829924086335 
