#mmax= 10
#m-states: all states (FBR)
#Nr. of sites: 39
 
0.0  19.500000000000068 0.012820512820513885 
0.1  24.067499511711674 0.01887777953261416 
0.2  31.21602258914684 0.029001771122359687 
0.3  44.502981065276785 0.04992445474922946 
0.4  80.86973754904612 0.11923872040232919 
0.41  88.47106810578185 0.13517152532783439 
0.42  97.83798998304967 0.15529106393561765 
0.43  109.35173308071981 0.1799558496936262 
0.44  124.21628446052078 0.2117012411857937 
0.45  143.4149568974885 0.25105773277183496 
0.46  168.86022973226818 0.2996402524164953 
0.47  202.63306000586786 0.35671468230787995 
0.48  246.59017605492454 0.4188195248219605 
0.49  300.3905146388531 0.47928676694556793 
0.5  359.43304869522495 0.5304537160624279 
0.51  416.63005902899505 0.5684111279453594 
0.52  466.8539667157648 0.5942313948965745 
0.53  508.2070635563398 0.6108954046245175 
0.54  542.1438383493306 0.6218178468697302 
0.55  570.3871244025921 0.6292050609621043 
0.56  594.5767982565267 0.6344690076182411 
0.57  615.6690121399826 0.6383614226564734 
0.58  634.5068784195221 0.6413836673962848 
0.59  651.5204131223094 0.64379295383702 
0.6  666.9593705910588 0.6457432537960137 
0.7  775.429549546321 0.6551775884951754 
0.8  842.3565105292543 0.6585746021366269 
0.9  890.659217437299 0.660351823248682 
1.0  928.3533534075807 0.6614593163622858 
1.1  959.1684743646313 0.6622228060362723 
1.2  985.172403719725 0.6627852766852574 
1.3  1007.5946012950892 0.6632187850543747 
1.4  1027.2467634133625 0.6635641830664809 
1.5  1044.6962911271125 0.6638465488516556 
1.6  1060.344837448845 0.6640819298442752 
1.7  1074.4948133976955 0.6642813280160694 
1.8  1087.3885801699741 0.6644526231193733 
1.9  1099.1961489089924 0.6646012345723884 
2.0  1110.0754582695727 0.6647315542171547 
2.1  1120.1402687635855 0.6648467059452742 
2.2  1129.49128042612 0.6649492247027137 
2.3  1138.2083986808382 0.6650410457525024 
2.4  1146.3638271210607 0.6651237949330049 
2.5  1154.0140724353691 0.665198721243611 
2.6  1161.2100775821268 0.665266882826991 
2.7  1167.9956784255369 0.6653291423902679 
2.8  1174.4091349181476 0.6653862423004446 
2.9  1180.4834655614297 0.6654387891412207 
3.0  1186.2465988747883 0.6654872915883021 
3.1  1191.7256715142694 0.6655322081380837 
3.2  1196.938304420776 0.6655738684626313 
3.3  1201.9141027546855 0.6656127019672707 
3.4  1206.6710598751413 0.6656489817499316 
3.5  1211.2133577210964 0.6656828311755569 
3.6  1215.5657248991952 0.665714582058246 
3.7  1219.739573104154 0.6657444021654293 
3.8  1223.7459060176902 0.6657724542774484 
3.9  1227.5968382248427 0.6657988999853521 
4.0  1231.3006594516432 0.665823856542384 
4.1  1234.86766017937 0.6658474563575887 
4.2  1238.3054316620662 0.6658697999858689 
4.3  1241.621946988771 0.66589098642613 
4.4  1244.8245880581 0.6659111065810649 
4.5  1247.9190715166264 0.6659302320530214 
4.6  1250.9112917691737 0.6659484334657171 
4.7  1253.8071860252012 0.6659657790549751 
4.8  1256.6116014864565 0.6659823253750212 
4.9  1259.3292872071502 0.6659981255187237 
5.0  1261.9646275583266 0.6660132300902657 
