#mmax= 10
#m-states: all states (FBR)
#Nr. of sites: 39
 
0.0  -1.1761751344236495e-31 
0.1  0.025782658177379195 
0.2  0.056564432669502916 
0.3  0.09913894730302159 
0.4  0.1664176321933161 
0.41  0.17551791350435483 
0.42  0.18528519243426256 
0.43  0.19576683024672192 
0.44  0.20713674455112918 
0.45  0.21949068173684244 
0.46  0.2330334259254597 
0.47  0.24795141257711906 
0.48  0.2643339081547169 
0.49  0.28194483952230837 
0.5  0.29995619447420296 
0.51  0.31722424074382805 
0.52  0.3329603296800575 
0.53  0.3468884910228037 
0.54  0.3592598646531908 
0.55  0.3703710233920914 
0.56  0.38051052089162524 
0.57  0.389851824841144 
0.58  0.398559412889737 
0.59  0.4067208127231279 
0.6  0.41438557062620546 
0.7  0.47390675775508334 
0.8  0.5150547792108598 
0.9  0.5463957032244636 
1.0  0.5716143246952717 
1.1  0.5926361222342547 
1.2  0.6106083384734206 
1.3  0.6262522581952349 
1.4  0.6400610705888298 
1.5  0.6523885820324586 
1.6  0.6634918884446172 
1.7  0.673567498712427 
1.8  0.6827741336956551 
1.9  0.6912267078546571 
2.0  0.6990307063494803 
2.1  0.7062634653757374 
2.2  0.7129935856536495 
2.3  0.7192764008724472 
2.4  0.7251612801278531 
2.5  0.7306878434533598 
2.6  0.7358914968941971 
2.7  0.7408026723830886 
2.8  0.7454483587221797 
2.9  0.7498514360133378 
3.0  0.7540320424952205 
3.1  0.7580090174028897 
3.2  0.761795666163958 
3.3  0.7654112762684789 
3.4  0.768869228902848 
3.5  0.7721737203366553 
3.6  0.775340964924414 
3.7  0.7783795234834038 
3.8  0.7812974344401326 
3.9  0.7841031269138234 
4.0  0.7868025157556421 
4.1  0.7894031571651198 
4.2  0.7919102816272635 
4.3  0.7943298235957544 
4.4  0.7966668449672202 
4.5  0.7989256251860142 
4.6  0.8011103345671239 
4.7  0.8032252325652871 
4.8  0.8052737946604179 
4.9  0.8072595160294426 
5.0  0.8091853646820283 
