#mmax= 10
#m-states: all states (FBR)
#Nr. of sites: 39
 
0.0 1.406798890408995e-27
0.1 -0.23810769046172303
0.2 -0.9602157687647442
0.3 -2.1938666239142575
0.4 -4.004759464182121
0.41 -4.222530779956304
0.42 -4.447857012283414
0.43 -4.6810665083087315
0.44 -4.922546613568656
0.45 -5.172756210846558
0.46 -5.432241522674898
0.47 -5.701651718090797
0.48 -5.981718482324553
0.49 -6.27312541511872
0.5 -6.576249141912683
0.51 -6.890874227897113
0.52 -7.216186883248028
0.53 -7.551090523193963
0.54 -7.894529804974958
0.55 -8.245627449722491
0.56 -8.60368799618017
0.57 -8.968156822818028
0.58 -9.338578067561883
0.59 -9.714568708650575
0.6 -10.095796813983341
0.7 -14.144806619072732
0.8 -18.519723139990973
0.9 -23.13102850565184
1.0 -27.92684498808198
1.1 -32.87330183069977
1.2 -37.946544889373925
1.3 -43.12885397802759
1.4 -48.40654125933888
1.5 -53.7687148477294
1.6 -59.20650912298291
1.7 -64.71255796073916
1.8 -70.28066400953666
1.9 -75.90553246539028
2.0 -81.58260033781814
2.1 -87.3078947348475
2.2 -93.07793025068821
2.3 -98.88962711802999
2.4 -104.74024714600915
2.5 -110.62733955050936
2.6 -116.54870636418067
2.7 -122.50236505610351
2.8 -128.4865122685651
2.9 -134.4995099240039
3.0 -140.53986184031078
3.1 -146.60619745689192
3.2 -152.6972546668987
3.3 -158.81187686294325
3.4 -164.94899186842449
3.5 -171.10760443920577
3.6 -177.28679330605462
3.7 -183.48570025466125
3.8 -189.70352533035887
3.9 -195.9395217347527
4.0 -202.1929903820337
4.1 -208.46327586459023
4.2 -214.74976317898648
4.3 -221.05187303730082
4.4 -227.36906086859977
4.5 -233.7008126148077
4.6 -240.0466428532817
4.7 -246.40609265762424
4.8 -252.77872732092607
4.9 -259.16413513425266
5.0 -265.56192500056716
