#mmax= 10
#m-states: all states (FBR)
#Nr. of sites: 39
 
0.0  -0.0 
0.1  0.006345496887955791 
0.2  0.026700430332435014 
0.3  0.06678944610534754 
0.4  0.14972089507525607 
0.41  0.16352374738019074 
0.42  0.1794484845955314 
0.43  0.19802132625517743 
0.44  0.22050352036719442 
0.45  0.24831083073752747 
0.46  0.2841028168212816 
0.47  0.33147769874943556 
0.48  0.3941319536185729 
0.49  0.4719169867255463 
0.5  0.554598861570212 
0.51  0.6250343491695669 
0.52  0.6727194294102485 
0.53  0.6985474879012564 
0.54  0.7105469934774298 
0.55  0.7152141777978727 
0.56  0.7165227702681086 
0.57  0.7163808647188652 
0.58  0.715702798512332 
0.59  0.714861909273354 
0.6  0.7140225735639725 
0.7  0.7090437590658439 
0.8  0.7072056113228304 
0.9  0.7062733240036819 
1.0  0.7056749462572562 
1.1  0.7052565114427198 
1.2  0.7050474717002164 
1.3  0.7048541320059043 
1.4  0.7046810288048662 
1.5  0.7045484052254946 
1.6  0.7044316321868006 
1.7  0.704331060060701 
1.8  0.7042441895117546 
1.9  0.7041755407876717 
2.0  0.7041066079504329 
2.1  0.7040443393170994 
2.2  0.7039876570698226 
2.3  0.7039392213572873 
2.4  0.7038922899304971 
2.5  0.7038495176025059 
2.6  0.7038094805739428 
2.7  0.7037729151244523 
2.8  0.7037387488748469 
2.9  0.703706782113143 
3.0  0.7036768511672186 
3.1  0.7036487833778885 
3.2  0.7036222557670879 
3.3  0.7035975037800752 
3.4  0.703573996445629 
3.5  0.7035518746478123 
3.6  0.703530805841383 
3.7  0.703510865831474 
3.8  0.7034918654950634 
3.9  0.7034738178884288 
4.0  0.7034566769674061 
4.1  0.7034402634799636 
4.2  0.7034245490806801 
4.3  0.7034095215905516 
4.4  0.7033951107621319 
4.5  0.7033812871104254 
4.6  0.7033680110175929 
4.7  0.7033552472512395 
4.8  0.7033429719301437 
4.9  0.7033311605821502 
5.0  0.7033197712571801 
