0.0  -0.0  0.0
0.1  0.006460752381155412  0.00025459394275047145
0.2  0.026560775975034753  0.0005187361798495331
0.3  0.06732764160966637  0.0008379794777923191
0.4  0.15024303634760414  0.0012798284146615963
0.41  0.16167864225893516  0.0013457717883612074
0.42  0.18113091327602976  0.0014143968245737201
0.43  0.19782273514004717  0.0014996461095301882
0.44  0.22005876755310605  0.0015800404731249704
0.45  0.2508763033079804  0.0017001598706624897
0.46  0.28623216875677404  0.0018369558146487306
0.47  0.3327996508554592  0.0020095444240007007
0.48  0.3961062926749247  0.0022474371318880393
0.49  0.4672960065789836  0.0024986175771672344
0.5  0.555512552425364  0.002801550394946879
0.51  0.6259936277613011  0.003037313058131298
0.52  0.6759180995917229  0.003196414105260513
0.53  0.6986178016341271  0.003278003772929467
0.54  0.7098981518530125  0.0033134484675371584
0.55  0.7139701178079519  0.0033295421060101265
0.56  0.7146877114097062  0.0033163631419273927
0.57  0.7112977365824539  0.003292880058017705
0.58  0.7129140606698553  0.0032912372565610352
0.59  0.713749403825192  0.0032987293064271825
0.6  0.7155724782889874  0.003300313848366156
0.7  0.7163178884963511  0.0032866427120130767
0.8  0.7066816691101456  0.003252588229851288
0.9  0.6993084240892665  0.0032201377402738913
1.0  0.7029826778286533  0.0032325140159879277
1.1  0.7095777266516848  0.0032503674874600702
1.2  0.7000420540426436  0.0032260035643131703
1.3  0.7089867954153025  0.0032484586144617836
1.4  0.7114409839063193  0.003255472565772842
1.5  0.7160215123393183  0.003271931362275008
1.6  0.708395442768819  0.003248469586159146
1.7  0.7032888144685023  0.003230244374178116
1.8  0.7041244972462899  0.0032301575427413714
1.9  0.7020456837555745  0.0032325678287893744
2.0  0.706628062698373  0.003238189264939761
2.1  0.7046136267105033  0.003230690409922347
2.2  0.704601018474583  0.0032336508257099278
2.3  0.7046755197663914  0.0032320281721206694
2.4  0.7023509716144761  0.0032249166272853504
2.5  0.7087296008106786  0.0032462616740130752
2.6  0.7088313753100393  0.0032448449448926023
2.7  0.7087482389803961  0.003243816670606251
2.8  0.7013131530889734  0.0032222978585620485
2.9  0.701120245110731  0.003220360866119792
3.0  0.7074523396701067  0.003237684975588522
3.1  0.710113447943335  0.003248371362471231
3.2  0.7007252397311665  0.0032188382046169457
3.3  0.7072741339550724  0.0032424650858743098
3.4  0.7055028225596384  0.0032342874458618216
3.5  0.7069759031168131  0.0032394301185843873
3.6  0.706433764586659  0.0032405184507255796
3.7  0.7051826927197554  0.003232938553854681
3.8  0.7103284860637804  0.0032512280008073027
3.9  0.7046664561460915  0.003231320801470076
4.0  0.7000027403951776  0.0032207365398841496
4.1  0.7049318916441255  0.003233397528064812
4.2  0.7038607311294626  0.0032261339991134256
4.3  0.7077821726093406  0.003242745249902522
4.4  0.7023952582847988  0.0032271506867012525
4.5  0.7030679714357684  0.003226091688369652
4.6  0.7048940483302835  0.0032282306859307084
4.7  0.7022495668521266  0.0032235842283097867
4.8  0.7012606153416544  0.0032234776136599906
4.9  0.7043100263075611  0.0032294985809489802
5.0  0.7008961229320688  0.0032197866731660417
0.0  -0.0  0.0
0.1  0.006842213706717841  0.0002620059777995351
0.2  0.026660116285120404  0.0005196893013373647
0.3  0.06727411353291897  0.0008341257158412567
0.4  0.1508593500611812  0.0012824907384246186
0.41  0.1627668198940731  0.0013373245093797454
0.42  0.1774301963437126  0.0014044480577825316
0.43  0.19879323100244478  0.0014942191897195096
0.44  0.221485138445802  0.0015841711511675907
0.45  0.2507081372479089  0.0017013438664134144
0.46  0.28084471149069107  0.0018174669860702762
0.47  0.32848941382753605  0.0019970355032390696
0.48  0.39669552284664855  0.002247176372486027
0.49  0.4738211600036592  0.0025091879134365933
0.5  0.5546461598871893  0.0027953101441554893
0.51  0.6247021316513445  0.003042684284053821
0.52  0.6670898349687338  0.0031816789513026754
0.53  0.6960466410729508  0.003266783530233497
0.54  0.7091550428802643  0.0033097799499327745
0.55  0.7177923845211633  0.0033223455290563304
0.56  0.7147367613767762  0.003319621247636465
0.57  0.715500421150053  0.003306900455206334
0.58  0.7158930339159575  0.003306743190210071
0.59  0.7159447655902265  0.0033096935120011757
0.6  0.7135989018884038  0.0032935545620737723
0.7  0.710291110407833  0.003268022489699777
0.8  0.7089904025637429  0.0032568226991533714
0.9  0.7052145299746351  0.0032405469516153464
1.0  0.7089841537982773  0.0032491901782130913
1.1  0.7030734798227041  0.0032322036878449575
1.2  0.7072863721536016  0.0032446530987075835
1.3  0.703129014180491  0.0032301759386071456
1.4  0.705474325659017  0.0032364432542467594
1.5  0.7058042094046476  0.0032429768847902127
1.6  0.7034219250096879  0.0032341301909076196
1.7  0.6981160434472954  0.0032149855396979427
1.8  0.7044929784267229  0.003231978362396134
1.9  0.7052870301138062  0.0032360330386051184
2.0  0.7015572115979511  0.0032232893570398897
2.1  0.7010899742413843  0.003222160134928356
2.2  0.7083844957189468  0.0032483845260837235
2.3  0.7017262147142724  0.0032230099463170085
2.4  0.7011963743268491  0.003226144961138353
2.5  0.7072374783086774  0.0032439079515517114
2.6  0.7014875984697625  0.003221381514138179
2.7  0.7076502474989925  0.0032390940878778613
2.8  0.7056934808460572  0.0032343633768961086
2.9  0.700898819283412  0.0032186931077463512
3.0  0.705616388933591  0.0032333542177426923
3.1  0.7060027301544428  0.003234805665995453
3.2  0.7057242031322633  0.0032386402851968025
3.3  0.7010190666212249  0.0032248382634620753
3.4  0.6950526061102127  0.003201556009067497
3.5  0.7017254391986517  0.003221083742573113
3.6  0.7117778439462494  0.003254984615250081
3.7  0.7020482567754022  0.0032228622504343082
3.8  0.700949400967732  0.003219899493812037
3.9  0.7074658666796275  0.003241963570863496
4.0  0.7077704714472204  0.0032399676409449185
4.1  0.7073810354336104  0.003238181970253705
4.2  0.7014359197178105  0.0032218176558667074
4.3  0.7121551114301453  0.003254577072930074
4.4  0.7078793028399883  0.0032426073049644285
4.5  0.7040272178317506  0.0032264739474001753
4.6  0.7072111902266882  0.003239068762404755
4.7  0.7027148380447406  0.003221835145209536
4.8  0.7033557504991912  0.00322789198555235
4.9  0.7001584998362672  0.0032148945224422095
5.0  0.7084189137293211  0.0032436498143063822
