#mmax= 10
#m-states: all states (FBR)
#Nr. of sites: 39
 
0.0  0.0 
0.1  0.022975134325713877 
0.2  0.07702319149653336 
0.3  0.16005148119309048 
0.4  0.29198597585069824 
0.41  0.3109608096902951 
0.42  0.3321655914439458 
0.43  0.35601455433900137 
0.44  0.3839009112733161 
0.45  0.416977009747677 
0.46  0.45752520075161174 
0.47  0.5077708685097293 
0.48  0.5683990714919409 
0.49  0.6349176461573942 
0.5  0.6957298639434797 
0.51  0.7396593305183556 
0.52  0.7643269032835553 
0.53  0.7742099065554787 
0.54  0.7760352922780178 
0.55  0.7741808733895401 
0.56  0.7710255254321591 
0.57  0.7676250649711147 
0.58  0.7643942872882391 
0.59  0.7614616300075386 
0.6  0.758863115636507 
0.7  0.7442705519083357 
0.8  0.7384814785900059 
0.9  0.7354641629673211 
1.0  0.7336077090127674 
1.1  0.7323412393198433 
1.2  0.7314650069565134 
1.3  0.7307744613542655 
1.4  0.7302112180640709 
1.5  0.729752780826774 
1.6  0.729363803223233 
1.7  0.7290289293723055 
1.8  0.7287384529535774 
1.9  0.7284864543876649 
2.0  0.7282578598787717 
2.1  0.728052762231744 
2.2  0.7278671012058808 
2.3  0.7277002761804223 
2.4  0.7275459680075277 
2.5  0.7274046225112715 
2.6  0.7272733241551788 
2.7  0.7271526356784633 
2.8  0.7270404575683393 
2.9  0.7269359222961812 
3.0  0.7268381794377214 
3.1  0.7267465543118756 
3.2  0.726659963081945 
3.3  0.7265791259417994 
3.4  0.7265025550625663 
3.5  0.7264305263884453 
3.6  0.7263619331236814 
3.7  0.7262970101507157 
3.8  0.7262352642789067 
3.9  0.7261765245223153 
4.0  0.7261207147349837 
4.1  0.7260672986046851 
4.2  0.7260162039668244 
4.3  0.7259673318741129 
4.4  0.7259205096981286 
4.5  0.7258755792989647 
4.6  0.7258324760433547 
4.7  0.7257910226881954 
4.8  0.7257511877817834 
4.9  0.7257128398842854 
5.0  0.7256758952308912 
