#mmax= 10
#m-states: all states (FBR)
#Nr. of sites: 39

0.0  0.0 0.0 0.0 NaN NaN 0.0 
0.1  -0.00096 0.0020634033440734764 0.42576333603336053 0.013052819263250443 9.201919215038915 0.0 
0.2  0.00406 0.004137391248608648 1.7118006344063432 -0.020275628353433578 2.212829677439487 0.0 
0.3  -0.00414 0.006229848851630924 3.8811016714167144 -0.005027185585970893 0.9024267676278299 0.0 
0.4  0.01196 0.008391237913010042 7.041287371273712 -0.01242558606361704 0.441958313362957 0.0 
0.41  -2.0e-5 0.008619161380054847 7.428994289542897 -0.012593367881268726 0.3852716915072638 0.0 
0.42  -0.01544 0.008899618424184318 7.9203208096080955 -0.004895977434164913 0.37024399529577234 0.0 
0.43  -0.00744 0.009117120032267691 8.312187768277681 -0.005037198019407609 0.3276613244621971 0.0 
0.44  2.0e-5 0.009365109558823671 8.77052770487705 -0.00018350275765968498 0.2938456248909449 0.0 
0.45  -4.0e-5 0.009609751477391836 9.234732345723458 0.01647124559085121 0.29115901509433995 0.0 
0.46  -0.025 0.009901370125962554 9.803713037130372 -0.0004923551613203823 0.25820850732555467 0.0 
0.47  -0.00454 0.010199982072550068 10.40396342803428 -0.005229784342616919 0.24028257618208526 0.0 
0.48  -0.00594 0.010426252166111382 10.870673423134228 -3.9238121554544566e-5 0.1928223081327709 0.0 
0.49  0.00852 0.010818560186477916 11.704124450844507 -0.0007940678283679504 0.21728335715771419 0.0 
0.5  -0.001 0.011075433023235095 12.266521665216649 -0.00475594642509596 0.1536577000568653 0.0 
0.51  0.00816 0.01134177325210679 12.863582050220502 0.006502180161745586 0.1590573357454943 0.0 
0.52  0.00208 0.011621002848853972 13.504770721307214 -0.004905906293457533 0.10527024883796532 0.0 
0.53  0.01152 0.011853914039201588 14.05152780487805 0.0010142514016240555 0.12223153317071356 0.0 
0.54  -0.00714 0.01208144651180057 14.596134981749813 0.007031233822822929 0.08600768830043526 0.0 
0.55  -0.0167 0.012229697737682135 14.956550675506755 0.001584331649684652 0.11116158315586011 0.0 
0.56  -0.01072 0.012431202522843944 15.453479616396164 0.010691031485596891 0.1237472987945698 0.0 
0.57  -0.00758 0.012567983329796781 15.79542049780498 0.014819547539425024 0.0919877181868598 0.0 
0.58  0.01204 0.012697785740893064 16.12337627216272 -0.014249646753465328 0.07426204016036309 0.0 
0.59  0.00374 0.01290185741291722 16.645792470324704 0.0012444826825507883 0.056311964524605074 0.0 
0.6  -0.00282 0.012982033962675419 16.853320580805804 0.003403228959906157 0.04280232438965914 0.0 
0.7  -0.00496 0.014181373879058792 20.1111365097651 0.008116949375702176 0.03529137672139937 0.0 
0.8  -0.0073 0.015003030294216567 22.509091800918004 0.014064847479450436 0.015433126311304779 0.0 
0.9  -0.03474 0.015681798063739538 24.591879051190514 -0.001428604906477687 0.023491910521538095 0.0 
1.0  -0.01282 0.01632256783530727 26.642622073820743 -0.00828323935110329 0.0272928134731103 0.0 
1.1  -0.00131 0.016816209759874752 28.278491068810684 -0.0005061762581810036 -0.005949389405985883 0.0 
1.2  0.0134 0.017326609781318017 30.021140651406512 0.007704754537442616 0.02110999940046243 0.0 
1.3  -0.01825 0.017744247461027464 31.485831795817965 0.0033175043732424584 -0.024084802486461943 0.0 
1.4  0.00692 0.01819462644794654 33.10444315803158 -0.006083747987504325 0.02205916452977874 0.0 
1.5  0.00846 0.018600987722469008 34.59967442514427 -0.005264078965070651 0.02506884442944335 0.0 
1.6  0.0083 0.01896196473631007 35.95561066610666 0.007464996267491009 -0.018975340376937933 0.0 
1.7  4.0e-5 0.01930385781063629 37.26389263732637 0.001619848532118133 -0.006966496370261144 0.0 
1.8  0.02484 0.019610040165199887 38.45536752807528 -0.002949169530828611 -0.013880276997779273 0.0 
1.9  0.01044 0.01995866963374402 39.834849354893564 -0.0066997892370380665 0.015153415861902442 0.0 
2.0  -0.01122 0.020304208029978347 41.226086372463726 -0.007450369502077283 0.020628664726269008 0.0 
2.1  -0.0142 0.020531259068210825 42.153259892598925 -0.00762108958210396 0.02444871489268463 0.0 
2.2  -0.00515 0.02077232172070558 43.14893496684967 0.0020300985050517475 0.012303996905425496 2.184e-321 
2.3  0.01648 0.021053914523650172 44.32673167691676 -0.01217305059177488 0.02102491517496219 8.224e-318 
2.4  -0.01114 0.021313068795295875 45.424690147301476 -0.014628481829195801 -0.015410682911914275 8.367451315528685e-306 
2.5  0.0477 0.02162566816991415 46.766952379523794 0.009710564514050049 -0.011346837793636766 3.410505710885111e-294 
2.6  -0.00152 0.021741828441210725 47.270710396703954 -0.006567310702339924 -0.02139064343419328 5.0705430807807316e-291 
2.7  0.00104 0.0221016034258318 48.84808739927399 -0.0044060924307585845 0.017238769800035136 5.5375011672551654e-295 
2.8  0.00503 0.02221763225960031 49.36231832228324 -0.01954682691004896 0.0015332972771378017 3.426347063921358e-307 
2.9  -0.01226 0.022459206154345948 50.441594108341086 0.006496904624211046 0.010623190358421741 1.1374921594298249e-275 
3.0  -0.01304 0.0227952340591396 51.96226958109581 -0.0024037945837122967 -0.0026387154869409457 1.2567441097289734e-264 
3.1  0.02914 0.022993207594416983 52.868759547995474 0.0077407240002591955 0.004620706882482839 2.937590447394375e-271 
3.2  0.03336 0.02315757832413265 53.62734338383384 0.015216976765952892 0.01601562693644132 1.2153410949758236e-265 
3.3  -0.00558 0.023357087664592126 54.55535441714417 -0.009541547365508055 0.006485285480531733 1.0601632021028248e-270 
3.4  -0.0267 0.023524412959307843 55.33980050800507 0.0033583468761172824 0.009552739300334068 3.277929680288613e-253 
3.5  0.04102 0.02380098398101189 56.648683846438466 -0.0030266936164620476 0.0017799591411620241 4.931940472897365e-254 
3.6  0.01292 0.023890333572731508 57.07480382163823 0.0026493728262656597 0.00037817002375239994 3.450655690029734e-254 
3.7  -0.01102 0.02400043636698004 57.6020945805458 -0.0067036822322210695 0.001521869744616211 3.5716177292036166e-241 
3.8  -0.0257 0.024241164811962198 58.76340714407144 0.015443118380749743 0.0014761653931540941 5.871901918850771e-244 
3.9  -0.00928 0.024530445496231054 60.17427562435624 0.0010619963878152705 0.010771900757977182 6.1362333804501415e-227 
4.0  0.0012 0.024617206292925617 60.600684566845665 0.0014422958123559936 -0.0025906853551047604 4.7440425468296464e-231 
4.1  0.00852 0.024664090440751567 60.83173572695728 0.0012481779292947998 0.030574105728812917 3.13715564284592e-233 
4.2  -0.00974 0.025005553465201308 62.527770410104104 -0.012055462176242515 -0.0053450416309983595 3.733368586665289e-230 
4.3  -0.00187 0.025045134010788922 62.7258737618376 -0.013159163935309534 0.015521368272332747 9.297367314022929e-235 
4.4  0.01604 0.025296763161445468 63.99262264462645 -0.002717890250225081 0.009516399026466171 4.098918205689101e-216 
4.5  -0.01572 0.025463731321864996 64.84016128321284 -0.0026105077622404055 0.005585014070379035 1.058260525027515e-219 
4.6  0.01296 0.025625426572232324 65.66624870088704 -0.0014260791990672308 0.014313983985962953 3.931086883658904e-220 
4.7  -0.00296 0.025719458145327882 66.14905272892729 -0.004682196408727911 0.004215391397366375 4.586228116480038e-215 
4.8  -0.00142 0.025907325059351793 67.11894917309174 -0.012153959915524915 0.025123885767098564 6.307348822922315e-227 
4.9  -0.03238 0.026034851516590886 67.78134934909349 -0.014406624043044899 -0.013086783068236851 1.4014640683082759e-214 
5.0  0.04942 0.026151199121419937 68.38852154881549 -0.003090853812932679 -0.019305836187677894 3.2996117485169246e-214 
