#mmax= 10
#m-states: all states (FBR)
#Nr. of sites: 39
 
0.0  -5.151983610243887e-60 
0.1  0.0024810379259226113 
0.2  0.009691462052469568 
0.3  0.020902385450206302 
0.4  0.03467149099489632 
0.41  0.03609685986144306 
0.42  0.03751635147538166 
0.43  0.03892366865143766 
0.44  0.04031380592681958 
0.45  0.041677894279221125 
0.46  0.04300717707578106 
0.47  0.04428994091097132 
0.48  0.04551277869619367 
0.49  0.046662786407727884 
0.5  0.047736944279083135 
0.51  0.04874667240440788 
0.52  0.04971063195009279 
0.53  0.05064584720614626 
0.54  0.0515593773199466 
0.55  0.052454073921624135 
0.56  0.053330137500552224 
0.57  0.054188072656538154 
0.58  0.055027797387810655 
0.59  0.055850125192637524 
0.6  0.056655363280097785 
0.7  0.06394615829349651 
0.8  0.07022505274936905 
0.9  0.07583126738879559 
1.0  0.08095815663886795 
1.1  0.0857254731937007 
1.2  0.0902091788570767 
1.3  0.09446296588391183 
1.4  0.09852433223758537 
1.5  0.10242055391767 
1.6  0.10617369535179683 
1.7  0.10980041790410058 
1.8  0.11331289537174981 
1.9  0.11672423957020749 
2.0  0.12004036741343375 
2.1  0.12327125054524259 
2.2  0.12642303141111208 
2.3  0.1295015687980538 
2.4  0.13251155133097448 
2.5  0.13545757861677282 
2.6  0.13834364855628087 
2.7  0.14117406850033012 
2.8  0.14395098341299975 
2.9  0.14667843433393785 
3.0  0.14935840806399456 
3.1  0.15199325039235825 
3.2  0.15458620769881193 
3.3  0.15713800881994883 
3.4  0.15964818495584338 
3.5  0.16212445322567343 
3.6  0.16456502531779146 
3.7  0.16697114642563207 
3.8  0.16934444808646917 
3.9  0.17168566306215113 
4.0  0.17399803996573696 
4.1  0.17628043908964502 
4.2  0.17853579500640213 
4.3  0.1807634262706391 
4.4  0.1829649439820319 
4.5  0.18514135614811392 
4.6  0.1872938329738369 
4.7  0.18942266895097423 
4.8  0.1915289513442438 
4.9  0.19361282705461721 
5.0  0.1956764864594395 
