#mmax= 10
#m-states: all states (FBR)
#Nr. of sites: 39
 
0.0  1.3331970484665557e-14 
0.1  -2.2381863088608735e-9 
0.2  -3.120143374881553e-6 
0.3  -9.251560380614767e-7 
0.4  1.2342876795555313e-6 
0.41  -2.986559878852676e-5 
0.42  -2.9294477953332573e-5 
0.43  -2.7191130310596405e-7 
0.44  -2.349250763339821e-5 
0.45  0.00013018516943233513 
0.46  -5.439902762412033e-5 
0.47  0.0002769868439535077 
0.48  0.0004097743661403298 
0.49  -0.0003889947473614921 
0.5  0.0005973740902924548 
0.51  0.0004955199202014704 
0.52  0.004663044137217146 
0.53  0.009110489172456599 
0.54  0.009509823926029776 
0.55  0.009788852311764754 
0.56  0.01156379039484169 
0.57  0.01190517863671091 
0.58  0.013767509512999711 
0.59  0.015937769995294112 
0.6  0.022344139853585267 
0.7  0.12148200734642922 
0.8  -0.07027137699315932 
0.9  -0.10626840911865794 
1.0  -0.23031772495415156 
1.1  -0.3128003321468173 
1.2  -0.19527977314889006 
1.3  -0.14856082476074692 
1.4  -0.16297705921374028 
1.5  -0.1404951007967893 
1.6  -0.13688900743885105 
1.7  -0.13309702862474024 
1.8  -0.12709060141564826 
1.9  -0.07721927002193697 
2.0  -0.07139060985356506 
2.1  -0.06939872432259327 
2.2  -0.07006035946536078 
2.3  -0.040573093673343816 
2.4  -0.037012171102670154 
2.5  -0.02855311021584342 
2.6  -0.027300411033375962 
2.7  -0.016180735843521702 
2.8  -0.006413223585674623 
2.9  -0.0005104714215855398 
3.0  0.0005556154162523324 
3.1  9.233087996554054e-5 
3.2  0.0017216191539594769 
3.3  0.002919580895301076 
3.4  0.005881302543372029 
3.5  0.009549727928962894 
3.6  0.010104577376955986 
3.7  0.010847011794048152 
3.8  0.013265603958005332 
3.9  0.013495999465769548 
4.0  0.013571710628769612 
4.1  0.013561512985701454 
4.2  0.013744622925420913 
4.3  0.013531801217793751 
4.4  0.013873765338019251 
4.5  0.013746125038572577 
4.6  0.014184786164773497 
4.7  0.014021802889073785 
4.8  0.014354256354801998 
4.9  0.014298989244155076 
5.0  0.014618996135996171 
