#mmax= 10
#m-states: all states (FBR)
#Nr. of sites: 39

0.0  -0.0  0.0
0.1  -0.0  3.3202888630552223e-19
0.2  -0.0  3.1271416319850035e-19
0.3  -0.0  2.6840679945978353e-19
0.4  2.000020000268671e-5  1.4142347759124124e-5
0.41  -0.0  3.0211887937985117e-19
0.42  -0.0  3.0082892472507104e-19
0.43  4.000080002137398e-5  2.000050001475049e-5
0.44  1.0000050000287824e-5  1.000010000100001e-5
0.45  4.000080002137398e-5  2.0000500014750485e-5
0.46  3.0000450008974692e-5  1.73208544936447e-5
0.47  6.000180007195222e-5  2.4495754786904505e-5
0.48  0.0001400098009147917  3.74193804003238e-5
0.49  9.00040502430509e-5  3.0001500099007354e-5
0.5  0.00023002645405631884  4.796407121189011e-5
0.51  0.00027003645656232134  5.196880029830595e-5
0.52  0.00032005121092527574  5.657787852463432e-5
0.53  0.0005001250416822429  7.072871606453829e-5
0.54  0.0005201352468875849  7.213014234275349e-5
0.55  0.00044009682840403613  6.634742551164809e-5
0.56  0.0007702966022656519  8.778388592990345e-5
0.57  0.0008403529976925034  9.16904902565305e-5
0.58  0.0009004052431641551  9.491152395015403e-5
0.59  0.00102052055400685  0.00010104710153231826
0.6  0.001150661757395972  0.00010730030456533528
0.7  0.0025632824031557797  0.00016020599508815103
0.8  0.004269099652194325  0.00020683974526609618
0.9  0.006742680867223786  0.000260106354641749
1.0  0.009272860379610361  0.0003052225368405893
1.1  0.01137444440380735  0.0003382232064710021
1.2  0.01478881745907527  0.00038599044117564035
1.3  0.015987115284681355  0.00040144431457997664
1.4  0.019529464566426298  0.00044409018499048746
1.5  0.02172427240367313  0.0004686382619196195
1.6  0.024507879540511902  0.0004981055521153941
1.7  0.02758704729535891  0.000528879692304343
1.8  0.03029427246415341  0.0005546000394528409
1.9  0.034394776626686725  0.0005915527617806792
2.0  0.03624913257409799  0.0006075731432884223
2.1  0.038875971984706444  0.0006296183508672567
2.2  0.04058243966273016  0.0006435648700024244
2.3  0.044788182674901866  0.0006768070219558632
2.4  0.04780464986179013  0.0006997585960973549
2.5  0.0510722659473801  0.0007238747604871468
2.6  0.05287348951983119  0.0007368636239653843
2.7  0.0547730257032834  0.0007503425696800068
2.8  0.05841331853293359  0.0007755880840041663
2.9  0.06081213938827778  0.0007918325775776651
3.0  0.06438919893806339  0.0008155247795709587
3.1  0.06638555919206321  0.0008284886697752951
3.2  0.06868577578560359  0.0008432099491628844
3.3  0.0702186224090671  0.0008528974653450381
3.4  0.07136711633440035  0.0008600939900603098
3.5  0.07745356237385088  0.0008974010209769719
3.6  0.07805884346153259  0.0009010387859019613
3.7  0.07906485255159942  0.0009070574996254011
3.8  0.08284914194648714  0.0009294018023823517
3.9  0.08531826556131672  0.0009437399723061964
4.0  0.08778258328621796  0.0009578708095380067
4.1  0.08773891419568405  0.0009576219168494867
4.2  0.09434364685741221  0.0009946774179063836
4.3  0.09339900708161324  0.0009894478079118041
4.4  0.09684135127212216  0.0010083977162348905
4.5  0.10037297396711795  0.0010275419727712402
4.6  0.10216562450003701  0.0010371498066410391
4.7  0.10436101512761523  0.0010488193819032064
4.8  0.10588287400278863  0.001056848037798742
4.9  0.10598293129173969  0.0010573741866940595
5.0  0.11026139400700491  0.00107968079739671
