#mmax= 10
#m-states: all states (FBR)
#Nr. of sites: 39

0.0  1.0  0.0
0.1  1.0  3.3202888630552223e-19
0.2  1.0  3.1271416319850035e-19
0.3  1.0  2.6840679945978353e-19
0.4  0.99998  1.4142064912168942e-5
0.41  1.0  3.0211887937985117e-19
0.42  1.0  3.0082892472507104e-19
0.43  0.99996  1.9999699994749898e-5
0.44  0.99999  1.0e-5
0.45  0.99996  1.9999699994749894e-5
0.46  0.99997  1.732033486800989e-5
0.47  0.99994  2.4494285041617293e-5
0.48  0.99986  3.741414168706775e-5
0.49  0.99991  2.999879996399844e-5
0.5  0.99977  4.7953039475511374e-5
0.51  0.99973  5.195476872222541e-5
0.52  0.99968  5.6559773603506434e-5
0.53  0.9995  7.069335170650602e-5
0.54  0.99948  7.209263466873525e-5
0.55  0.99956  6.631823264442296e-5
0.56  0.99923  8.771629233773742e-5
0.57  0.99916  9.161347024471503e-5
0.58  0.9991  9.48261035785989e-5
0.59  0.99898  0.0001009440334887553
0.6  0.99885  0.00010717690921508514
0.7  0.997440000000009  0.0001597958677407268
0.8  0.9957400000000131  0.00020595860795126532
0.9  0.9932800000001676  0.0002583584399386
1.0  0.9907700000084262  0.00030240533282812254
1.1  0.9886900000176838  0.00033439790201179615
1.2  0.9853200000141532  0.00038032410150464494
1.3  0.9841400003373321  0.00039507740788615825
1.4  0.980660000041264  0.0004355014808310964
1.5  0.9785100000689718  0.0004585672257032897
1.6  0.9757900001112783  0.00048604641675410867
1.7  0.972790000129356  0.0005144888759451556
1.8  0.970160000164391  0.0005380507743667393
1.9  0.9661900001089445  0.0005715523629693209
2.0  0.9644000000974267  0.0005859435394465483
2.1  0.961870000575616  0.0006056110035111066
2.2  0.960230000210958  0.0006179702952581931
2.3  0.956200000110185  0.0006471628744687704
2.4  0.9533200000823188  0.0006670938648891336
2.5  0.9502100002253181  0.0006878330363255938
2.6  0.9485000000827443  0.0006989151473921382
2.7  0.9467000001363325  0.0007103493108183586
2.8  0.9432600000167202  0.0007315812161307378
2.9  0.9410000000079793  0.0007451144555069011
3.0  0.9376400000143335  0.0007646686543286029
3.1  0.9357700000036592  0.0007752748425186595
3.2  0.9336200000027227  0.0007872376727397479
3.3  0.932190000003452  0.0007950624882229353
3.4  0.9311200000130504  0.0008008507160361802
3.5  0.9254700000286595  0.0008305177229092773
3.6  0.9249100000362247  0.0008333797835012229
3.7  0.9239800000413531  0.0008381029885413877
3.8  0.9204900000760151  0.0008555050651455795
3.9  0.9182200000881687  0.000866560917454204
4.0  0.9159600000893425  0.0008773713467900113
4.1  0.9160000001028876  0.0008771816759326573
4.2  0.9099700001730952  0.0009051266101444456
4.3  0.9108300001611891  0.0009012187470397968
4.4  0.9077000001610562  0.0009153226071888189
4.5  0.9045000001625109  0.0009294117145385734
4.6  0.9028800002358955  0.0009364218176647204
4.7  0.9009000001775922  0.0009448813813428608
4.8  0.8995300002543655  0.000950666515709928
4.9  0.8994400002238645  0.0009510446387168136
5.0  0.8956000002243768  0.0009669621223907488
