#mmax= 10
#m-states: all states (FBR)
#Nr. of sites: 39
 
0.0  -4.4694655108098684e-30 
0.1  1.9180649387946285 
0.2  3.9534088298182186 
0.3  6.276655706588503 
0.4  9.244309368879364 
0.41  9.606227641846749 
0.42  9.98714275123411 
0.43  10.388463265830177 
0.44  10.81564796205745 
0.45  11.271537585589527 
0.46  11.76249677107036 
0.47  12.294207954818472 
0.48  12.869150922996761 
0.49  13.479348200147145 
0.5  14.098044587712089 
0.51  14.688863235145934 
0.52  15.227181038882435 
0.53  15.70489369731483 
0.54  16.130558117738225 
0.55  16.51401015815192 
0.56  16.86470533379793 
0.57  17.18836706619364 
0.58  17.490389307448886 
0.59  17.773695340853482 
0.6  18.039958919847884 
0.7  20.10868923711514 
0.8  21.536927249933637 
0.9  22.62205200208538 
1.0  23.493008128284096 
1.1  24.217414819286564 
1.2  24.83548421153646 
1.3  25.372565449438202 
1.4  25.84594532493929 
1.5  26.267983160555904 
1.6  26.647681085819205 
1.7  26.991900443272208 
1.8  27.306122243944724 
1.9  27.594404920053726 
2.0  27.860342188615277 
2.1  28.106656076379476 
2.2  28.335709732227752 
2.3  28.549422448398673 
2.4  28.749488673981524 
2.5  28.937283761896484 
2.6  29.114026590024384 
2.7  29.28076947545319 
2.8  29.438431564615993 
2.9  29.587810536823426 
3.0  29.729594614837065 
3.1  29.864426870134178 
3.2  29.992786299977396 
3.3  30.115298324730205 
3.4  30.23240527442939 
3.5  30.344326075459847 
3.6  30.451565331481685 
3.7  30.554418826867337 
3.8  30.653165679099544 
3.9  30.748088129333993 
4.0  30.839404894219705 
4.1  30.927356926815346 
4.2  31.01213603464587 
4.3  31.093933732876234 
4.4  31.172926142387684 
4.5  31.24926151401625 
4.6  31.32308405177699 
4.7  31.39453512709488 
4.8  31.46373560967233 
4.9  31.530801744843725 
5.0  31.595841826606918 
