#mmax= 10
#m-states: all states (FBR)
#Nr. of sites: 39
 
0.0  0.0 
0.1  -0.938323928054219 
0.2  -1.8039603883771076 
0.3  -2.509375709073683 
0.4  -2.920439345533352 
0.41  -2.9365469286812647 
0.42  -2.946305438732133 
0.43  -2.9493237164547446 
0.44  -2.944451669114542 
0.45  -2.930891679589515 
0.46  -2.907226585902892 
0.47  -2.8720542768879485 
0.48  -2.8244624131175184 
0.49  -2.7654442982994274 
0.5  -2.6997091976923766 
0.51  -2.6343420868804697 
0.52  -2.5746885110402506 
0.53  -2.5231310384482897 
0.54  -2.478683260916973 
0.55  -2.439911269252447 
0.56  -2.405305539916169 
0.57  -2.373997722230167 
0.58  -2.3451316176388812 
0.59  -2.318304457374622 
0.6  -2.2933072360520756 
0.7  -2.100232442421972 
0.8  -1.9648456399209628 
0.9  -1.8590152795557613 
1.0  -1.7716637898637697 
1.1  -1.6972421743848876 
1.2  -1.6323673495464763 
1.3  -1.5749796380192744 
1.4  -1.5236246425637605 
1.5  -1.4772170433224756 
1.6  -1.4349893249237522 
1.7  -1.3963354921999793 
1.8  -1.3607051635098304 
1.9  -1.3277900215767575 
2.0  -1.297175347335027 
2.1  -1.2686443921014587 
2.2  -1.2419534773890748 
2.3  -1.2169192152456827 
2.4  -1.1933600291231043 
2.5  -1.17114571066881 
2.6  -1.1501497080448941 
2.7  -1.1302679248958258 
2.8  -1.1113939331731602 
2.9  -1.093455968316591 
3.0  -1.0763770000186885 
3.1  -1.0600842088243665 
3.2  -1.0445509857469937 
3.3  -1.0296698265280035 
3.4  -1.0153745761211634 
3.5  -1.0017247026669431 
3.6  -0.9886086643539546 
3.7  -0.975996934497994 
3.8  -0.9638631703745059 
3.9  -0.9521693066087026 
4.0  -0.9409092955053059 
4.1  -0.9300369545407916 
4.2  -0.9195453328098586 
4.3  -0.9094004362375661 
4.4  -0.8995860336333193 
4.5  -0.8900877569477095 
4.6  -0.8808913382262851 
4.7  -0.8719762896139678 
4.8  -0.8633314125764515 
4.9  -0.8549401357249065 
5.0  -0.8467979686898435 
