#mmax= 5
#m-states: all states (FBR)
#Nr. of sites: 40
 
0.0  19.999999999999982 0.012500000000000067 
0.1  18.12978378660208 0.010188348941190917 
0.2  16.437058629508105 0.008148048366540706 
0.3  14.932485294082628 0.006424894260163794 
0.4  13.595967638118985 0.005120360401260182 
0.41  13.46989359580253 0.005023611635790348 
0.42  13.344680565683609 0.004928178094487756 
0.43  13.22024035024593 0.004843470971972241 
0.44  13.096420905547031 0.00477338339697142 
0.45  12.972853312090237 0.0047135283706698505 
0.46  12.849108224719867 0.004661934197668471 
0.47  12.724890277028914 0.004625495820336334 
0.48  12.600063286153487 0.004610552816804558 
0.49  12.475405034739875 0.004614441016631887 
0.5  12.353025072752201 0.004633920692653226 
0.51  12.235593024807715 0.004661000980662244 
0.52  12.124839032953743 0.004684164345723385 
0.53  12.020842257076504 0.00470233620440097 
0.54  11.922642807249566 0.004715549808848363 
0.55  11.829310436958314 0.0047212314246309894 
0.56  11.74009075453914 0.004723443195879251 
0.57  11.654344090948213 0.004722872061169614 
