#mmax= 5
#m-states: all states (FBR)
#Nr. of sites: 40
 
0.0  20.000000000000004 0.012500000000001288 
0.1  24.693085503944257 0.018419533403711497 
0.2  32.03054427146706 0.028293717383151895 
0.3  45.70127176019864 0.048753633972227095 
0.4  83.21930154715236 0.11681694400229126 
0.41  91.11598440449438 0.1326848923728492 
0.42  100.73875848275537 0.15226652982075506 
0.43  112.8115116311032 0.17709287790348416 
0.44  128.30742268274315 0.2087246648282698 
0.45  148.44614289653614 0.24843028227762287 
0.46  175.25354409622963 0.29760579489204897 
0.47  211.17164695201103 0.35578579115077036 
0.48  258.09401517255264 0.419240651236909 
0.49  315.8754805260888 0.481104142820479 
0.5  379.35752634196047 0.5331197482310317 
0.51  440.4607553489476 0.5711991200010778 
0.52  493.24522013971233 0.5964875221682298 
0.53  536.5239444154306 0.6126881807330398 
0.54  571.9434528273572 0.6232406847486948 
0.55  601.4784588026187 0.6303809156681455 
0.56  626.7089125597375 0.6354413123926375 
0.57  648.8119843646499 0.6392111639416425 
