#mmax= 5
#m-states: all states (FBR)
#Nr. of sites: 40
 
0.0  1.4853471659752744e-32 
0.1  0.025783775541249578 
0.2  0.05657065566662625 
0.3  0.09916203168577138 
0.4  0.16650379584978103 
0.41  0.17562788510665944 
0.42  0.18539938689290403 
0.43  0.19592043639125847 
0.44  0.20730460441827347 
0.45  0.2197014801908971 
0.46  0.23330089951851918 
0.47  0.2483030924698916 
0.48  0.26479455856215883 
0.49  0.28254931703242775 
0.5  0.3006959645890704 
0.51  0.3180283562601604 
0.52  0.3336946968933802 
0.53  0.3475422035041674 
0.54  0.35983742726309953 
0.55  0.3708991630949699 
0.56  0.38098787352710806 
0.57  0.3903063583910817 
0.58  0.39898724768920824 
