#mmax= 5
#m-states: all states (FBR)
#Nr. of sites: 40
 
0.0 2.204561159212916e-28
0.1 -0.24437491273471323
0.2 -0.9855000557351872
0.3 -2.2516861957618772
0.4 -4.110503207249714
0.41 -4.334059125807961
0.42 -4.565377072063384
0.43 -4.804797448561924
0.44 -5.052720443281469
0.45 -5.309619663249226
0.46 -5.576067015504385
0.47 -5.852742820298705
0.48 -6.140412557167277
0.49 -6.439801434669231
0.5 -6.751298682840453
0.51 -7.074648997354128
0.52 -7.408965531417543
0.53 -7.753087458440703
0.54 -8.105923032808562
0.55 -8.466578444195221
0.56 -8.834348177828705
0.57 -9.208670438334739
0.58 -9.589084046245723
