#mmax= 5
#m-states: all states (FBR)
#Nr. of sites: 40
 
0.0  0.0 
0.1  0.0229714606618867 
0.2  0.07677190686847019 
0.3  0.15694460979377953 
0.4  0.26746078447638316 
0.41  0.280655762611432 
0.42  0.2943452880773372 
0.43  0.30858147646040923 
0.44  0.3234240812841252 
0.45  0.338957898957516 
0.46  0.35530922063612363 
0.47  0.37265437946254026 
0.48  0.3911793351455835 
0.49  0.4109988113084941 
0.5  0.43180088073188166 
0.51  0.4527961717647282 
0.52  0.4730814970380311 
0.53  0.4921117383984842 
0.54  0.509758725644747 
0.55  0.52605472205545 
0.56  0.5410666771786871 
0.57  0.5549293673745724 
0.58  0.5677355492751878 
