#mmax= 5
#m-states: all states (FBR)
#Nr. of sites: 40
 
0.0  -0.0 
0.1  0.006344242110224621 
0.2  0.026587639001688756 
0.3  0.06505085365043292 
0.4  0.13253761142654136 
0.41  0.1417608037126671 
0.42  0.15160822316499453 
0.43  0.162157748000387 
0.44  0.17350004184304307 
0.45  0.1857565420126961 
0.46  0.19909841473814055 
0.47  0.21376168998400225 
0.48  0.23002885207564375 
0.49  0.24815840259054794 
0.5  0.2680355285611306 
0.51  0.2890240400989588 
0.52  0.3102299901365351 
0.53  0.3309927958425208 
0.54  0.3510336583193963 
0.55  0.370244995120345 
0.56  0.3885717949337396 
0.57  0.4060571072060863 
0.58  0.42271143391520677 
