#mmax= 5
#m-states: all states (FBR)
#Nr. of sites: 40
 
0.0  -2.9021399953020343e-63 
0.1  0.002481056443737382 
0.2  0.00969179040355019 
0.3  0.02090252238337569 
0.4  0.03467155557888184 
0.41  0.03609694447544814 
0.42  0.03751596680832816 
0.43  0.038923536243790274 
0.44  0.04031307477331236 
0.45  0.04167693927250833 
0.46  0.04300583431551898 
0.47  0.044287947820684355 
0.48  0.0455092815680676 
0.49  0.046657105279548465 
0.5  0.04772850066904075 
0.51  0.04873598810626596 
0.52  0.04969992123830523 
0.53  0.05063557644457674 
0.54  0.05154995345658508 
0.55  0.052445017053037106 
0.56  0.05332152852465859 
0.57  0.054179424770367676 
0.58  0.05501917854596174 
