#mmax= 5
#m-states: all states (FBR)
#Nr. of sites: 40
 
0.0  -5.363707281643956e-15 
0.1  -7.16250985705245e-9 
0.2  -2.379079922759632e-8 
0.3  -1.0542181506952395e-6 
0.4  -1.8920203331254014e-7 
0.41  -1.8080799055913247e-5 
0.42  2.581360186234162e-5 
0.43  -9.766655307520896e-6 
0.44  -4.517707726027721e-6 
0.45  8.748685259657103e-6 
0.46  2.1684789765777066e-5 
0.47  6.540035871650709e-7 
0.48  3.110097902801381e-5 
0.49  8.355751370884765e-5 
0.5  -0.0007089530920279773 
0.51  -0.0004135330198733425 
0.52  -0.0035100637630157477 
0.53  -0.004371555214205308 
0.54  -0.003975958560952143 
0.55  -0.003610129982869274 
0.56  -0.0028024630443214548 
0.57  -0.0037231105753550197 
0.58  -0.004389785773800242 
