#mmax= 5
#m-states: all states (FBR)
#Nr. of sites: 40
 
0.0  5.79285394730357e-31 
0.1  1.9685811558944046 
0.2  4.05769498590747 
0.3  6.44258355175218 
0.4  9.490378080251448 
0.41  9.8625887682822 
0.42  10.253670539906329 
0.43  10.666860972014248 
0.44  11.105733025067513 
0.45  11.57502424231777 
0.46  12.080760895625442 
0.47  12.629225151272204 
0.48  13.22285414981366 
0.49  13.853785851036353 
0.5  14.493138046115325 
0.51  15.101534418200828 
0.52  15.651681567611368 
0.53  16.13928898515988 
0.54  16.573643393583993 
0.55  16.965549297643157 
0.56  17.323797551763967 
0.57  17.65521225252802 
0.58  17.964293247331092 
