#mmax= 5
#m-states: all states (FBR)
#Nr. of sites: 40
 
0.0  4.861730685829017e-63 
0.1  -0.963013909785671 
0.2  -1.8514394149090463 
0.3  -2.575264316007096 
0.4  -2.9967300421099883 
0.41  -3.013101249122482 
0.42  -3.0230944510830713 
0.43  -3.0259639527551676 
0.44  -3.020853452754848 
0.45  -3.0066665148727827 
0.46  -2.9820258144031935 
0.47  -2.945404544946431 
0.48  -2.895866365889466 
0.49  -2.834362486771671 
0.5  -2.7659954271415805 
0.51  -2.6984285240545716 
0.52  -2.6375883887695406 
0.53  -2.5851430484973514 
0.54  -2.539983730323111 
0.55  -2.5004819369393325 
0.56  -2.4652704842067528 
0.57  -2.433264275275833 
0.58  -2.403790587451971 
