#mmax= 10
#m-states: all states (FBR)
#Nr. of sites: 11
 
0.0  5.499999999999997 0.04545454545454586 
0.1  5.017923495538123 0.03761662370750718 
0.2  4.5789754881155496 0.030739839433975513 
0.3  4.183909450615468 0.024935580319021655 
0.4  3.834128766702327 0.020533491791361547 
0.41  3.801429138802784 0.0201910629672869 
0.42  3.769105660243302 0.019869321608904755 
0.43  3.737172552592792 0.019561315589432193 
0.44  3.7056127902834586 0.019275352277799307 
0.45  3.674456015731902 0.019019731764540415 
0.46  3.643670475167563 0.018789075123721855 
0.47  3.6132770747223955 0.01855627895534251 
0.48  3.5833105241010657 0.018370269196650857 
0.49  3.5537878433260923 0.018214383727246597 
0.5  3.5247012491634537 0.018073248279910525 
0.51  3.4961009268462186 0.017969419358756622 
0.52  3.468049805460901 0.01788838437219875 
0.53  3.44053681576693 0.01783000334093554 
0.54  3.41362584576258 0.01779126796390562 
0.55  3.3873370149909254 0.01777061795374546 
0.56  3.3616918717303657 0.017763776756582805 
0.57  3.336726814421365 0.017769356643434597 
0.58  3.312437848943846 0.017784054428578777 
0.59  3.288818332692417 0.01780618057435679 
0.6  3.2659205438920957 0.017830635684066176 
0.7  3.0699324716584218 0.01800325733648933 
0.8  2.9167908485862406 0.017891668697123886 
0.9  2.7898683592906073 0.017658610760471594 
1.0  2.6810072898273845 0.01738865545172863 
1.1  2.5857096322209476 0.01711780274192576 
1.2  2.501064119288435 0.016854260094905094 
1.3  2.42502582235155 0.016593226436440345 
1.4  2.356140102607958 0.01634716366901945 
1.5  2.293280408506515 0.016116232387979434 
1.6  2.235563485023125 0.015885064303617802 
1.7  2.1822675275705237 0.015664478810021643 
1.8  2.132880057943642 0.015456290068562861 
1.9  2.0868756755150333 0.01525497924175001 
2.0  2.0439095031440693 0.015068676057762742 
2.1  2.003631750140876 0.014884857807849206 
2.2  1.9657704468787465 0.01470837828534366 
2.3  1.9300919864520658 0.014538839516995195 
2.4  1.8963746192079625 0.014375426512536427 
2.5  1.8644543842204464 0.01421849418648713 
2.6  1.8341774318083275 0.01406705925129803 
2.7  1.8053914215199287 0.013920701793691759 
2.8  1.7779762237234868 0.013779127920833911 
2.9  1.7518313483952679 0.01364233709878715 
3.0  1.7268586066853633 0.013510004307209278 
3.1  1.7029575499814376 0.013379812394337831 
3.2  1.680074592339371 0.013256630850218776 
3.3  1.6581237655533403 0.013131670040773646 
3.4  1.6370447871831844 0.013013944777583775 
3.5  1.6167878891173 0.012900285768494557 
3.6  1.597289821630092 0.012789730529755183 
3.7  1.578508416445425 0.012678471813839631 
3.8  1.5603984190820783 0.012573784204460536 
3.9  1.5429244235100004 0.012472011992273546 
4.0  1.5260452115983891 0.012373047243682933 
4.1  1.509735050759176 0.012284895303282029 
4.2  1.4939517926912633 0.012189853478118184 
4.3  1.4786676286554412 0.01209729601058196 
4.4  1.4638629393480553 0.012007604824069262 
4.5  1.4495106971936966 0.011920276468519342 
4.6  1.4355863426192175 0.011834744332240299 
4.7  1.4220712905616448 0.011751173407918758 
4.8  1.4089445552381665 0.011676858727542427 
4.9  1.3961833293198986 0.011589685637434455 
5.0  1.3837785439341495 0.011518853851669508 
