#mmax= 10
#m-states: all states (FBR)
#Nr. of sites: 11
 
0.0  5.500000000000006 0.0454545454545463 
0.1  6.6848770573985155 0.06535950464168538 
0.2  8.458093350307678 0.09729835938575448 
0.3  11.442851658682637 0.1553253923227922 
0.4  17.329540872057702 0.26859683326297923 
0.41  18.204227878561674 0.2839739908426978 
0.42  19.148591804188158 0.30002978721622986 
0.43  20.168923836535082 0.3167101044052143 
0.44  21.26656530171374 0.333917641820643 
0.45  22.445558746861696 0.3515441244424985 
0.46  23.706725228074795 0.3694643819080602 
0.47  25.053199578160307 0.3875493630805329 
0.48  26.478576178358857 0.4055833672435679 
0.49  27.972201255907823 0.4233132054259724 
0.5  29.55066797811877 0.4408790582490162 
0.51  31.180387671392246 0.4578085878999111 
0.52  32.850638197830506 0.47396987021123127 
0.53  34.55692068870453 0.4893589445491998 
0.54  36.2742136811285 0.5037747980624656 
0.55  37.99038494291278 0.5171960111707368 
0.56  39.688753749256094 0.5295679022975122 
0.57  41.352601396036405 0.5408786653678472 
0.58  42.972087525683925 0.5511671460373307 
0.59  44.535223880337064 0.5604614002737048 
0.6  46.03301820991984 0.5688103194473295 
0.7  57.26915295305362 0.616215093313706 
0.8  63.812753776452894 0.633201304813598 
0.9  68.21588704039968 0.6412464408459104 
1.0  71.5301400333641 0.6459772780527487 
1.1  74.18831960481187 0.6491413310140997 
1.2  76.40290937453753 0.6514279166448369 
1.3  78.2974836063299 0.6531693774865563 
1.4  79.94777480872341 0.6545441783614596 
1.5  81.40615769593028 0.6556599060862661 
1.6  82.70930091623472 0.656584937476553 
1.7  83.88587344366768 0.6573664199733367 
1.8  84.95438933940642 0.6580344943878583 
1.9  85.93284102933956 0.6586137272092758 
2.0  86.83281464036418 0.6591204448035313 
2.1  87.66490533510756 0.6595676216232957 
2.2  88.43755411388103 0.6599653542477224 
2.3  89.15740928201404 0.6603212741420463 
2.4  89.83097560919909 0.660642038287955 
2.5  90.46261640254176 0.6609323459252758 
2.6  91.05616384335194 0.66119608174945 
2.7  91.61631700517319 0.6614372809576894 
2.8  92.14593602640139 0.66165858692473 
2.9  92.64736643208167 0.6618621648960232 
3.0  93.12323804392271 0.6620501522098834 
3.1  93.57612718305005 0.6622244847083081 
3.2  94.0069849201429 0.6623862027519022 
3.3  94.41802861199542 0.6625368015394999 
3.4  94.81081488255784 0.6626774450605942 
3.5  95.18634617125016 0.6628089358715483 
3.6  95.54618926847444 0.6629322749892257 
3.7  95.89121669239113 0.663048095599585 
3.8  96.22254595686539 0.6631571317412127 
3.9  96.54092398551863 0.6632598901787495 
4.0  96.84732713965931 0.6633569571706102 
4.1  97.14233298415468 0.6634487428056741 
4.2  97.42675441849228 0.6635356728386469 
4.3  97.70125016375947 0.6636181501016625 
4.4  97.96626562422591 0.6636964663894709 
4.5  98.22237503653729 0.6637709392106772 
4.6  98.47010427985529 0.6638418501735116 
4.7  98.70986650642757 0.6639094387679779 
4.8  98.94211600151745 0.6639739534314276 
4.9  99.16719908091228 0.6640355470107078 
5.0  99.38551834135 0.6640944746132982 
