#mmax= 10
#m-states: all states (FBR)
#Nr. of sites: 11
 
0.0  1.5898903856937779e-31 
0.1  0.02572041703980742 
0.2  0.056000981380232795 
0.3  0.09670295294770563 
0.4  0.15716525371104567 
0.41  0.1648314676278476 
0.42  0.17285441157825648 
0.43  0.18125518218406245 
0.44  0.19003386330283034 
0.45  0.19920226027550125 
0.46  0.20875428873778978 
0.47  0.2186993087214117 
0.48  0.22899789301763812 
0.49  0.23958992363216208 
0.5  0.2505534457684061 
0.51  0.26171845653738873 
0.52  0.2730290000243588 
0.53  0.28445945756164104 
0.54  0.2958868504654547 
0.55  0.30724989544826375 
0.56  0.31846267154145796 
0.57  0.32944573954909045 
0.58  0.3401478928318517 
0.59  0.3505099219453722 
0.6  0.3604870330540209 
0.7  0.4383839852628779 
0.8  0.487914737961646 
0.9  0.5233664641932095 
1.0  0.5510600233365466 
1.1  0.5738000679655432 
1.2  0.5930517844347343 
1.3  0.6097094347814552 
1.4  0.6243436103813169 
1.5  0.6373597020098918 
1.6  0.6490493985768772 
1.7  0.6596429761472591 
1.8  0.6692963635607418 
1.9  0.6781564354566163 
2.0  0.6863236831684251 
2.1  0.693887729378194 
2.2  0.7009215560361107 
2.3  0.7074830857753465 
2.4  0.7136282529448378 
2.5  0.7193963107879782 
2.6  0.7248211187376563 
2.7  0.729943739197209 
2.8  0.7347895969732207 
2.9  0.7393800345895885 
3.0  0.7437385387419174 
3.1  0.7478874974591521 
3.2  0.7518365174609063 
3.3  0.7556051086966592 
3.4  0.7592070846026435 
3.5  0.7626519739547002 
3.6  0.7659534767220343 
3.7  0.7691198492934757 
3.8  0.7721608231686359 
3.9  0.7750836505683474 
4.0  0.7778968993844942 
4.1  0.7806059230218518 
4.2  0.7832182097015082 
4.3  0.7857394106766312 
4.4  0.7881739624191051 
4.5  0.790526965819129 
4.6  0.7928031165510668 
4.7  0.7950063973980728 
4.8  0.7971405051007501 
4.9  0.7992093483029602 
5.0  0.8012157744812471 
