#mmax= 10
#m-states: all states (FBR)
#Nr. of sites: 11
 
0.0 4.539260385782591e-28
0.1 -0.06263683813773469
0.2 -0.25228825167057933
0.3 -0.5749747062906365
0.4 -1.0440059196467315
0.41 -1.0998342866839408
0.42 -1.1574141320109024
0.43 -1.216783377766576
0.44 -1.2779808177681247
0.45 -1.3410454299953074
0.46 -1.4060166559444087
0.47 -1.4729317819353014
0.48 -1.541825377033181
0.49 -1.612727939557903
0.5 -1.685664629520474
0.51 -1.760651662291849
0.52 -1.837696615893361
0.53 -1.916796804294151
0.54 -1.9979375353347582
0.55 -2.081092554819051
0.56 -2.166224879191287
0.57 -2.2532852172352875
0.58 -2.342216915654177
0.59 -2.432955281350715
0.6 -2.5254299718151847
0.7 -3.5299092906823777
0.8 -4.63970159336282
0.9 -5.820553414686799
1.0 -7.054768811715036
1.1 -8.331719726875946
1.2 -9.644231766395862
1.3 -10.987101253611755
1.4 -12.356369578206738
1.5 -13.7489239659959
1.6 -15.16225243521302
1.7 -16.59428435953025
1.8 -18.04328668423065
1.9 -19.50778737166158
2.0 -20.986521765773205
2.1 -22.47839354230186
2.2 -23.9824428246355
2.3 -25.49782363849863
2.4 -27.02378527667061
2.5 -28.559657062910645
2.6 -30.1048385502734
2.7 -31.65878713363314
2.8 -33.22101191917355
2.9 -34.79106606344247
3.0 -36.368542461523106
3.1 -37.95306789383203
3.2 -39.54429936237149
3.3 -41.14192179769029
3.4 -42.74564373465411
3.5 -44.35519481289086
3.6 -45.97032488419374
3.7 -47.590800786301585
3.8 -49.216405667906024
3.9 -50.846936472411834
4.0 -52.48220345365546
4.1 -54.122028812152195
4.2 -55.76624546389518
4.3 -57.41469679731898
4.4 -59.06723431021538
4.5 -60.723718609969026
4.6 -62.38401870560427
4.7 -64.04800961096122
4.8 -65.71557349672828
4.9 -67.38659887380048
5.0 -69.0609794420216
