#mmax= 10
#m-states: all states (FBR)
#Nr. of sites: 11
 
0.0  0.0 
0.1  0.022973146960663965 
0.2  0.0770247185762606 
0.3  0.15996555672806065 
0.4  0.2867589667637136 
0.41  0.30322625573775597 
0.42  0.32055946759824705 
0.43  0.33880985697029115 
0.44  0.3579589791043339 
0.45  0.37800700887891525 
0.46  0.3988958863571893 
0.47  0.4205957997591978 
0.48  0.4429108206016777 
0.49  0.46555119643637555 
0.5  0.48872227256910805 
0.51  0.5117468357979725 
0.52  0.5343722129683924 
0.53  0.5564690246056533 
0.54  0.5775988642455234 
0.55  0.5975710763648373 
0.56  0.6161612979334619 
0.57  0.6331832180147257 
0.58  0.6485846711092236 
0.59  0.6623128580628416 
0.6  0.6743796158838749 
0.7  0.729346124376395 
0.8  0.7358716200955947 
0.9  0.7349933212430685 
1.0  0.7335601894697743 
1.1  0.7323946912439836 
1.2  0.731499808229753 
1.3  0.7308005691681339 
1.4  0.7302377265695814 
1.5  0.729773436119446 
1.6  0.7293820055280736 
1.7  0.7290453372022228 
1.8  0.7287528117920897 
1.9  0.7284946753501393 
2.0  0.7282648650991513 
2.1  0.7280590331804182 
2.2  0.7278730006249234 
2.3  0.7277040500270644 
2.4  0.7275495934066 
2.5  0.7274076188157609 
2.6  0.7272763650295273 
2.7  0.7271552130313627 
2.8  0.7270427925857487 
2.9  0.7269379812108581 
3.0  0.7268400879020536 
3.1  0.7267483519156469 
3.2  0.7266617418116441 
3.3  0.7265806184233531 
3.4  0.7265040829086474 
3.5  0.7264317501055256 
3.6  0.7263632226541248 
3.7  0.7262982181885935 
3.8  0.7262364499712342 
3.9  0.7261776461798235 
4.0  0.7261215994508273 
4.1  0.7260681068755032 
4.2  0.7260169861053481 
4.3  0.7259680661190973 
4.4  0.7259212136112739 
4.5  0.7258762782155642 
4.6  0.7258331453144539 
4.7  0.7257916933736823 
4.8  0.7257518257243069 
4.9  0.7257134430291674 
5.0  0.7256764619405833 
