#mmax= 10
#m-states: all states (FBR)
#Nr. of sites: 11
 
0.0  -0.0 
0.1  0.006344837889029761 
0.2  0.02670105742920114 
0.3  0.06674378896154291 
0.4  0.14624931248997133 
0.41  0.1582457402333402 
0.42  0.1713122671564135 
0.43  0.18556722963131794 
0.44  0.20109353748297532 
0.45  0.21799380286684159 
0.46  0.2363341439350736 
0.47  0.2562099783052461 
0.48  0.2775740537708458 
0.49  0.3002684174419503 
0.5  0.3245976546128455 
0.51  0.3499782111591061 
0.52  0.3761753531988759 
0.53  0.4030432529309452 
0.54  0.4300333487134185 
0.55  0.456808062909979 
0.56  0.4829323327444587 
0.57  0.5079791068956697 
0.58  0.531659359315199 
0.59  0.5536765615374155 
0.6  0.5738261749955744 
0.7  0.6808294551839297 
0.8  0.7018159969058716 
0.9  0.7051497753277332 
1.0  0.7054704059020275 
1.1  0.7052965574878242 
1.2  0.7050727179112295 
1.3  0.7048743735667862 
1.4  0.704708803941657 
1.5  0.7045694406607509 
1.6  0.7044511292612505 
1.7  0.7043489901275469 
1.8  0.7042601158847871 
1.9  0.7041810579494371 
2.0  0.7041104518128637 
2.1  0.7040476566434825 
2.2  0.7039907573164902 
2.3  0.7039392991426806 
2.4  0.7038921305900103 
2.5  0.7038487523206985 
2.6  0.7038087171302336 
2.7  0.7037716372122556 
2.8  0.7037372268527098 
2.9  0.7037051267068544 
3.0  0.7036751541369505 
3.1  0.7036470254559082 
3.2  0.7036205493695594 
3.3  0.7035956712323567 
3.4  0.7035722065774737 
3.5  0.7035500217588949 
3.6  0.7035289914441843 
3.7  0.7035090441622397 
3.8  0.7034900785475826 
3.9  0.7034720144914977 
4.0  0.7034547923367321 
4.1  0.7034383485212973 
4.2  0.7034226369334917 
4.3  0.7034075831678025 
4.4  0.7033931731965528 
4.5  0.7033793387360866 
4.6  0.703366059865446 
4.7  0.703353296136306 
4.8  0.7033410161130493 
4.9  0.7033291903993654 
5.0  0.7033177934745388 
