0.0  -0.0  0.0
0.1  0.006319927366049608  0.00025179366673315127
0.2  0.026580186964366644  0.0005189167619276128
0.3  0.06715109893686798  0.000833749130679513
0.4  0.14641990852522224  0.0012607737638208928
0.41  0.16063756844277333  0.0013258253222581083
0.42  0.1694464958870743  0.0013676291792973955
0.43  0.18650427318397078  0.0014376819279507203
0.44  0.20146763144083185  0.0015039757009035367
0.45  0.21804394716171538  0.0015721052243658307
0.46  0.23489973513551793  0.001642989025825387
0.47  0.25458023717824535  0.001718883202583209
0.48  0.2802699050628859  0.001814829882069988
0.49  0.2989978642457902  0.0018832707484322789
0.5  0.32314215064330076  0.00197206136011557
0.51  0.3500545727491446  0.0020686174793865973
0.52  0.3750268930819102  0.0021558252846601267
0.53  0.4033044316346862  0.0022489024643801
0.54  0.4292197646220112  0.0023423312911148805
0.55  0.4611543023610453  0.0024511080178527787
0.56  0.4822580106093027  0.002517956330094856
0.57  0.5072923945319863  0.002603083293617329
0.58  0.528408034158401  0.002672250404115756
0.59  0.5527645291171874  0.0027511818727797652
0.6  0.5726593301096508  0.00281592304648799
0.7  0.6758764508399332  0.003153841756038575
0.8  0.7039089787620205  0.003230440001868977
0.9  0.7069370366807102  0.0032471393211614655
1.0  0.7069836806797701  0.0032455838211225756
1.1  0.7055720456261448  0.0032373979648899136
1.2  0.7026272917284591  0.003228913917592543
1.3  0.7106469503285233  0.0032523241993522144
1.4  0.7045258633804042  0.0032326754013547723
1.5  0.7086768212757992  0.00324566831722594
1.6  0.7061876055828733  0.003236383026698205
1.7  0.7088380774420117  0.0032520027277829055
1.8  0.7102591215321891  0.0032522861292329903
1.9  0.702277723645382  0.0032232938983415022
2.0  0.7058101039334579  0.0032347458329350276
2.1  0.7029592183689497  0.003230192255619508
2.2  0.701705140474365  0.0032256291437058097
2.3  0.7050070015137777  0.003234793900970902
2.4  0.7073975989136833  0.0032388582189312974
2.5  0.6996847075980814  0.003218676925148173
2.6  0.7062319119922815  0.003239814336018081
2.7  0.710613393671017  0.0032482817227131315
2.8  0.7046160905694135  0.003234274834451716
2.9  0.7013069440552292  0.00322089601440235
3.0  0.7003331512101291  0.0032174229526619057
3.1  0.7022669828186899  0.0032230663525656
3.2  0.7033408167408347  0.0032340621377196584
3.3  0.698761603473506  0.0032127222450218386
3.4  0.701053108763814  0.003222817292988932
3.5  0.7017382502702014  0.003222757727305324
3.6  0.7078714776176145  0.00324336535309884
3.7  0.7035291457628451  0.0032283911453397855
3.8  0.7015810231587971  0.0032190834528669403
3.9  0.7062217054979213  0.003237207373493019
4.0  0.701786497750296  0.0032239784857487253
4.1  0.7018627919712815  0.0032227285001303727
4.2  0.7014452858044256  0.0032171540591777845
4.3  0.7069108254782864  0.0032338255880674737
4.4  0.7033328756795874  0.0032265442287656185
4.5  0.6991153445694187  0.003214678781548085
4.6  0.7013357253214989  0.003220397378405123
4.7  0.712589578380131  0.0032519109488760886
4.8  0.7011498596726825  0.0032208946102696735
4.9  0.7089160057668372  0.003240528169081911
5.0  0.6998419293411402  0.003217871813324307
0.0  -0.0  0.0
0.1  0.006360203741755056  0.000252596830884928
0.2  0.027677367823614747  0.0005297076800755845
0.3  0.06717626975574323  0.0008334384822018025
0.4  0.1465719424368534  0.0012613328287363792
0.41  0.15759512232959721  0.0013105665339756404
0.42  0.17327605271733498  0.0013803905108986838
0.43  0.18624322102754146  0.001443042840609643
0.44  0.19991755624079927  0.0014935521632896721
0.45  0.21585768631973296  0.0015676084283473284
0.46  0.23422862619297596  0.0016359233738859917
0.47  0.25788871497518256  0.0017252459717016972
0.48  0.277977290573833  0.0018028831659128801
0.49  0.3031819743702579  0.0018980022435255695
0.5  0.32366070244822387  0.0019813948984865517
0.51  0.35160413486815284  0.002069608149889786
0.52  0.3756643925479047  0.0021593807467520172
0.53  0.4034649395354646  0.002255479446043041
0.54  0.4309159773442122  0.002342981308944706
0.55  0.4579422596246267  0.002440112343829975
0.56  0.4839127425627587  0.0025297379921865202
0.57  0.5067536143779013  0.0026055517670135054
0.58  0.5323939862859342  0.0026943370716594386
0.59  0.5550539010560244  0.002764349547195205
0.6  0.5723309575855826  0.0028248693288528376
0.7  0.6772079324934289  0.0031576106893224758
0.8  0.7028949802413137  0.003233735006250517
0.9  0.7043426255507923  0.0032428754858709586
1.0  0.7109931817354067  0.0032526926255449402
1.1  0.7079214246085999  0.003243211266889796
1.2  0.7016417582065981  0.0032253696599164956
1.3  0.7087821478191573  0.003253379189081708
1.4  0.7051963838933474  0.00323894706673926
1.5  0.7026134110036403  0.003230983463370478
1.6  0.712130788191788  0.00325324664266
1.7  0.706855485093099  0.003237617306787682
1.8  0.7019225559099793  0.003229146491999322
1.9  0.7004756722916496  0.0032220226142016884
2.0  0.7035050229334819  0.003229077517986044
2.1  0.7017778046225878  0.0032226485267403903
2.2  0.7039347255140966  0.0032282964878215226
2.3  0.7027438974489608  0.003227479255424381
2.4  0.7013836671670525  0.0032230035312983446
2.5  0.7054853372426949  0.0032362812842706545
2.6  0.6973663000761376  0.0032143596504931597
2.7  0.6996954043883015  0.003212428902148252
2.8  0.6989729548499588  0.003213245433736961
2.9  0.7062977321130895  0.0032387312742139488
3.0  0.7022184802153639  0.003223653691654844
3.1  0.6970145886482192  0.0032107364508083954
3.2  0.7010547477493323  0.003218275889883513
3.3  0.6993052849147778  0.0032150081534778733
3.4  0.7023512771511411  0.0032265600737308347
3.5  0.7015885973086078  0.0032236438641856354
3.6  0.706086552633209  0.003236651860865024
3.7  0.7006496458960545  0.0032198362015936903
3.8  0.703223778466758  0.003226287968302011
3.9  0.7018287562424964  0.0032206014029682794
4.0  0.702231291205015  0.003222440810781839
4.1  0.7046178402615565  0.003229643950478239
4.2  0.6990671110278098  0.0032145159091501543
4.3  0.7010551398024343  0.003221265808342266
4.4  0.70537285764095  0.0032302317360627733
4.5  0.7046865165238712  0.0032318751969599574
4.6  0.6958489487086409  0.003205597530355958
4.7  0.7054825748168942  0.0032343453017959524
4.8  0.700776697598972  0.0032227206129318525
4.9  0.7037695965907312  0.0032273861243942146
5.0  0.7008009632788973  0.0032171188999918247
