#mmax= 10
#m-states: all states (FBR)
#Nr. of sites: 11

0.0  0.0 0.0 0.0 NaN NaN 0.0 
0.1  0.0022 0.0010661908682922006 0.11367629676296766 0.2851748378794108 34.26195265103541 0.0 
0.2  -0.00322 0.002122908708214707 0.45067413834138365 -0.06467339521722458 8.45526461230589 0.0 
0.3  -0.00506 0.003180981790336358 1.0118645150451502 -0.050538605689967354 3.388052702679553 0.0 
0.4  -0.00368 0.0042593011154953495 1.814164599245993 -0.040062465973317765 1.6762370145817096 0.0 
0.41  -0.00218 0.004359328218134662 1.9003742513425128 -0.0297330049412908 1.60346028171009 0.0 
0.42  0.0042 0.004490882461193211 2.0168025280252793 0.005708059810517129 1.4114527650890842 0.0 
0.43  -0.00188 0.0046012363957705655 2.1171376369763704 -0.011809705879252638 1.437624567226683 0.0 
0.44  0.00098 0.00470180938215435 2.2107011466114668 -0.021521513762604055 1.2947549180087128 0.0 
0.45  0.00844 0.004805613239034748 2.309391860318604 -0.003622730865918783 1.1826124451197542 0.0 
0.46  0.00224 0.004936901209659309 2.4372993553935545 0.007385377855178315 1.148631565304079 0.0 
0.47  -0.008 0.005067190223799343 2.5676416764167636 -0.003066555324057402 1.0197799921066952 0.0 
0.48  0.00424 0.005161868525337188 2.6644886672866717 -0.006431462364307308 0.9041991562827061 0.0 
0.49  0.00228 0.005301945786434561 2.8110629122291204 -0.026587511878246466 0.8592073866753589 0.0 
0.5  0.00136 0.00541304669430674 2.9301074514745125 -0.0015860108947970694 0.8459538765915 0.0 
0.51  0.00184 0.005499769869611471 3.024746861868618 0.00835349429877487 0.7213190324639478 0.0 
0.52  0.01198 0.00562957207226421 3.1692081716817153 0.013743438239782885 0.6482680566570602 0.0 
0.53  0.00166 0.00574128052502407 3.2962302067020657 -0.005724071256246739 0.6255275201640864 0.0 
0.54  0.0004 0.005838110930377426 3.408353923539237 -0.020153149815659882 0.6113320807832996 0.0 
0.55  -0.00542 0.005968489127461374 3.562286246462463 0.00824622076796384 0.5637867987996001 0.0 
0.56  0.00648 0.006071437121430741 3.6862348719487197 0.00377827912968991 0.46070836010259963 0.0 
0.57  -0.00242 0.006165640403657666 3.8015121587215877 -0.009822249801133503 0.45229891984153037 0.0 
0.58  -0.00076 0.00626025447820305 3.919078613186134 0.001564173835575094 0.3717079009690569 0.0 
0.59  -0.00606 0.006340065829969534 4.019643472834727 -0.00466111685316678 0.37024288799466376 0.0 
0.6  -0.00734 0.006420986959551883 4.122907353473534 0.008943041459030882 0.3696376526203111 0.0 
0.7  -0.01974 0.007175863589435249 5.149301825418253 -0.005266196309913443 0.17518551507339764 0.0 
0.8  0.0022 0.007691017040511039 5.915174311743117 0.005838962219877214 0.12089104689434249 0.0 
0.9  0.00518 0.008076780547955987 6.523438401984021 0.0199928615268794 0.11491868387237236 0.0 
1.0  0.01294 0.00843228537220877 7.110343659836599 -8.138075908735756e-5 0.07800717667441015 0.0 
1.1  -0.00138 0.0087088655632863 7.584433939939399 -0.006574427447251066 0.04978109038787837 0.0 
1.2  -0.0097 0.008971703517985876 8.049146401464014 -0.0038015252637827305 0.0567977430929294 0.0 
1.3  0.00104 0.009190431645158906 8.446403382433823 0.006370085103095988 0.03813363217316379 0.0 
1.4  -0.00548 0.00937911399727041 8.796777937379375 0.008400739749940312 0.03846328020206391 0.0 
1.5  0.00356 0.009589910996872146 9.19663929279293 0.01246145111395118 0.0349329201552977 0.0 
1.6  -0.00828 0.009820238224543632 9.643707878678788 -0.01330238110555064 0.04386610068703911 0.0 
1.7  -0.00558 0.010023147872346927 10.046349327093273 0.0007667253043398075 0.04290660010383007 0.0 
1.8  -0.00224 0.010208829121202896 10.422019202592027 -0.005960005076861455 0.03420916963894349 0.0 
1.9  -0.00188 0.010357964931895421 10.728743753037532 0.00201329159539 0.041118623795768805 0.0 
2.0  0.00712 0.01053139127361725 11.091020215802155 0.0026483003163101575 0.011839797422658282 0.0 
2.1  -0.0116 0.010643974226851238 11.329418734187342 -0.004434402482785267 0.05491848914088404 0.0 
2.2  0.01956 0.010795283203575276 11.653813944539445 -0.011796207582771999 0.030586379587989043 0.0 
2.3  -0.01482 0.010942074801700527 11.972900096600961 0.006470840045299549 0.03381171971272856 0.0 
2.4  0.00298 0.011074147261228545 12.263673756337568 0.00021710499530476076 0.04371203139843338 0.0 
2.5  0.0007 0.011231030961606533 12.613605646056458 -0.012829514710857835 0.007764029877416423 0.0 
2.6  0.00356 0.011327469107420414 12.831155637956385 0.005192295921225129 0.0195860790244331 0.0 
2.7  -0.00818 0.011454127764540975 13.119704284642845 -0.008024461006892953 0.04405973134364016 0.0 
2.8  0.00328 0.011572399561902286 13.392043162031621 0.007412387412610635 0.03585454555757828 0.0 
2.9  0.01534 0.01168312508698413 13.649541179811798 0.003904404719046451 0.03472896139798465 0.0 
3.0  -0.00766 0.011831500880620805 13.998441308813087 0.003302449765007969 0.027178081970587797 0.0 
3.1  0.00578 0.011890259866747948 14.137827969879693 0.008248117687507522 0.03784221907773455 0.0 
3.2  0.0 0.01201684834082716 14.440464404644047 -0.0026067073432618553 0.028148258698569517 0.0 
3.3  -0.00156 0.01210949388134866 14.663984206242061 -0.004915395274037461 -0.0009803971101263187 0.0 
3.4  -0.01452 0.012267689132757097 15.049619665796659 -0.020383583618147325 0.006598706729490811 0.0 
3.5  0.00912 0.012315773830289773 15.16782850388504 -0.023236019011896567 0.020015967161816306 0.0 
3.6  0.00494 0.01243012876220558 15.450810104501043 0.00873440298882894 0.040688289496086494 0.0 
3.7  0.01398 0.01256337629700869 15.78384239802398 -0.0025613046852075013 0.011381520458924932 0.0 
3.8  -0.00486 0.012596894483225065 15.868175062150609 -0.001902305222291412 0.0454466138226195 0.0 
3.9  0.01048 0.012705735557344191 16.14357160531605 0.006163973549767015 0.048038144417673845 0.0 
4.0  0.01488 0.012760509949141595 16.283061416214164 0.0024376900276755925 0.047309411489702136 0.0 
4.1  -0.00444 0.012857863590447719 16.53246561105611 0.01739313457435645 0.02763835408784221 0.0 
4.2  -0.01762 0.013002268492300083 16.90589859458595 0.010592378841161149 0.009044137661835983 0.0 
4.3  -0.01238 0.013052898955316836 17.037817113771137 0.006607822212449608 0.022432595869955385 0.0 
4.4  -0.01431 0.013126712282394 17.231057534475347 0.002212283135598012 0.02981791220458785 0.0 
4.5  0.00354 0.013232581973910347 17.510122569625704 0.005693507338028707 0.007731013692475308 0.0 
4.6  -0.00228 0.013315138788056603 17.729292094520947 0.010401417107882423 0.016051060046343046 0.0 
4.7  -0.00514 0.013427804692628971 18.030593886338863 0.005281386633869848 0.02580929461446635 0.0 
4.8  0.01804 0.013462457352265955 18.123775796157965 -0.0004050888922585968 -0.01546191494553506 0.0 
4.9  -0.00576 0.013516179012389225 18.268709509495096 -0.007434156851886395 0.0007958682455573296 0.0 
5.0  -0.01492 0.01365742432482757 18.652523918839183 -0.00889610650506211 0.04074634273364097 0.0 
