#mmax= 10
#m-states: all states (FBR)
#Nr. of sites: 11
 
0.0  -3.611130543429583e-61 
0.1  0.0024809140128943534 
0.2  0.009690326862993879 
0.3  0.02089983604814106 
0.4  0.034701310236254446 
0.41  0.03613778187685971 
0.42  0.037571893877655804 
0.43  0.03899912210196692 
0.44  0.04041568799833106 
0.45  0.0418168652174583 
0.46  0.043198690970548646 
0.47  0.04455482500111087 
0.48  0.045881651132710165 
0.49  0.0471754156521258 
0.5  0.04842933602411124 
0.51  0.04964231457925185 
0.52  0.0508107917370287 
0.53  0.051932904228008635 
0.54  0.05300780700418628 
0.55  0.05403589412294452 
0.56  0.05501914979497134 
0.57  0.05595922275919315 
0.58  0.0568595551124925 
0.59  0.05772356087058596 
0.6  0.05855504106847711 
0.7  0.06577907854154637 
0.8  0.0720769048050969 
0.9  0.07783932846487997 
1.0  0.0831582427254087 
1.1  0.08811039288898712 
1.2  0.09276386598649487 
1.3  0.09716948457706837 
1.4  0.10136846236616859 
1.5  0.10539094688345145 
1.6  0.10926053360086499 
1.7  0.11299507675862856 
1.8  0.11661006960522527 
1.9  0.1201173386237511 
2.0  0.12352654617408979 
2.1  0.12684614929797272 
2.2  0.13008284474906723 
2.3  0.13324404834547562 
2.4  0.13633368011164054 
2.5  0.13935743079795535 
2.6  0.1423224272497139 
2.7  0.14522682228149802 
2.8  0.14807589315235886 
2.9  0.15087445314743606 
3.0  0.1536237866930728 
3.1  0.15632463081355902 
3.2  0.15898425502501687 
3.3  0.1616008855048136 
3.4  0.16417747305144212 
3.5  0.16671678059009848 
3.6  0.16921916001323906 
3.7  0.1716863431680413 
3.8  0.1741206959729944 
3.9  0.17652296750476612 
4.0  0.1788938383505391 
4.1  0.18123653628528863 
4.2  0.18354913034425413 
4.3  0.18583430599062534 
4.4  0.18809278528486123 
4.5  0.19032554833181053 
4.6  0.19253341857558365 
4.7  0.1947168949781874 
4.8  0.19687895012151269 
4.9  0.19901539303298094 
5.0  0.20113284960272612 
