#mmax= 10
#m-states: all states (FBR)
#Nr. of sites: 11
 
0.0  9.0954525768758e-15 
0.1  3.09223225266982e-10 
0.2  1.0655373629685574e-7 
0.3  7.337997512352681e-8 
0.4  -3.006691752942203e-7 
0.41  -1.6738096315405222e-7 
0.42  1.3300860921759231e-5 
0.43  4.1024203448720416e-7 
0.44  -2.645004051831877e-7 
0.45  -3.7761576596861124e-7 
0.46  5.395810627895403e-6 
0.47  -5.342580112355431e-7 
0.48  -1.0063004868130238e-5 
0.49  -1.2493701561074982e-6 
0.5  1.693371487337281e-6 
0.51  8.335661753517583e-6 
0.52  1.3028166471421457e-5 
0.53  -0.00013406309370432392 
0.54  -5.3541440027862476e-5 
0.55  -3.0972768999625135e-5 
0.56  -3.472082398275947e-5 
0.57  -8.774272300538253e-5 
0.58  -6.130055206288041e-5 
0.59  -4.184826567312985e-5 
0.6  -4.6551738861862394e-5 
0.7  -0.0015642600815040828 
0.8  -0.001658590570997984 
0.9  -0.002533308277778784 
1.0  0.0005447362849485596 
1.1  0.002788606947542245 
1.2  0.007656494980124146 
1.3  0.011232545483028782 
1.4  0.010126264765658383 
1.5  0.011017458359068014 
1.6  0.011502371181567305 
1.7  0.012057403612130053 
1.8  0.012061133022624817 
1.9  0.014028243021201247 
2.0  0.01607263510738415 
2.1  0.016239322546514827 
2.2  0.016716538849243387 
2.3  0.0163757294669309 
2.4  0.01637558940714086 
2.5  0.016370129585784265 
2.6  0.016290284450329096 
2.7  0.016362821031986705 
2.8  0.01641684522554613 
2.9  0.01647998698457428 
3.0  0.016477588084687595 
3.1  0.01659443007229375 
3.2  0.01651949913653694 
3.3  0.01656209344695754 
3.4  0.01655639695775197 
3.5  0.0165541870000265 
3.6  0.016572658102696425 
3.7  0.016559149322019195 
3.8  0.01657459398727726 
3.9  0.01659279266704572 
4.0  0.01661029483100994 
4.1  0.016631243394147142 
4.2  0.016624436693585327 
4.3  0.0166754783918734 
4.4  0.016665834855067924 
4.5  0.016715131347278697 
4.6  0.01672943305325186 
4.7  0.01674593036144783 
4.8  0.01676438026850728 
4.9  0.016781524868048337 
5.0  0.0167993279230186 
