#mmax= 10
#m-states: all states (FBR)
#Nr. of sites: 11

0.0  -0.0  0.0
0.1  -0.0  6.890665652960203e-19
0.2  0.00023002645405631884  4.796407121189011e-5
0.3  0.0028039273327342593  0.0001675676010611572
0.4  0.013277760612574374  0.0003656013564165368
0.41  0.015113637810048184  0.00039023811553621856
0.42  0.016718986606874136  0.000410605645618523
0.43  0.018938201020250848  0.0004372511562713513
0.44  0.021029579694523164  0.00046100403518130556
0.45  0.024354169868571054  0.0004965219173518765
0.46  0.027617887036672614  0.0005291793287569676
0.47  0.02940821358058564  0.0005463076405221757
0.48  0.03208940150861306  0.0005710529236033328
0.49  0.03624913267512103  0.0006075731450125476
0.5  0.04031170807186404  0.0006413709163773962
0.51  0.04293881674169182  0.0006623780191647942
0.52  0.04780464994813928  0.0006997585973917749
0.53  0.05103017111262069  0.000723568704866389
0.54  0.05513223263803874  0.0007528671853296408
0.55  0.05889050127297166  0.0007788433742270194
0.56  0.06490125358369256  0.000818867034388391
0.57  0.0690607309321451  0.0008455885256071565
0.58  0.07277501478239255  0.00086884576054967
0.59  0.07677305880590364  0.0008932961219119062
0.6  0.08060286453208111  0.000916194189762429
0.7  0.11904257849723095  0.0011243626753966653
0.8  0.15061360919773745  0.0012749470539406733
0.9  0.17368694219060374  0.001377261646537293
1.0  0.19498135490446214  0.0014672780240030468
1.1  0.2138122131439062  0.0015439962765643037
1.2  0.2297527513713293  0.0016071444475475342
1.3  0.24629614133569183  0.001671167481997912
1.4  0.2595219315452458  0.0017213735616628018
1.5  0.2734344752549524  0.0017733327956289443
1.6  0.28868039304483323  0.0018293868549708503
1.7  0.30199427121108824  0.0018776395172369923
1.8  0.31267211398315214  0.0019159934821941175
1.9  0.3225301466699915  0.001950930143248483
2.0  0.3366199503243126  0.002000481601667332
2.1  0.3394777001181334  0.0020104421258637702
2.2  0.3506998126133164  0.0020495936598360484
2.3  0.359430355793075  0.0020796316738864395
2.4  0.3703417873659932  0.002117540650044158
2.5  0.3781346236802439  0.0021436214134662596
2.6  0.3840143517468381  0.0021636097735268354
2.7  0.3924827044063833  0.002192540701626504
2.8  0.40030710800618186  0.0022186196961083045
2.9  0.40861633937325714  0.002246605302395028
3.0  0.4178500557106491  0.00227723153317605
3.1  0.4222949852306357  0.0022919065447919015
3.2  0.4252861399188186  0.0023022467045600765
3.3  0.43924391597085366  0.002347936211989989
3.4  0.44341666906637905  0.002363415739565211
3.5  0.4450615595209928  0.002368879427673737
3.6  0.4535476960724317  0.002396316843784796
3.7  0.46453747649364385  0.002432187518530332
3.8  0.4635687795763245  0.00243031445082617
3.9  0.4682293796157302  0.002442709457212803
4.0  0.4717188604495647  0.002457678794137273
4.1  0.4801592127005891  0.002483138263126838
4.2  0.48551668762473754  0.002500983517053889
4.3  0.4911957323259752  0.0025195810281753825
4.4  0.49828840381718964  0.0025494257979785055
4.5  0.5033517578330718  0.0025624651948060223
4.6  0.5101819611581389  0.002584769240117899
4.7  0.5142455044118017  0.002593343221254446
4.8  0.5126378703596425  0.0025912017825747476
4.9  0.5194234340191042  0.0026134862523046693
5.0  0.5246660702077752  0.002636874336322507
