#mmax= 10
#m-states: all states (FBR)
#Nr. of sites: 11

0.0  1.0  0.0
0.1  1.0  6.890665652960203e-19
0.2  0.99977  4.7953039475511374e-5
0.3  0.9972  0.00016709841177818595
0.4  0.98681  0.0003607790745254027
0.41  0.985  0.00038438454380317527
0.42  0.98342  0.00040379780401416786
0.43  0.98124  0.00042904832457970075
0.44  0.97919  0.0004514105412091826
0.45  0.97594  0.00048457560002039036
0.46  0.97276  0.0005147644838416277
0.47  0.9710200000000003  0.0005304756450998432
0.48  0.96842  0.0005530190722759394
0.49  0.9644  0.0005859435410501009
0.5  0.9604900000000026  0.0006160303514713269
0.51  0.9579700000000005  0.0006345382710192983
0.52  0.9533200000000004  0.0006670938660655271
0.53  0.9502500000001504  0.000687571161799395
0.54  0.9463600000000099  0.0007124833895085663
0.55  0.9428100000000033  0.0007343013216549786
0.56  0.937160000000005  0.0007674094299474286
0.57  0.9332700000000593  0.0007891624032934411
0.58  0.9298100000000179  0.0008078614766167042
0.59  0.9261000000000094  0.0008272815385026247
0.6  0.9225600000000171  0.0008452441117072422
0.7  0.8877700000447183  0.0009981754523871772
0.8  0.8601800000962891  0.001096683956981452
0.9  0.8405600003454815  0.0011576710500892054
1.0  0.8228500000298555  0.0012073497220947134
1.1  0.8075000086736961  0.0012467770067178298
1.2  0.7947300741346556  0.001277246025944552
1.3  0.781690699717165  0.0013063360783475205
1.4  0.7714202893694769  0.0013279024910508857
1.5  0.7607621834708503  0.0013490845296231428
1.6  0.749251633172373  0.0013706710887909806
1.7  0.7393423004133722  0.0013882183200210516
1.8  0.7314897185023923  0.0014015295329425934
1.9  0.7243140958197594  0.0014130862027145385
2.0  0.714180212290023  0.0014287043749610605
2.1  0.712142177419473  0.0014317206330884597
2.2  0.7041951126209891  0.0014433138381155113
2.3  0.6980738665660562  0.0014517365236231463
2.4  0.6904982867105989  0.0014621581908955388
2.5  0.6851382586231762  0.0014686770423696248
2.6  0.6811216518238876  0.0014736814628469055
2.7  0.6753780273154678  0.00148079381387338
2.8  0.6701142169902892  0.0014867286004568497
2.9  0.664569152435222  0.0014930245816691392
3.0  0.6584609534827481  0.0014994680466360823
3.1  0.6555406360635609  0.0015024378741711215
3.2  0.6535827422580964  0.0015047087145210404
3.3  0.6445235508676298  0.0015133001845624796
3.4  0.6418397166086768  0.0015169340885110214
3.5  0.6407848284110464  0.0015179419975883735
3.6  0.6353700486325468  0.0015225479495745366
3.7  0.6284256996391598  0.001528449142986056
3.8  0.6290347486214741  0.0015287522396465758
3.9  0.6261098903388572  0.0015294045503851975
4.0  0.6239288993528328  0.001533416824988866
4.1  0.6186848814735079  0.0015362801020049601
4.2  0.6153791558131188  0.0015390531254271468
4.3  0.6118942947858307  0.001541717256391134
4.4  0.6075696842160848  0.0015489538270101405
4.5  0.6045011189874904  0.001549013077626738
4.6  0.6003863218818483  0.001551860096987725
4.7  0.5979515762912702  0.001550693667013376
4.8  0.5989136367202085  0.001551906083077729
4.9  0.5948634271298284  0.001554667388802647
5.0  0.591752935312304  0.0015603781285685272
