#mmax= 10
#m-states: all states (FBR)
#Nr. of sites: 11
 
0.0  1.5898903856937778e-30 
0.1  0.504232137437439 
0.2  1.035680440481986 
0.3  1.6315583254043982 
0.4  2.356034112447294 
0.41  2.439354794234951 
0.42  2.5250926245378604 
0.43  2.613387674465463 
0.44  2.7042274634521775 
0.45  2.797677072835696 
0.46  2.893672477499693 
0.47  2.9922392799612587 
0.48  3.0930463257999703 
0.49  3.195577798661303 
0.5  3.300431800862716 
0.51  3.406218778279641 
0.52  3.5124525843635266 
0.53  3.6189283739801272 
0.54  3.7246358756156357 
0.55  3.829088760957669 
0.56  3.931607906150365 
0.57  4.031568862381401 
0.58  4.12859336957095 
0.59  4.222237195909126 
0.6  4.3121777564125985 
0.7  5.0112371724875615 
0.8  5.4569426127027185 
0.9  5.776910750278679 
1.0  6.026837445021524 
1.1  6.231757002225215 
1.2  6.404939632125782 
1.3  6.554517136786999 
1.4  6.685721326744213 
1.5  6.8022568914381285 
1.6  6.906791468063097 
1.7  7.0014118233616305 
1.8  7.087558435280158 
1.9  7.166550966728234 
2.0  7.239309474711243 
2.1  7.306645403782912 
2.2  7.369217604821018 
2.3  7.427556600484958 
2.4  7.482157981963936 
2.5  7.533383971318628 
2.6  7.581550222999437 
2.7  7.627003132891726 
2.8  7.669979257848963 
2.9  7.710678259142484 
3.0  7.74930565314007 
3.1  7.786055422798893 
3.2  7.821031806373046 
3.3  7.854397450769902 
3.4  7.886277174177161 
3.5  7.916761444433381 
3.6  7.945967126543914 
3.7  7.973970672983891 
3.8  8.000859268679545 
3.9  8.026698059739624 
4.0  8.051561342806863 
4.1  8.075501397271879 
4.2  8.098579609566855 
4.3  8.120848751483104 
4.4  8.142348860329763 
4.5  8.163125274111039 
4.6  8.183219501280234 
4.7  8.202666732924504 
4.8  8.221502639256439 
4.9  8.239756155082619 
5.0  8.257459546078994 
