#mmax= 10
#m-states: all states (FBR)
#Nr. of sites: 11
 
0.0  0.0 
0.1  -0.24702796703936478 
0.2  -0.475670626679658 
0.3  -0.6645287959273418 
0.4  -0.784381575336837 
0.41  -0.7910401179564751 
0.42  -0.7965485087552955 
0.43  -0.8008358526248386 
0.44  -0.803888830423874 
0.45  -0.8056544700806834 
0.46  -0.8061295901217954 
0.47  -0.8052461927471416 
0.48  -0.8030673956235889 
0.49  -0.7996785623396818 
0.5  -0.7948973431786543 
0.51  -0.7890342129057537 
0.52  -0.7821625841199387 
0.53  -0.7743337983637171 
0.54  -0.7657673709610884 
0.55  -0.7565898064750317 
0.56  -0.7469811907357855 
0.57  -0.7371114668904966 
0.58  -0.727114441252433 
0.59  -0.717137976455404 
0.6  -0.7073074258723894 
0.7  -0.6273973198587821 
0.8  -0.577795233086259 
0.9  -0.5432461083465837 
1.0  -0.5162372116560586 
1.1  -0.4937563225697826 
1.2  -0.4744217877784389 
1.3  -0.4574227889724467 
1.4  -0.442285222931044 
1.5  -0.42865987133921035 
1.6  -0.41629748229432517 
1.7  -0.40498206188903924 
1.8  -0.3945947996727395 
1.9  -0.3849866121620714 
2.0  -0.3760726430269922 
2.1  -0.3677681100009714 
2.2  -0.36000204445991113 
2.3  -0.3527257427314925 
2.4  -0.3458754525155583 
2.5  -0.3394208634388465 
2.6  -0.33333903562287415 
2.7  -0.3275657409196365 
2.8  -0.3220832881167567 
2.9  -0.31687791324660036 
3.0  -0.31192026572089576 
3.1  -0.30718044820737206 
3.2  -0.30266663176398373 
3.3  -0.29834636380330987 
3.4  -0.29420632815072595 
3.5  -0.2902417048863782 
3.6  -0.28643235932357075 
3.7  -0.2827721800491346 
3.8  -0.2792510369931853 
3.9  -0.27586155405615065 
4.0  -0.27259234896192147 
4.1  -0.2694421670533602 
4.2  -0.26639751255177213 
4.3  -0.2634546447167917 
4.4  -0.2606092361387117 
4.5  -0.2578556159197495 
4.6  -0.25518833576956623 
4.7  -0.252602758943777 
4.8  -0.25009758824893746 
4.9  -0.24766267205301723 
5.0  -0.24530180126652296 
