#mmax= 10
#m-states: all states (FBR)
#Nr. of sites: 36
 
0.0  17.999999999999986 0.013888888888890283 
0.1  16.321235174993465 0.011327832726601983 
0.2  14.805800545044628 0.009073567293454987 
0.3  13.449982198299185 0.007159983276210369 
0.4  12.249642389746475 0.005717484584139121 
0.41  12.136463714907226 0.005608793481369667 
0.42  12.02411076023992 0.005508262908126005 
0.43  11.912466818074916 0.005415754251590688 
0.44  11.801317630772115 0.0053335270930242595 
0.45  11.690532074786272 0.005264766698443113 
0.46  11.579799514650503 0.005210489773520455 
0.47  11.468882079850625 0.005171858916612648 
0.48  11.357782591169164 0.005151973733584336 
0.49  11.24688071370902 0.005148400038568979 
0.5  11.137851303506201 0.005164744414494549 
0.51  11.032588371038084 0.00518924182045144 
0.52  10.932599671728823 0.005214830135996773 
0.53  10.838338065338949 0.0052352136420996676 
0.54  10.749282673239989 0.005249369701162965 
0.55  10.664652888249481 0.005257830563344501 
0.56  10.583889505986814 0.005261361023584987 
0.57  10.506312666562778 0.00526183618072984 
0.58  10.43165841552712 0.0052597439938838475 
0.59  10.359494021577806 0.005256021818615952 
0.6  10.289662436149262 0.005250929969817797 
0.7  9.687105592322576 0.00516896424390334 
0.8  9.203995441586951 0.005063251055881457 
0.9  8.799040036281669 0.004958668321849546 
1.0  8.450366603170368 0.004860408869383326 
1.1  8.144617825326158 0.004766454230324291 
1.2  7.872809478862797 0.0046733465785759876 
1.3  7.6286896176018795 0.004586063987332856 
1.4  7.407550148213218 0.004502998867548902 
1.5  7.205853616880223 0.004425473580215278 
1.6  7.020752037365064 0.004351393934182379 
1.7  6.8500097283913 0.004281415062733052 
1.8  6.6918210071188655 0.004215277022462827 
1.9  6.544660902950909 0.004152469676712567 
2.0  6.40727471784317 0.004093216538235911 
2.1  6.278597708495543 0.0040363325905666825 
2.2  6.157732029793797 0.003982102968261514 
2.3  6.043889787493394 0.003930235833557116 
2.4  5.936416184988944 0.0038806113576465018 
2.5  5.834726592180885 0.003833242571330775 
2.6  5.738305156065661 0.003787715726222718 
2.7  5.6466993737893345 0.003743829104150276 
2.8  5.559527627087838 0.0037016035348325094 
2.9  5.476425757219248 0.0036609353599180716 
3.0  5.397091132168608 0.00362168136919494 
3.1  5.321239673045698 0.0035838339492846316 
3.2  5.24862202974191 0.00354703915466803 
3.3  5.179005063211836 0.0035121067694411368 
3.4  5.11219221556141 0.0034770951065363764 
3.5  5.047987180216025 0.0034443595091280255 
3.6  4.986236389537643 0.003411856842414185 
3.7  4.926778182248471 0.0033811762789466293 
3.8  4.869483485215774 0.0033510313222337995 
3.9  4.814180434318824 0.0033212056633822318 
4.0  4.76080979425241 0.003293081755764926 
4.1  4.709234860707214 0.0032654627885289056 
4.2  4.659339792989587 0.0032383237083164484 
4.3  4.6110655469844435 0.0032125424590406793 
4.4  4.564302910100312 0.003186961031855673 
4.5  4.518982069295946 0.0031620422833046335 
4.6  4.475029136506195 0.0031377691317647782 
4.7  4.4323764373547085 0.0031140733105806673 
4.8  4.3909552717088225 0.0030913428435669354 
4.9  4.350714354266681 0.0030687840713333747 
5.0  4.311592222680008 0.0030463583029446406 
