#mmax= 10
#m-states: all states (FBR)
#Nr. of sites: 36
 
0.0  18.00000000000001 0.013888888888891171 
0.1  22.204376206342662 0.020434102191466352 
0.2  28.777721713523054 0.03136912745623277 
0.3  40.9663393414198 0.05392414716752647 
0.4  73.99125837195396 0.12764411344724058 
0.41  80.82783905224304 0.14434246602176537 
0.42  89.12933307943166 0.1648788054787932 
0.43  99.36904911535022 0.1901834922599287 
0.44  112.31564455182996 0.221681965769144 
0.45  128.90102287063044 0.26030989996525944 
0.46  150.41635674129256 0.30678689215171173 
0.47  178.30672678169674 0.3602251814040095 
0.48  213.69976057608056 0.41755693715628894 
0.49  256.4113410291124 0.4736043921566302 
0.5  303.5599761792481 0.5223476176991637 
0.51  350.21453524408463 0.5600382897305326 
0.52  392.22513451909947 0.5867564895742527 
0.53  427.80007353969955 0.6047862311308516 
0.54  457.278878747563 0.6168550200720571 
0.55  482.0759030079881 0.6252043990544911 
0.56  503.12659443390976 0.6311010681565197 
0.57  521.5838914926811 0.6355159620033577 
0.58  537.8476924133242 0.6388712844337681 
0.59  552.5974524234034 0.6415657613902818 
0.6  566.0136272583518 0.6437534043475862 
0.7  659.1961274952362 0.6541244472777742 
0.8  716.5654493080963 0.6578465686323145 
0.9  757.9102480413887 0.6597897086889007 
1.0  790.1444355812589 0.6609988223390493 
1.1  816.4899607490507 0.6618318957943936 
1.2  838.7035878018339 0.6624447962206923 
1.3  857.8509430417186 0.6629168941436425 
1.4  874.6348388990077 0.6632930496376268 
1.5  889.5292874990741 0.6636002850558702 
1.6  902.8868614912973 0.6638563817899059 
1.7  914.9668744863288 0.6640733608175424 
1.8  925.9670318060395 0.6642595703146619 
1.9  936.0437439425787 0.6644211756485621 
2.0  945.3258137192001 0.6645628482094108 
2.1  953.9144422910238 0.6646880595332096 
2.2  961.8925329903419 0.6647994980638663 
2.3  969.3315480296916 0.6648993399863588 
2.4  976.288630179434 0.6649892686242473 
2.5  982.8162680625915 0.6650707266171136 
2.6  988.9558239354428 0.6651448146618659 
2.7  994.7460480200164 0.6652124998171589 
2.8  1000.2174206895509 0.6652745531474895 
2.9  1005.4003275767934 0.6653316759470143 
3.0  1010.3178063353083 0.6653844016419936 
3.1  1014.9926233383269 0.6654332271055923 
3.2  1019.4442363541721 0.6654785774022467 
3.3  1023.6896427158883 0.6655207820976341 
3.4  1027.744138040844 0.665560156394489 
3.5  1031.6226156341288 0.6655969926612217 
3.6  1035.3361858169358 0.6656315034946952 
3.7  1038.8971667673163 0.6656639164877072 
3.8  1042.3125122831939 0.665694370257162 
3.9  1045.6013466685754 0.6657231548853448 
4.0  1048.7585652967782 0.665750246654151 
4.1  1051.8025465795793 0.6657759061979576 
4.2  1054.735858809742 0.6658001945683584 
4.3  1057.5658100783494 0.6658232278592107 
4.4  1060.2985314187324 0.6658451003028059 
4.5  1062.9390819785042 0.6658658930276085 
4.6  1065.492225149705 0.6658856794460328 
4.7  1067.9628935694395 0.6659045325776585 
4.8  1070.3557710960135 0.6659225201592092 
4.9  1072.6744891193866 0.6659396949686145 
5.0  1074.923339921294 0.6659561157350686 
