#mmax= 10
#m-states: all states (FBR)
#Nr. of sites: 36
 
0.0  2.688737732639236e-32 
0.1  0.02578058641766657 
0.2  0.05654726001533462 
0.3  0.0990649677185397 
0.4  0.16613305275270815 
0.41  0.17519334877296905 
0.42  0.18489283072790133 
0.43  0.1953155566718694 
0.44  0.20658457247088918 
0.45  0.21881748782796245 
0.46  0.2321846298874335 
0.47  0.24683710798831424 
0.48  0.2628293860938164 
0.49  0.27996265292355466 
0.5  0.29757828532939445 
0.51  0.3146859226783512 
0.52  0.33048390530066474 
0.53  0.3446396065613877 
0.54  0.3572367897168605 
0.55  0.3685770202859903 
0.56  0.37886035013736075 
0.57  0.3883487812137841 
0.58  0.397129787194223 
0.59  0.4053738879170305 
0.6  0.413125315732491 
0.7  0.4729510990493067 
0.8  0.5142599209355703 
0.9  0.5456998282441945 
1.0  0.5709851157005451 
1.1  0.592061238331185 
1.2  0.610070676746208 
1.3  0.6257441206329682 
1.4  0.6395804613493724 
1.5  0.6519281331444923 
1.6  0.6630498113209475 
1.7  0.6731432003365264 
1.8  0.6823617423223458 
1.9  0.6908271849786988 
2.0  0.698641280890834 
2.1  0.7058845826998834 
2.2  0.7126236840685188 
2.3  0.718915819943246 
2.4  0.7248077641728052 
2.5  0.7303420021542273 
2.6  0.7355523374709741 
2.7  0.7404704658379302 
2.8  0.7451217334542302 
2.9  0.7495308240944376 
3.0  0.7537171018848169 
3.1  0.7576992893490956 
3.2  0.7614935961727005 
3.3  0.7651139354336205 
3.4  0.7685735078649056 
3.5  0.7718840727769104 
3.6  0.7750555959042028 
3.7  0.778097909890657 
3.8  0.7810172829244797 
3.9  0.7838288678534534 
4.0  0.7865294018225364 
4.1  0.7891338784556928 
4.2  0.7916441254978498 
4.3  0.7940669128166097 
4.4  0.7964069861809788 
4.5  0.7986687608934755 
4.6  0.8008562411585847 
4.7  0.8029736092352754 
4.8  0.8050246557082897 
4.9  0.8070127216921387 
5.0  0.8089412789861717 
