#mmax= 10
#m-states: all states (FBR)
#Nr. of sites: 36
 
0.0 1.0489564634790952e-27
0.1 -0.21930717301607666
0.2 -0.884366371371069
0.3 -2.020414657023491
0.4 -3.6875346439865964
0.41 -3.88795363503677
0.42 -4.09530392840567
0.43 -4.309882357024715
0.44 -4.532035563542709
0.45 -4.762171890722234
0.46 -5.000771178856915
0.47 -5.248395205089082
0.48 -5.505661711176443
0.49 -5.773146957808544
0.5 -6.051187087195961
0.51 -6.339666923946339
0.52 -6.637974950291162
0.53 -6.945208656131044
0.54 -7.260434463543135
0.55 -7.582837279287691
0.56 -7.9117533731704555
0.57 -8.246647273239972
0.58 -8.587081839451331
0.59 -8.932690469884406
0.6 -9.28316054014888
0.7 -13.007092835782778
0.8 -17.03247852989163
0.9 -21.276308808003677
1.0 -25.690543634891192
1.1 -30.24384445788926
1.2 -34.91415359809007
1.3 -39.68509440867895
1.4 -44.544023019472434
1.5 -49.48088008959675
1.6 -54.487481739929436
1.7 -59.557028698810555
1.8 -64.68380206003096
1.9 -69.86291708224141
2.0 -75.09016333792266
2.1 -80.36187675793357
2.2 -85.67484230384684
2.3 -91.0262196214237
2.4 -96.41348337068163
2.5 -101.83437315254382
2.6 -107.28686364367098
2.7 -112.76912491856882
2.8 -118.27949446593507
2.9 -123.81646245713846
3.0 -129.37864915244205
3.1 -134.96479079294798
3.2 -140.57372278485423
3.3 -146.20438185375826
3.4 -151.85577594118345
3.5 -157.52698906962775
3.6 -163.21717176541364
3.7 -168.92553225717256
3.8 -174.65133396890684
3.9 -180.39388762440177
4.0 -186.15254889053062
4.1 -191.9267136885144
4.2 -197.71581488588282
4.3 -203.51931852617722
4.4 -209.33672238224923
4.5 -215.16755264076681
4.6 -221.01136166365217
4.7 -226.86772644671856
4.8 -232.73624647301526
4.9 -238.61654185526962
5.0 -244.50825224362632
