#mmax= 10
#m-states: all states (FBR)
#Nr. of sites: 36
 
0.0  -0.0 
0.1  0.006345500474144391 
0.2  0.02670137172980714 
0.3  0.066790773052531 
0.4  0.14971960882063928 
0.41  0.16353496689080121 
0.42  0.17940743025581937 
0.43  0.1979766203914012 
0.44  0.22028951410039607 
0.45  0.24779714752493492 
0.46  0.28278023066772284 
0.47  0.3282002590036354 
0.48  0.386818953367098 
0.49  0.45857104000979376 
0.5  0.5361453359611384 
0.51  0.6057789734991897 
0.52  0.6567928813510449 
0.53  0.6877594873544075 
0.54  0.7039215402010566 
0.55  0.7115140671129313 
0.56  0.714471526820008 
0.57  0.7152978830038599 
0.58  0.7151169911298139 
0.59  0.71455376587932 
0.6  0.7138577283665447 
0.7  0.7090516784004807 
0.8  0.7072005282026863 
0.9  0.7061696994098056 
1.0  0.7056241653448612 
1.1  0.7050955903395948 
1.2  0.7047452390322286 
1.3  0.7044300561699431 
1.4  0.7040636221836122 
1.5  0.7039037838475433 
1.6  0.7037446893894572 
1.7  0.7035997270746893 
1.8  0.7035185609966897 
1.9  0.7033863734891888 
2.0  0.7033088452923119 
2.1  0.7032225028810433 
2.2  0.7031507109439001 
2.3  0.7031182549062881 
2.4  0.703070149227344 
2.5  0.703053598886918 
2.6  0.703012030949196 
2.7  0.7030081558961268 
2.8  0.7029810921674008 
2.9  0.7029534114364271 
3.0  0.702931285751561 
3.1  0.7029075892582809 
3.2  0.7028859989254634 
3.3  0.7028717610473987 
3.4  0.7028490309169656 
3.5  0.7028286827677857 
3.6  0.7028096680891078 
3.7  0.7027910405377849 
3.8  0.7027729174723948 
3.9  0.702755025490713 
4.0  0.7027383989408984 
4.1  0.7027226430310557 
4.2  0.7027073027689565 
4.3  0.7026923491344809 
4.4  0.7026784723714957 
4.5  0.7026644379329725 
4.6  0.7026516806565497 
4.7  0.7026385451882433 
4.8  0.7026264226887203 
4.9  0.7026150728800463 
5.0  0.70260442268709 
