#mmax= 10
#m-states: all states (FBR)
#Nr. of sites: 36
 
0.0  0.0 
0.1  0.022975144193560615 
0.2  0.07702571369266945 
0.3  0.160054584654577 
0.4  0.2919845623654974 
0.41  0.31098338303423917 
0.42  0.3320982841258414 
0.43  0.3559458652652507 
0.44  0.3835693879967348 
0.45  0.4162502590339208 
0.46  0.45576250355675824 
0.47  0.5037831457463866 
0.48  0.5604720962613546 
0.49  0.6223344944492865 
0.5  0.6806052475493531 
0.51  0.7255938144270018 
0.52  0.7535869521706144 
0.53  0.7672752024496455 
0.54  0.7718977473479042 
0.55  0.7718984306619869 
0.56  0.7697885053057955 
0.57  0.7669687606396528 
0.58  0.7640490362803437 
0.59  0.7612799384182378 
0.6  0.7587551361038526 
0.7  0.7442735406259885 
0.8  0.738478836534646 
0.9  0.7354137131109456 
1.0  0.733581063674429 
1.1  0.7322603361363442 
1.2  0.7313139537662644 
1.3  0.7305617348054873 
1.4  0.7299034078168118 
1.5  0.7294301998462709 
1.6  0.7290201827783349 
1.7  0.72866322343577 
1.8  0.7283754474260058 
1.9  0.7280917472187945 
2.0  0.7278588808713187 
2.1  0.727641581960283 
2.2  0.727448451078525 
2.3  0.7272894630826785 
2.4  0.7271346481106115 
2.5  0.7270057268632292 
2.6  0.7268744676639394 
2.7  0.7267700836478242 
2.8  0.7266615974902264 
2.9  0.7265589943503363 
3.0  0.7264651802451322 
3.1  0.7263757760431861 
3.2  0.7262916685394486 
3.3  0.7262159792001367 
3.4  0.7261399136524228 
3.5  0.7260685639819298 
3.6  0.7260011328200181 
3.7  0.725936852243702 
3.8  0.7258757972449004 
3.9  0.725816895463095 
4.0  0.72576139097261 
4.1  0.7257082781207848 
4.2  0.7256573946161234 
4.3  0.7256084866268384 
4.4  0.7255619375244542 
4.5  0.7255169372213452 
4.6  0.7254740912847358 
4.7  0.7254325287525045 
4.8  0.7253927349946423 
4.9  0.7253546131279325 
5.0  0.7253180637453304 
