0.0  -0.0  0.0
0.1  0.006501068152107485  0.000255388518092915
0.2  0.02697782778013179  0.000522911673006742
0.3  0.06744203198259006  0.0008351286397783607
0.4  0.14979480268264858  0.0012769212537423235
0.41  0.16231078304402577  0.0013343471806400071
0.42  0.17863542844754363  0.0014053717216832037
0.43  0.19766676831856417  0.0014897513835165088
0.44  0.22143087179712223  0.0015897043239188043
0.45  0.24796151059305915  0.001691477156532472
0.46  0.2828223461388699  0.0018307534903575493
0.47  0.3275427568396447  0.0019946755674279427
0.48  0.3926405946191512  0.0022294574135865936
0.49  0.45666980711746746  0.002460548522806384
0.5  0.5344189238625752  0.002730806379524654
0.51  0.6027112497525374  0.002962265826727688
0.52  0.652312468467803  0.0031274230169919003
0.53  0.6924312456415979  0.0032471303784216
0.54  0.703481903783745  0.003291793711490593
0.55  0.7117222945463803  0.003297890548232151
0.56  0.7192909803786708  0.0033260586396005147
0.57  0.7188672047805338  0.0033141458852961217
0.58  0.7150595858348283  0.003309458127690025
0.59  0.7126681791540019  0.0032940187509558276
0.6  0.7137065921194304  0.003293890511875164
0.7  0.7115595277813921  0.00326642537425258
0.8  0.7078778714161987  0.0032519875896902008
0.9  0.7074978205127337  0.0032509187169243673
1.0  0.7099072513769391  0.0032542395492867584
1.1  0.700661219730155  0.003225563814660013
1.2  0.7036200710214598  0.0032310777661394264
1.3  0.7055980211340707  0.003239266896539177
1.4  0.705247346306673  0.003240127840049787
1.5  0.7015455262737528  0.0032268053812628578
1.6  0.7072584443931019  0.003241911394366258
1.7  0.7017205756792817  0.0032235919758648243
1.8  0.7035632834732715  0.003228859614609411
1.9  0.7021478735684314  0.003226317858133106
2.0  0.7093390950268041  0.0032444191367383005
2.1  0.7013702076915581  0.0032190317965314586
2.2  0.7048001549251152  0.003231314271430395
2.3  0.7008996504444011  0.0032196897358344914
2.4  0.7011233501158312  0.00322024145636676
2.5  0.7047601459051958  0.003227662666017414
2.6  0.7046616659618378  0.003234377195819866
2.7  0.6937580061993565  0.0031988005042218126
2.8  0.6997998618765865  0.0032173004496412073
2.9  0.706618285711223  0.0032321865953939158
3.0  0.6998746453975394  0.003217411945006759
3.1  0.7027251258740154  0.003225746239962436
3.2  0.703663268129086  0.0032272191780258327
3.3  0.6980939435257746  0.0032098927975829487
3.4  0.7003462008816371  0.0032160918474110527
3.5  0.7050956035848676  0.0032369559696492005
3.6  0.7036832762673069  0.0032286785274233645
3.7  0.7002871320842025  0.0032171593987637996
3.8  0.7017898148313362  0.003219984915448462
3.9  0.7025754006090812  0.0032270710015991923
4.0  0.7046023807463226  0.0032276276592543224
4.1  0.7035402873481618  0.0032296197756633113
4.2  0.7038130667801504  0.003229309422249302
4.3  0.6988388436275724  0.003213188218720638
4.4  0.6993847148291867  0.00321431855865226
4.5  0.7014407408373304  0.003220341154426678
4.6  0.704557201507557  0.003230143804020882
4.7  0.712234015089834  0.0032498723489987474
4.8  0.6991467037149888  0.003211757579992708
4.9  0.7037018423607316  0.0032249186927381266
5.0  0.7056872942365994  0.0032310111750366416
0.0  -0.0  0.0
0.1  0.006610675628422456  0.0002575188601921172
0.2  0.026369463700457174  0.0005168522877309598
0.3  0.06764249073407384  0.0008362594876470073
0.4  0.14962707260023267  0.001283038535687827
0.41  0.16053621004729307  0.0013310018202318166
0.42  0.17865897678702358  0.001405548341298997
0.43  0.1963966135346942  0.0014827203578953983
0.44  0.22116801220463606  0.0015805532639177
0.45  0.24724333580383234  0.0016880009207903667
0.46  0.2824075989108094  0.0018237688104569168
0.47  0.32645458822247925  0.0020072742098015627
0.48  0.38740902553254475  0.0022082634003217924
0.49  0.45777033227636893  0.002464741155391739
0.5  0.5328391358215209  0.0027237339200477297
0.51  0.6055662168452051  0.0029688408872019256
0.52  0.6533515676995861  0.003139515943419922
0.53  0.688040739246027  0.0032416369790037587
0.54  0.7012326563188461  0.003272110585737103
0.55  0.711719667901162  0.0033137944838389846
0.56  0.7183048649651322  0.0033157088808659987
0.57  0.7141460366162852  0.003314103612086452
0.58  0.7147759750860405  0.0033048335191355263
0.59  0.7116389500622529  0.003297260351416847
0.6  0.7126784839218674  0.003293000707205693
0.7  0.7121717706654221  0.0032753185545704795
0.8  0.7045715478475783  0.0032427240817220503
0.9  0.7056806732297434  0.003243994478896959
1.0  0.7110613247587206  0.003250519850581052
1.1  0.7057609110556519  0.003240615959501495
1.2  0.706866614087577  0.003239400545576349
1.3  0.7043338783545703  0.0032386287619817146
1.4  0.7077787685251007  0.003247221638315627
1.5  0.6980365833881477  0.0032100667652778803
1.6  0.7079621828037764  0.003238912906722046
1.7  0.706809113173306  0.0032342111236208252
1.8  0.7073436913255188  0.003240030599772795
1.9  0.7075797570391241  0.0032470687089694323
2.0  0.7067253148160164  0.00323560086936638
2.1  0.7015456819704882  0.0032281053536098894
2.2  0.7026757172880063  0.0032314634259603273
2.3  0.7067707818814748  0.0032372402021269803
2.4  0.7048145561243608  0.0032310277656699307
2.5  0.7013285394879224  0.003222232179523386
2.6  0.7077784035474407  0.003243324629758943
2.7  0.7044471173410002  0.003235523844671505
2.8  0.7057242083180669  0.003229372279737291
2.9  0.7035951396111955  0.003225964896506646
3.0  0.702480932048233  0.003225202239523268
3.1  0.7048033229354731  0.0032346077074755127
3.2  0.7039672428412851  0.0032310436699431316
3.3  0.7014593440984883  0.003218088522900657
3.4  0.7039972866325799  0.0032256577777285316
3.5  0.7021926989321844  0.0032242402799205643
3.6  0.705547160202547  0.0032292112468802073
3.7  0.6997336642499645  0.003215296368438418
3.8  0.7001522106591843  0.00321279384307767
3.9  0.7074913176759742  0.0032410037128337336
4.0  0.7034873717323511  0.0032283845588249272
4.1  0.6994545453714901  0.0032124302452526655
4.2  0.7059148167608597  0.003237265595718611
4.3  0.7065971687109804  0.003236726966227079
4.4  0.7019319918675916  0.0032189456966035396
4.5  0.698211741866881  0.003212758482107195
4.6  0.7002544658292297  0.003216847923932586
4.7  0.7011185573695824  0.0032196517933853587
4.8  0.6953922394710754  0.0031988241625686338
4.9  0.6991617160070399  0.003216937810890585
5.0  0.7022363704800806  0.003222017467633959
