#mmax= 10
#m-states: all states (FBR)
#Nr. of sites: 36

0.0  0.0 0.0 0.0 NaN NaN 0.0 
0.1  -0.00112 0.0019905846076644926 0.3962427080270802 -0.020321498466783532 9.858523390143255 0.0 
0.2  0.00348 0.003979250839086723 1.5834437240372392 0.006639396712139362 2.43373578338033 0.0 
0.3  -0.00352 0.005983262829789522 3.579943409034092 -0.0011746115140886253 0.9554319764870165 0.0 
0.4  -0.01194 0.008057221825929549 6.49188235522355 -0.01276992845419638 0.4801970695964273 0.0 
0.41  -0.00256 0.008259964693276075 6.822701673416734 0.0014768017931910092 0.4621807292764628 0.0 
0.42  0.00928 0.008520930986614595 7.260626487864878 -0.012311198983172301 0.3693480705958274 0.0 
0.43  0.00092 0.008711828194788105 7.589595049550498 0.005854716740659652 0.35602817459663294 0.0 
0.44  -0.01138 0.00896329785085175 8.034070836308363 0.001804071097190787 0.3400910441118685 0.0 
0.45  0.0064 0.009238811826010938 8.535564395643956 0.012971900964766444 0.32488927433425063 0.0 
0.46  -0.00102 0.009509852468305683 9.04372939689397 -0.01939382894500654 0.24426125899648143 0.0 
0.47  -0.00064 0.00973764571759731 9.48217441214412 0.0017194783310378915 0.28146115059699817 0.0 
0.48  -0.0087 0.010009827424409009 10.019664506645068 0.006724486624126043 0.245829409138822 0.0 
0.49  0.00022 0.010298148378936882 10.605186003460034 0.00042045067483258543 0.17454129652952455 0.0 
0.5  0.00494 0.010618233536367257 11.274688343283433 -0.007365789482290188 0.17158379092820208 0.0 
0.51  -0.01464 0.010873887948585417 11.824143911839117 -0.0014178116174814869 0.15978267517046296 0.0 
0.52  -0.01092 0.011110429422502963 12.344164195241952 -0.01503557829339376 0.13224304031055167 0.0 
0.53  0.00952 0.011353712289988134 12.89067827638276 -0.000691312379561674 0.1390341163805755 0.0 
0.54  0.01196 0.011575832997374134 13.399990958309582 0.0031707930523826337 0.10710453331671399 0.0 
0.55  -0.02288 0.011759121898572117 13.827694782547828 0.009593762262318211 0.11478078505679967 0.0 
0.56  0.01484 0.011895276908089496 14.14976127201272 -0.008591879330082635 0.09361983282452035 0.0 
0.57  -0.00316 0.012029885590705893 14.471814732547328 -0.011068838477947882 0.07072657098591018 0.0 
0.58  -0.01554 0.012247362371663975 14.999788506285062 -0.009581816266249822 0.07649524142914554 0.0 
0.59  -0.00768 0.012400199507486897 15.376494782547825 -0.0037649819855640264 0.08906750192658075 0.0 
0.6  -0.00988 0.012516125214694198 15.665339038990389 0.008500371323960946 0.054304922566893676 0.0 
0.7  0.02434 0.01359686450587943 18.48747243912439 -0.008511767108849013 0.0670498178092096 0.0 
0.8  -0.00496 0.014433801901452483 20.833463733037334 0.0057015237069467945 0.018704956032248532 0.0 
0.9  0.02369 0.01504930405881038 22.648155265452658 -0.009008734515009217 0.020639754624325768 0.0 
1.0  0.02967 0.015714024507320273 24.69305662166622 0.009744140615195348 -0.015190904830041152 0.0 
1.1  -0.01291 0.016164394396186388 26.128764619546192 -0.005382888182718076 0.0013765905445950466 0.0 
1.2  0.02423 0.016583641917347125 27.50171792427926 -0.0050053478198243875 -0.02795825169376842 0.0 
1.3  0.0005 0.017069074697625242 29.135331103311028 0.010751096189815554 0.021627966560101797 0.0 
1.4  -0.01482 0.01742526441906695 30.36398400744007 -0.0027790156736099583 0.025567838064380677 0.0 
1.5  -0.02047 0.017816657490220808 31.743328412384123 -0.006240795113631503 0.006093651710787906 0.0 
1.6  -0.02527 0.018206054731195572 33.14604288752887 -0.006412059687582958 0.007340646554525598 0.0 
1.7  0.01116 0.018523293056793566 34.311238566785676 -0.002398325486029458 0.019381047354582126 0.0 
1.8  0.00626 0.018864229820368155 35.585916671566714 0.011426200054287136 0.000449109526871716 0.0 
1.9  -0.00654 0.019139342607005973 36.63144354283543 -0.0024114889476176925 0.0017285844348973178 0.0 
2.0  -0.00789 0.019426586200398516 37.739225140151405 -0.00021571603733607877 -0.0004707783957993428 0.0 
2.1  -0.01475 0.019675741300468383 38.713479572295725 -0.011109591419339431 0.029189304162356322 0.0 
2.2  0.05142 0.020022661384183897 40.0906968905689 -0.0017948559568334392 0.010089664083761551 0.0 
2.3  -0.01413 0.02020393984902089 40.81991854228542 0.014031294422238185 0.01245843054480833 0.0 
2.4  -0.00952 0.02042795307192248 41.73012667086671 0.009697008349125588 0.015824562571585155 0.0 
2.5  -0.03323 0.02065246529870536 42.652432291422905 -0.0038485010830630025 -0.0031002515642710726 0.0 
2.6  -0.01181 0.020956600321377753 43.91790970299701 -0.010946152398904655 0.012294584558858013 1.524101926e-315 
2.7  0.00775 0.02115341991373358 44.74671740467405 -0.0018243413204567594 0.0004470380985654998 2.793100377099214e-309 
2.8  0.00653 0.021394678097917463 45.773225091350916 0.006233698951371637 -0.03526834446716087 5.565155234511489e-303 
2.9  0.07152 0.021603817166074183 46.67249161451616 -0.0064151869273628105 0.002284670014915058 2.686587631811117e-303 
3.0  -0.05078 0.021971682718089997 48.275484146441464 0.008746651630406468 0.014509152249262858 5.932739635655878e-296 
3.1  -0.02649 0.022057056647170295 48.65137479364793 -0.004169274821146964 0.0011879500697027368 4.280415684827269e-290 
3.2  0.01868 0.02221753016792073 49.36186467624677 -0.006299334019595131 0.0024138897171819274 4.48815113292509e-281 
3.3  -0.00311 0.02246437735085256 50.46482497614976 -0.008442022566402347 -0.011641455567938497 9.041996310638611e-283 
3.4  0.00184 0.02267454756979894 51.413510749507495 -0.0041238485468759 0.0467288686713192 3.749707381811291e-278 
3.5  0.00342 0.022813217385210582 52.04428874648744 -0.0058905954020434526 0.020240072259920083 4.3614885882462305e-263 
3.6  -0.00823 0.02303231919604006 53.048772754827546 0.007471364383122349 0.017899190904192785 6.376901856496043e-270 
3.7  0.03715 0.02313798721668599 53.536645243952435 -0.0012910935286882244 0.004197786943138215 1.520247851439736e-262 
3.8  -0.03408 0.023332090120696303 54.438642940029396 0.006296756012126471 0.022987020294615412 1.5784149324239188e-261 
3.9  -0.02526 0.02347502353760909 55.10767300913009 -0.0029723203537722785 0.012453744285953583 2.76540476589603e-259 
4.0  -0.01383 0.02357435353965084 55.575014481244814 0.0035512526040102264 0.019850097797713406 2.824971917584251e-259 
4.1  -0.00135 0.023819025068934966 56.73459552345524 0.01192778131439606 -0.004876801829072797 1.6299206958281292e-258 
4.2  -0.02108 0.02392267291250693 57.22942792787928 0.0006258728510327648 -0.00457080270758059 6.046058320700753e-244 
4.3  -0.00851 0.02422619336345371 58.69084448834487 -0.007050847991247566 -0.04637390109502304 2.0556250879358146e-244 
4.4  0.00468 0.02420296756210668 58.578363881238815 -0.0014804491149305998 0.04375165466537467 1.6851843504680655e-240 
4.5  -0.02419 0.02442812345988037 59.67332157711577 0.017186227698546944 0.010097937798089873 2.99846768265169e-238 
4.6  0.01887 0.024557140911814174 60.30531697626975 0.0012700612440878188 -0.008864683381743177 1.1584236642328763e-235 
4.7  -0.03182 0.024637717935057427 60.70171450474505 -0.004478526486601534 0.03834171565715172 5.373585059794209e-229 
4.8  0.00523 0.024871944286829005 61.861361260712606 -0.0019471290271529606 0.012105451355932662 1.0777087897058225e-232 
4.9  0.04707 0.025075079895133284 62.87596317473174 -0.004152450688441523 0.013294727022362451 3.2605082259772596e-227 
5.0  0.01414 0.025119886757131428 63.10087106911069 -0.007669874640621131 -0.0036383954977714517 1.871914258675395e-224 
