#mmax= 10
#m-states: all states (FBR)
#Nr. of sites: 36
 
0.0  4.4938796461053126e-61 
0.1  0.002481028192820829 
0.2  0.009691452659557384 
0.3  0.020902359944245493 
0.4  0.034672386704753914 
0.41  0.03609830185523426 
0.42  0.037518011805648906 
0.43  0.03892601886619722 
0.44  0.04031670023836805 
0.45  0.04168193712642058 
0.46  0.043012838173778205 
0.47  0.044298177508996575 
0.48  0.045525335881191425 
0.49  0.04668235022391749 
0.5  0.04776500313745321 
0.51  0.04878152574759609 
0.52  0.04974888837201446 
0.53  0.050683383767313364 
0.54  0.051595011330062376 
0.55  0.05248707313754696 
0.56  0.05336182963400676 
0.57  0.054218457747653416 
0.58  0.05505816736406566 
0.59  0.05588065516360525 
0.6  0.05668661528918519 
0.7  0.06398739642815765 
0.8  0.07027612061908384 
0.9  0.07589057879995766 
1.0  0.0810250895314951 
1.1  0.08579799334116352 
1.2  0.09028741151168643 
1.3  0.09454610202296074 
1.4  0.09861137859051265 
1.5  0.10251145594488079 
1.6  0.10626821566791048 
1.7  0.10989789216558378 
1.8  0.11341375683283736 
1.9  0.1168278509779404 
2.0  0.12014753142471403 
2.1  0.12338100909375371 
2.2  0.12653518571826508 
2.3  0.12961603477788394 
2.4  0.13262883268328496 
2.5  0.13557684370861045 
2.6  0.13846569114256282 
2.7  0.14129811796935157 
2.8  0.14407776273067324 
2.9  0.14680694553860407 
3.0  0.14948889022441905 
3.1  0.152125674354667 
3.2  0.154718910806838 
3.3  0.15727258121946394 
3.4  0.1597864599362895 
3.5  0.16226408566504957 
3.6  0.16470565472253185 
3.7  0.16711361655767212 
3.8  0.1694913976798659 
3.9  0.17183179007149335 
4.0  0.17414920494639854 
4.1  0.17643199573596152 
4.2  0.17868975598969142 
4.3  0.18091869151189172 
4.4  0.18312179661130376 
4.5  0.18529980851050395 
4.6  0.18745405517422514 
4.7  0.18958491933278065 
4.8  0.1916935991475837 
4.9  0.1937797631096498 
5.0  0.1958439063886628 
