#mmax= 10
#m-states: all states (FBR)
#Nr. of sites: 36
 
0.0  -3.143323810326349e-14 
0.1  9.629868527067123e-9 
0.2  -4.020416905127816e-7 
0.3  -3.579017369167389e-7 
0.4  9.171540283917993e-7 
0.41  2.48226889252809e-5 
0.42  2.3324752731036536e-6 
0.43  -8.81722394132661e-6 
0.44  8.078915388493914e-6 
0.45  -2.2547110731655544e-5 
0.46  -3.242875858087455e-5 
0.47  0.00012636206192693448 
0.48  0.00015657480102618875 
0.49  -0.0004778174036033266 
0.5  -0.0006769855508168246 
0.51  0.0020281840607371034 
0.52  0.00206076751727601 
0.53  0.004068586882217028 
0.54  0.0032997117147282916 
0.55  0.005462495249948764 
0.56  0.005672175831614723 
0.57  0.005486495090051233 
0.58  0.004367647901019225 
0.59  0.004936213105401195 
0.6  0.003972769777567947 
0.7  -0.08322485616041428 
0.8  0.08827684900809253 
0.9  0.2968737851225536 
1.0  0.29110137605465464 
1.1  0.4626519683093151 
1.2  0.534041213351725 
1.3  0.6175606031581059 
1.4  0.7494269271406221 
1.5  0.7674606331011714 
1.6  0.7969131268226949 
1.7  0.8265695434660205 
1.8  0.8274483669103471 
1.9  0.8618777567702786 
2.0  0.870417713703574 
2.1  0.8872342278115378 
2.2  0.8991371912609364 
2.3  0.8924096439677898 
2.4  0.8961622734356446 
2.5  0.8843576473145113 
2.6  0.8880941686949912 
2.7  0.872014606715052 
2.8  0.8702984241858918 
2.9  0.8700168355778602 
3.0  0.867634940105292 
3.1  0.86711136025851 
3.2  0.8661478803529182 
3.3  0.8616994521763888 
3.4  0.8629935256557769 
3.5  0.8635505118323341 
3.6  0.863923563214882 
3.7  0.8646382349914279 
3.8  0.8656225138249228 
3.9  0.86685205463874 
4.0  0.8678730183125649 
4.1  0.8687267403268183 
4.2  0.8697382218337362 
4.3  0.87083494492211 
4.4  0.8716496900193921 
4.5  0.872877297925451 
4.6  0.8736188209968057 
4.7  0.8748914295336374 
4.8  0.8757718367012984 
4.9  0.876441631942803 
5.0  0.8769237458379748 
