#mmax= 10
#m-states: all states (FBR)
#Nr. of sites: 36

0.0  -0.0  0.0
0.1  -0.0  6.469508730002675e-19
0.2  -0.0  2.7489761735328946e-19
0.3  -0.0  2.702420418876597e-19
0.4  -0.0  3.044699396397378e-19
0.41  3.0000450008974692e-5  1.7320854493644696e-5
0.42  2.000020000268671e-5  1.4142347759124079e-5
0.43  -0.0  2.9960542032298873e-19
0.44  5.000125004166272e-5  2.2361350619982244e-5
0.45  9.000403584771381e-5  3.0001495300338053e-5
0.46  9.000405021507076e-5  3.0001500089712225e-5
0.47  0.00022002420061883855  4.690955183042691e-5
0.48  0.00023002644513951017  4.796406935238608e-5
0.49  0.0003600645721503467  6.001106239841578e-5
0.5  0.0004801133316269936  6.929873743002685e-5
0.51  0.0006001800312713676  7.748329744016401e-5
0.52  0.000680218625396055  8.24890391979038e-5
0.53  0.0009404420586093436  9.699968058578059e-5
0.54  0.0011506533528148654  0.00010729952065492217
0.55  0.0014610236772652435  0.0001209157998862375
0.56  0.0014510429483959714  0.00012050317060387384
0.57  0.0018016085487424565  0.00013428466168023394
0.58  0.0018416188739685203  0.0001357666470669157
0.59  0.0022825765470661226  0.0001511681128507442
0.6  0.0024025149330370813  0.00015508277075202816
0.7  0.005183864825845725  0.0002368535266415456
0.8  0.008441481780718576  0.0002910917526464294
0.9  0.011551566140349167  0.00034079184597696243
1.0  0.014787800116489712  0.00038574657056323757
1.1  0.019256906902461325  0.0004407145033169378
1.2  0.021438002248383964  0.0004651809763617409
1.3  0.02542975554720963  0.0005073283786571428
1.4  0.028860859368704257  0.0005539629177010118
1.5  0.0336800760933577  0.0005860095099033688
1.6  0.03533880947515869  0.0006019204395710337
1.7  0.039968846081226896  0.0006437109768359312
1.8  0.042358824991305256  0.0006616602790446733
1.9  0.04697033707862532  0.0007125004626133889
2.0  0.05039532838784017  0.0007267793977585103
2.1  0.05347510391658337  0.000763301513329566
2.2  0.056960349990831875  0.0007800178680702056
2.3  0.061496413383841764  0.0008129654822113847
2.4  0.0618965966025353  0.0008143014153972112
2.5  0.06622011294391791  0.0008432937912057599
2.6  0.06887902152717874  0.0008523289768692631
2.7  0.0716549335033698  0.0008854823870004778
2.8  0.07459469694053664  0.0009062346123194555
2.9  0.07758746361809152  0.0009264530295686768
3.0  0.08118814785828371  0.0009452070401410565
3.1  0.08323739473693616  0.000946480708183529
3.2  0.08627827725238199  0.00097881387406619
3.3  0.08912342235495414  0.0009943956141377408
3.4  0.08987718333727598  0.0010044359572151638
3.5  0.09521618187953666  0.0010196095865253774
3.6  0.09405910294860119  0.0010382801615154117
3.7  0.09846703045627767  0.0010510577303065585
3.8  0.1003627325901836  0.001065497293563422
3.9  0.1035508079177523  0.001074997721666413
4.0  0.10589017851914133  0.001100498688208892
4.1  0.1097401169310155  0.0011145884576222824
4.2  0.10732295163194283  0.0011274928059027069
4.3  0.1125709303205522  0.001150752922174259
4.4  0.11365027585866469  0.0011368239336112076
4.5  0.11543031358549828  0.001145702780802188
4.6  0.11770709389762209  0.0011691947819558548
4.7  0.11951359419993773  0.0011839602978421589
4.8  0.12177213153107505  0.0011753216519821016
4.9  0.1254910547164239  0.001197602122996171
5.0  0.12593058608467783  0.001204586110868732
