#mmax= 10
#m-states: all states (FBR)
#Nr. of sites: 36

0.0  1.0  0.0
0.1  1.0  6.469508730002675e-19
0.2  1.0  2.7489761735328946e-19
0.3  1.0  2.702420418876597e-19
0.4  1.0  3.044699396397378e-19
0.41  0.99997  1.7320334868009888e-5
0.42  0.99998  1.4142064912168896e-5
0.43  1.0  2.9960542032298873e-19
0.44  0.99995  2.2360232552451247e-5
0.45  0.999910000014394  2.9998795166192863e-5
0.46  0.9999100000000279  2.999879995470499e-5
0.47  0.9997800000029304  4.6899231729161683e-5
0.48  0.9997700000089148  4.795303761686262e-5
0.49  0.9996400002433182  5.9989458430554136e-5
0.5  0.9995200019043358  6.92654741680285e-5
0.51  0.9994000000407366  7.743680746485633e-5
0.52  0.9993200126708461  8.243294769645515e-5
0.53  0.99906000001843  9.690850088781766e-5
0.54  0.9988500083949159  0.00010717612710693947
0.55  0.9985400430982362  0.0001207392680296613
0.56  0.9985500093054064  0.0001203284421278292
0.57  0.9982000133737696  0.00013404295108510164
0.58  0.9981600758655556  0.00013551684673632469
0.59  0.9977200265498145  0.00015082345356692988
0.6  0.9976003687961016  0.00015471062929614456
0.7  0.9948295482142828  0.0002356288869017684
0.8  0.9915940474831102  0.0002886448491956253
0.9  0.988514897035709  0.00033687781653652624
1.0  0.9853210024226595  0.00038008419758847243
1.1  0.9809273228688069  0.0004323088978881397
1.2  0.9787901583772115  0.00045531456152717427
1.3  0.9748908572354005  0.0004945897979689078
1.4  0.9715516373705253  0.0005382035797349716
1.5  0.9668807834395228  0.0005666013340383801
1.6  0.9652783154088364  0.0005810207479192737
1.7  0.9608193719747286  0.0006184899764967385
1.8  0.9585257758542438  0.000634218432323231
1.9  0.95411569902958  0.0006798078769452727
2.0  0.9508534508272897  0.0006910606983488588
2.1  0.9479295404429471  0.0007235560527499015
2.2  0.9446315232725528  0.0007368294668949675
2.3  0.9403563184305466  0.0007644772278634117
2.4  0.9399800788997126  0.0007654271086932182
2.5  0.935924832447157  0.0007892596002379786
2.6  0.9334395993448636  0.0007955976186788625
2.7  0.9308520462533718  0.0008242530918607148
2.8  0.9281195798127305  0.0008410940875976857
2.9  0.9253460867404052  0.0008572896854601679
3.0  0.9220201989982679  0.0008714999832454207
3.1  0.9201326866333642  0.0008708878368675598
3.2  0.9173389211438263  0.0008979040632364878
3.3  0.9147326681470123  0.0009096061533139026
3.4  0.914043438142483  0.0009180980957268843
3.5  0.9091763657661196  0.0009270049383774385
3.6  0.9102289634353073  0.0009450726751716166
3.7  0.906225569965298  0.0009524953907134935
3.8  0.9045092635353844  0.000963752172299996
3.9  0.9016302116244463  0.0009692504232818857
4.0  0.8995234296467665  0.00098992435433943
4.1  0.8960669776754957  0.000998745910573591
4.2  0.898235539509933  0.001012754108803586
4.3  0.893533966210081  0.0010282368226782062
4.4  0.8925700546009261  0.001014695000494995
4.5  0.890982659460656  0.0010208013105906025
4.6  0.8889563952376975  0.0010393631786982025
4.7  0.8873519448973037  0.0010505894729714307
4.8  0.8853500888881141  0.0010405711290544786
4.9  0.8820636547012659  0.0010563613054879975
5.0  0.8816760452457253  0.0010620547183886725
