#mmax= 10
#m-states: all states (FBR)
#Nr. of sites: 36
 
0.0  9.410582064237326e-31 
0.1  1.7665767588068182 
0.2  3.6408009678569595 
0.3  5.778987069124379 
0.4  8.506238785852629 
0.41  8.838418173145401 
0.42  9.187289241795936 
0.43  9.555207964762218 
0.44  9.945703657284339 
0.45  10.362058445040846 
0.46  10.809106341330702 
0.47  11.291041472843501 
0.48  11.809143257695702 
0.49  12.357207736029197 
0.5  12.91560255162953 
0.51  13.45527913480269 
0.52  13.953108276025745 
0.53  14.399912522788316 
0.54  14.79867564365687 
0.55  15.158622974285933 
0.56  15.48589560831947 
0.57  15.788359222220466 
0.58  16.0687320785178 
0.59  16.332143717278274 
0.6  16.579988148820213 
0.7  18.494650343102283 
0.8  19.81501128182877 
0.9  20.817440168522285 
1.0  21.621629068639507 
1.1  22.290421194781366 
1.2  22.860778069379734 
1.3  23.356303187242155 
1.4  23.793078438640453 
1.5  24.182359184201285 
1.6  24.532587308739778 
1.7  24.85011235278357 
1.8  25.139852040715724 
1.9  25.405719975785594 
2.0  25.650938480952444 
2.1  25.878085667805287 
2.2  26.089291243752566 
2.3  26.28637653974481 
2.4  26.470835851101505 
2.5  26.644003342868643 
2.6  26.806969834379444 
2.7  26.96072835157536 
2.8  27.10609187024083 
2.9  27.24383089858733 
3.0  27.374567569788674 
3.1  27.49888908357233 
3.2  27.61730500810091 
3.3  27.73026624262651 
3.4  27.83817673254495 
3.5  27.941416895978854 
3.6  28.04029523399724 
3.7  28.135124936750444 
3.8  28.226124054828873 
3.9  28.313693570885775 
4.0  28.397843088858355 
4.1  28.47894369355499 
4.2  28.55711244013319 
4.3  28.632533676115838 
4.4  28.70536732909573 
4.5  28.775752360166155 
4.6  28.843817902106213 
4.7  28.90969227379376 
4.8  28.973495728809233 
4.9  29.035329062541678 
5.0  29.095299328599683 
