#mmax= 10
#m-states: all states (FBR)
#Nr. of sites: 36
 
0.0  0.0 
0.1  -0.8642562341884883 
0.2  -1.6616468673202478 
0.3  -2.3117131989754895 
0.4  -2.691581939507843 
0.41  -2.7066509660914835 
0.42  -2.716040166319389 
0.43  -2.719163481246789 
0.44  -2.715243620803218 
0.45  -2.7034463710621606 
0.46  -2.6826442952705305 
0.47  -2.6517426932525026 
0.48  -2.610114744412128 
0.49  -2.558514883704784 
0.5  -2.5003625651007244 
0.51  -2.4412718410603977 
0.52  -2.3861715905024776 
0.53  -2.337526293139748 
0.54  -2.2953880035667513 
0.55  -2.258427264276271 
0.56  -2.2257833535118445 
0.57  -2.1961518797380233 
0.58  -2.169189526719997 
0.59  -2.1440576401822073 
0.6  -2.120602098183027 
0.7  -1.941361876376547 
0.8  -1.8159140490838115 
0.9  -1.7179461799754783 
1.0  -1.6371500191204278 
1.1  -1.5682778531898929 
1.2  -1.5083043832624554 
1.3  -1.455258965088265 
1.4  -1.4077622914124188 
1.5  -1.3648745241440567 
1.6  -1.3258439125066135 
1.7  -1.2901003410051415 
1.8  -1.25719105943362 
1.9  -1.2267685015311367 
2.0  -1.1984936497732535 
2.1  -1.1721252733093677 
2.2  -1.1474623013544052 
2.3  -1.1243228417312008 
2.4  -1.1025641050533206 
2.5  -1.0820332674706872 
2.6  -1.0626380228953476 
2.7  -1.044262047247802 
2.8  -1.026831199342777 
2.9  -1.010252055282013 
3.0  -0.9944690038200839 
3.1  -0.9794139563539832 
3.2  -0.96502914205639 
3.3  -0.9512785024497913 
3.4  -0.9381039572732534 
3.5  -0.9254743487869899 
3.6  -0.9133493773501455 
3.7  -0.9016980905774505 
3.8  -0.8905191524720858 
3.9  -0.8796831960149071 
4.0  -0.8693140250695797 
4.1  -0.85925794760574 
4.2  -0.8495680477084466 
4.3  -0.8401917275344998 
4.4  -0.8311228127614713 
4.5  -0.8223457288945137 
4.6  -0.8138494615557502 
4.7  -0.8056159505591202 
4.8  -0.7976327790190927 
4.9  -0.7898838033168276 
5.0  -0.782354564083673 
