#mmax= 10
#m-states: all states (FBR)
#Nr. of sites: 24
 
0.0  12.000000000000009 0.020833333333332593 
0.1  14.755066480880359 0.030503170775946775 
0.2  19.024706205578653 0.0465589872935096 
0.3  26.790547898768313 0.07906638492272211 
0.4  46.44969615294049 0.17491197585985274 
0.41  50.218148359001184 0.1937758680773346 
0.42  54.617940803285876 0.2156348453961462 
0.43  59.776762378620525 0.24054382573249167 
0.44  65.900823041085 0.2689932722772731 
0.45  73.16667324030676 0.30077242523909076 
0.46  81.84161456742223 0.33594674964863547 
0.47  92.08352932869315 0.3735133727555008 
0.48  103.97232931594722 0.41219358352519564 
0.49  117.43820655968213 0.45031153980355265 
0.5  132.1675524401141 0.4860742766532302 
0.51  147.5289390705653 0.5178056434269191 
0.52  162.8259754268621 0.5446599295886676 
0.53  177.37798071557157 0.566435824777747 
0.54  190.69372754987427 0.5835144451527265 
0.55  202.59930510837106 0.596697251897971 
0.56  213.11545643553202 0.6068193680611185 
0.57  222.38950859201168 0.6146332169862734 
0.58  230.5938036222782 0.6207233356018867 
0.59  237.93048170924254 0.6255642949804774 
0.6  244.51363146507754 0.6294438358050115 
0.7  288.65378174115506 0.6469632732964987 
0.8  315.1221766275522 0.6529386572790157 
0.9  334.0334549240215 0.6560182608746508 
1.0  348.69805718503386 0.6579193855586085 
1.1  360.6347358329857 0.6592205959619064 
1.2  370.67244649238546 0.6601738354212652 
1.3  379.3065328124809 0.6609053805972684 
1.4  386.86255596374485 0.6614866027709206 
1.5  393.5595347752941 0.6619602783316609 
1.6  399.561174055809 0.6623545800156843 
1.7  404.9856673729015 0.6626882483444891 
1.8  409.92285775783967 0.6629743485797275 
1.9  414.44483799202396 0.663222541555555 
2.0  418.60856544407505 0.6634399502195898 
2.1  422.46021070221445 0.6636319874170127 
2.2  426.0355356687461 0.6638027243944202 
2.3  429.37026143104777 0.6639557422598552 
2.4  432.4895467325973 0.6640935952549855 
2.5  435.4149564079997 0.6642183681306608 
2.6  438.1674784837744 0.6643319134244287 
2.7  440.7629512022577 0.6644356231898412 
2.8  443.2152389848634 0.6645306887703233 
2.9  445.53821573935204 0.6646181907656319 
3.0  447.7423462869342 0.6646989637767036 
3.1  449.8377125453231 0.664773759973721 
3.2  451.83312399891093 0.6648432305703048 
3.3  453.73634959310175 0.6649078932507134 
3.4  455.5538939549432 0.6649682285855641 
3.5  457.2925499903248 0.6650246666494268 
3.6  458.9573780290023 0.6650775530799355 
3.7  460.5544299919495 0.665127249195694 
3.8  462.0870285313471 0.6651739808417989 
3.9  463.55995184533344 0.6652180264671884 
4.0  464.97502971505594 0.6652595283548957 
4.1  466.33946311647946 0.665298843566508 
4.2  467.65509393788324 0.6653360890599496 
4.3  468.92563620239645 0.6653714592325368 
4.4  470.149353029679 0.6654049246147106 
4.5  471.3332106633218 0.6654367925114297 
4.6  472.47825302417124 0.6654671336184176 
4.7  473.58636214107906 0.6654960454780239 
4.8  474.6593219478514 0.6655236186589057 
4.9  475.69955650449975 0.6655499668710222 
5.0  476.7078016883013 0.66557514003754 
