#mmax= 10
#m-states: all states (FBR)
#Nr. of sites: 24
 
0.0  12.000000000000018 0.020833333333334147 
0.1  10.895650133051761 0.01704722615329557 
0.2  9.89638405608956 0.013716552837373497 
0.3  9.00227191346998 0.01089654670307405 
0.4  8.210206898500147 0.008769157032565311 
0.41  8.13566257715932 0.00860556743013896 
0.42  8.061763779791082 0.008456747768951223 
0.43  7.988438596676875 0.008313829427831765 
0.44  7.9156986397294045 0.00819533830424135 
0.45  7.843296046845467 0.008080772983202977 
0.46  7.7713156594877955 0.007989698233029197 
0.47  7.699725182405226 0.007921663986155458 
0.48  7.62855875506324 0.00787126612051725 
0.49  7.558032488534597 0.007843695435373998 
0.5  7.488463304514507 0.00783629552908216 
0.51  7.420368707793955 0.007845408136096133 
0.52  7.354290739906473 0.007866206464860803 
0.53  7.290728449613633 0.00789253850163163 
0.54  7.229894511652116 0.0079189497094867 
0.55  7.17181709037048 0.00794202020659307 
0.56  7.116312636332126 0.007960112906333361 
0.57  7.063214786067206 0.007972587873057768 
0.58  7.012232765647444 0.007980179182743297 
0.59  6.963159527967264 0.00798328671269899 
0.6  6.915812188674581 0.007982853233762133 
0.7  6.510073850089025 0.007889206659162484 
0.8  6.185976727895887 0.007742690929922302 
0.9  5.914592194216896 0.007591812836790224 
1.0  5.681072062245373 0.0074521158006021215 
1.1  5.476332839028926 0.007312826975271802 
1.2  5.294370287954371 0.007179677751650737 
1.3  5.130931641245378 0.007051288837071734 
1.4  4.982873396924465 0.006929202229056686 
1.5  4.847823061087032 0.0068154409037289865 
1.6  4.723870463907618 0.006705863531277667 
1.7  4.609509722792129 0.006601897303167403 
1.8  4.503529691908102 0.006503384936261347 
1.9  4.404931422398639 0.006410753442150807 
2.0  4.312856418320741 0.006322102547068775 
2.1  4.226607523389132 0.006237149620250015 
2.2  4.145594978715058 0.0061560722155835634 
2.3  4.069270443717721 0.006078402280270678 
2.4  3.9971997829286705 0.006003988492602974 
2.5  3.9290023231479476 0.005932736518705184 
2.6  3.8643239423015956 0.0058642878136559995 
2.7  3.802869514067402 0.005798243266760483 
2.8  3.7443839600158695 0.005734662070286167 
2.9  3.6886201752121015 0.005673303249806305 
3.0  3.635379291354492 0.005614047208406636 
3.1  3.5844678774186227 0.005556791093324409 
3.2  3.535720986814433 0.0055018074897550395 
3.3  3.488984526379631 0.005446252442848465 
3.4  3.4441249795828743 0.005395361351868133 
3.5  3.4010145715249105 0.005344234635585865 
3.6  3.3595438055131224 0.00529582936657802 
3.7  3.3196046563423676 0.0052491848881855985 
3.8  3.2811122093024188 0.005203295885223946 
3.9  3.2439763207128682 0.005158672104263462 
4.0  3.2081272303092403 0.005115421821853983 
4.1  3.173480064142259 0.005074147713980515 
4.2  3.1399612373926518 0.0050330165352264755 
4.3  3.107507107513373 0.004992789617337845 
4.4  3.0760976338787054 0.004954018488006029 
4.5  3.0456418363312308 0.004915967570131574 
4.6  3.016102804920772 0.0048789566080398306 
4.7  2.9874347337025053 0.004842855081370057 
4.8  2.9595955415197857 0.004806637814603221 
4.9  2.9325420517968785 0.004772140871021513 
5.0  2.906248901346191 0.0047401685189567555 
