#mmax= 10
#m-states: all states (FBR)
#Nr. of sites: 24
 
0.0  -1.3252321981846686e-31 
0.1  0.025768151138442306 
0.2  0.056434114403099936 
0.3  0.09857164567103005 
0.4  0.16424845814554043 
0.41  0.1730077777505005 
0.42  0.18234312787785179 
0.43  0.19230088907545884 
0.44  0.20296416418540947 
0.45  0.2143902183754451 
0.46  0.2266802019496902 
0.47  0.23985885293579368 
0.48  0.25391160320455375 
0.49  0.26873163033163505 
0.5  0.2840833249293074 
0.51  0.29957089584107616 
0.52  0.31477283252827837 
0.53  0.3292895803118465 
0.54  0.34283661982188535 
0.55  0.3553165862674672 
0.56  0.3667490518769976 
0.57  0.3772301191878111 
0.58  0.3868724852906258 
0.59  0.3958089382100109 
0.6  0.4041161580575622 
0.7  0.4665679974585618 
0.8  0.5089797480938997 
0.9  0.5410949400667353 
1.0  0.5668438025225181 
1.1  0.5882544585036359 
1.2  0.6065214546246622 
1.3  0.6223987824286548 
1.4  0.6364009844068381 
1.5  0.6488862375765756 
1.6  0.6601271224157886 
1.7  0.6703246153964091 
1.8  0.6796346669502362 
1.9  0.6881836999694729 
2.0  0.6960720322580182 
2.1  0.7033826619751165 
2.2  0.7101803510585715 
2.3  0.716528689814447 
2.4  0.7224740131174165 
2.5  0.7280560808947354 
2.6  0.7333129769438721 
2.7  0.7382741332670143 
2.8  0.7429655093298867 
2.9  0.7474123904779661 
3.0  0.7516346563665878 
3.1  0.7556508488606539 
3.2  0.7594774806761977 
3.3  0.7631293545392709 
3.4  0.7666181801933643 
3.5  0.7699571573031495 
3.6  0.7731555348857284 
3.7  0.7762246564494258 
3.8  0.7791711654326915 
3.9  0.7820039139926535 
4.0  0.7847265622170541 
4.1  0.7873524008706194 
4.2  0.7898847789761405 
4.3  0.7923306360639899 
4.4  0.794687779485333 
4.5  0.7969682574695173 
4.6  0.7991745061395558 
4.7  0.8013099847396947 
4.8  0.8033782630440301 
4.9  0.8053836635453606 
5.0  0.8073279481146688 
