#mmax= 10
#m-states: all states (FBR)
#Nr. of sites: 24
 
0.0 1.4210854715202004e-14
0.1 -0.1441054172546473
0.2 -0.5809689849939174
0.3 -1.3266031315671174
0.4 -2.4186339028110417
0.41 -2.549644277853761
0.42 -2.6850931808746736
0.43 -2.8251480070601334
0.44 -2.969996636339554
0.45 -3.119851371463362
0.46 -3.2749448551691445
0.47 -3.4355280689963905
0.48 -3.6018539693633715
0.49 -3.774151968777593
0.5 -3.9525870816282875
0.51 -4.137210516574659
0.52 -4.32792950373419
0.53 -4.524505307112882
0.54 -4.726589573868473
0.55 -4.933777082850504
0.56 -5.14565706609743
0.57 -5.361845866355068
0.58 -5.582002055074625
0.59 -5.805829664496585
0.6 -6.033074235005259
0.7 -8.456250116406963
0.8 -11.083500251890355
0.9 -13.857430015103333
1.0 -16.74533879950674
1.1 -19.72601478683247
1.2 -22.784587838489244
1.3 -25.910056510778716
1.4 -29.093948909302156
1.5 -32.32954095438269
1.6 -35.6113714457821
1.7 -38.93491150498673
1.8 -42.296354762676486
1.9 -45.692454748417944
2.0 -49.12041539937678
2.1 -52.57780483808568
2.2 -56.06249053551554
2.3 -59.57258952754729
2.4 -63.10642808919973
2.5 -66.66250982877828
2.6 -70.23949149413036
2.7 -73.83616279656323
2.8 -77.45142272129492
2.9 -81.08427214766988
3.0 -84.73379788542854
3.1 -88.3991637745551
3.2 -92.079599503058
3.3 -95.77440092318264
3.4 -99.4829124997658
3.5 -103.20452785038572
3.6 -106.9386853178793
3.7 -110.68486120509796
3.8 -114.44256839345228
3.9 -118.21135112738536
4.0 -121.99078308215857
4.1 -125.78046494385617
4.2 -129.5800217224791
4.3 -133.3891001383266
4.4 -137.20736803426308
4.5 -141.03451237304614
4.6 -144.87023701563305
4.7 -148.71426253433918
4.8 -152.56632350957887
4.9 -156.42616927730427
5.0 -160.29356129570368
