#mmax= 10
#m-states: all states (FBR)
#Nr. of sites: 24
 
0.0  0.0 
0.1  0.022974600834781256 
0.2  0.07702611657845981 
0.3  0.16004846022686056 
0.4  0.29177811750231264 
0.41  0.31060539144442045 
0.42  0.3313358406625617 
0.43  0.35432333500691426 
0.44  0.38014050927380144 
0.45  0.4092509903525474 
0.46  0.4423596921397584 
0.47  0.47958350411617273 
0.48  0.5205107592943321 
0.49  0.5638759537989065 
0.5  0.6073826582513902 
0.51  0.647795646629622 
0.52  0.682403178379707 
0.53  0.7095032919106602 
0.54  0.7288687390049562 
0.55  0.7416022227460084 
0.56  0.7492613358094435 
0.57  0.7533787845808192 
0.58  0.755166556640946 
0.59  0.7555357078995787 
0.6  0.7550449573270351 
0.7  0.7442262630362584 
0.8  0.738478430138719 
0.9  0.7354362461136876 
1.0  0.7335609326866642 
1.1  0.7322970455872659 
1.2  0.7313937761642972 
1.3  0.7307063236504161 
1.4  0.7301415303407225 
1.5  0.7296827802939103 
1.6  0.7292918274383698 
1.7  0.7289655624155985 
1.8  0.7286752331988114 
1.9  0.7284108925968759 
2.0  0.7281823136813766 
2.1  0.7279795884151996 
2.2  0.7277959657998695 
2.3  0.7276300743247258 
2.4  0.7274790253937543 
2.5  0.7273349392628861 
2.6  0.72720234752426 
2.7  0.7270812727225524 
2.8  0.7269691762369495 
2.9  0.7268643555767628 
3.0  0.7267668022045274 
3.1  0.7266750771093786 
3.2  0.7265877780012999 
3.3  0.7265064626269051 
3.4  0.7264285261674359 
3.5  0.7263559090096732 
3.6  0.7262870226413299 
3.7  0.7262217567639533 
3.8  0.7261600065393196 
3.9  0.7261012272850821 
4.0  0.7260454276964334 
4.1  0.7259918978372117 
4.2  0.7259407395786226 
4.3  0.7258915439853912 
4.4  0.7258448786572447 
4.5  0.7257999251006212 
4.6  0.7257567344652026 
4.7  0.7257152842179481 
4.8  0.7256754876203526 
4.9  0.7256371111950987 
5.0  0.7255999974137035 
