#mmax= 10
#m-states: all states (FBR)
#Nr. of sites: 24
 
0.0  -0.0 
0.1  0.006345320105149967 
0.2  0.026701620537629395 
0.3  0.06678841181139919 
0.4  0.14959856832909804 
0.41  0.1632972319050638 
0.42  0.17891324871620773 
0.43  0.19689217823090557 
0.44  0.2179120420923034 
0.45  0.242715942468143 
0.46  0.2724078843492208 
0.47  0.3078838867134713 
0.48  0.34979923002869 
0.49  0.3980320749387077 
0.5  0.4510699537957306 
0.51  0.505439335035493 
0.52  0.5569168690324567 
0.53  0.6014917454973311 
0.54  0.6367906363625155 
0.55  0.6627570995670297 
0.56  0.6807238016231734 
0.57  0.6925895778251194 
0.58  0.7001124943793482 
0.59  0.7047557829766234 
0.6  0.7074725694204179 
0.7  0.7089671128376159 
0.8  0.7071999867202132 
0.9  0.7062120940146666 
1.0  0.7055815863905441 
1.1  0.705168541430212 
1.2  0.7049045641804857 
1.3  0.7047179832544203 
1.4  0.7045399280909684 
1.5  0.7044084937612849 
1.6  0.7042876922817971 
1.7  0.7042040324120125 
1.8  0.7041177904180677 
1.9  0.7040250364024183 
2.0  0.7039557658155265 
2.1  0.7038983070285442 
2.2  0.703845274393767 
2.3  0.7037994819904216 
2.4  0.7037585431529709 
2.5  0.7037102112109767 
2.6  0.7036677556668598 
2.7  0.7036300546216374 
2.8  0.7035961889976858 
2.9  0.7035637301854784 
3.0  0.7035341471419055 
3.1  0.7035058840402098 
3.2  0.7034778308606385 
3.3  0.7034523739529294 
3.4  0.7034259477920163 
3.5  0.7034030274805974 
3.6  0.7033811243025301 
3.7  0.7033605244697416 
3.8  0.7033414724495406 
3.9  0.7033233408281682 
4.0  0.7033061050379013 
4.1  0.7032895878144786 
4.2  0.7032736980803707 
4.3  0.7032583106925371 
4.4  0.7032439060651441 
4.5  0.703229975993114 
4.6  0.7032166377854078 
4.7  0.7032038153340541 
4.8  0.7031915415736266 
4.9  0.7031796607079419 
5.0  0.7031680203220545 
