0.0  -2.2204460492503128e-16  0.0
0.1  0.0065614729179923476  0.0002565758952641246
0.2  0.026642348350583607  0.000519514875854075
0.3  0.06578268234465985  0.0008271191956579281
0.4  0.1489935345742117  0.0012732364669221401
0.41  0.1647121364622104  0.0013454862268630014
0.42  0.17861182525164912  0.0014089716655671539
0.43  0.19506021739635757  0.0014756055191388064
0.44  0.21597977326267237  0.0015833498425277296
0.45  0.24178067821080862  0.0016678919624436065
0.46  0.2758383931152162  0.0017995277208148822
0.47  0.3108783882237681  0.0019289103327377135
0.48  0.3502006412311493  0.0020700889578587765
0.49  0.3998749498424292  0.0022433248322849624
0.5  0.4489881565046245  0.00242887299009677
0.51  0.5033527279141348  0.0026139085236345106
0.52  0.5570567930256627  0.002786913144238141
0.53  0.6014380196898408  0.0029324439487413106
0.54  0.6384725567337282  0.0030529977010170695
0.55  0.6637439440367737  0.003142070468948024
0.56  0.675545371654571  0.0031774540804100334
0.57  0.6929323467516033  0.0032286549094843135
0.58  0.6994374679939173  0.0032493552643130573
0.59  0.7079552322272017  0.0032769758967403245
0.6  0.7100651210370865  0.0032743864991181273
0.7  0.7133457606546015  0.0032748023629697535
0.8  0.7092787597921266  0.0032585098967153805
0.9  0.7032863347130913  0.003237510079430659
1.0  0.7033522592418414  0.0032322248418929786
1.1  0.70473457293198  0.003239664857193223
1.2  0.7040816834017368  0.0032323118515415637
1.3  0.6988244737044869  0.0032233179305836113
1.4  0.7070935912059585  0.003241181748497943
1.5  0.7078105371873767  0.0032401145753582937
1.6  0.7085434318116034  0.003245578865205426
1.7  0.7032282997095904  0.0032307691286939623
1.8  0.7118293296441685  0.0032500692668371656
1.9  0.7024415745137267  0.003224510383097248
2.0  0.7012684071437074  0.0032247246054561128
2.1  0.7067723335054976  0.0032392778654281897
2.2  0.7041959429306357  0.0032291176041997355
2.3  0.69981875988702  0.0032151129374409725
2.4  0.7035999217112509  0.003233264419056206
2.5  0.7054370437587568  0.0032354785547339506
2.6  0.7023251312270781  0.003230626274331296
2.7  0.7031491919687691  0.0032307798513506692
2.8  0.7046747044199733  0.003230045334971027
2.9  0.7030635729611133  0.003226141326870024
3.0  0.7002925824171082  0.003218346644115911
3.1  0.7017435431960902  0.00321679067951296
3.2  0.7016536062682073  0.0032208811295805235
3.3  0.7020340141862288  0.0032219385128523436
3.4  0.703065509431  0.0032306375793345775
3.5  0.7044449043521042  0.0032311138087553508
3.6  0.7030400710130319  0.0032273863515976196
3.7  0.7054686898177145  0.003236686534010548
3.8  0.7062169660523147  0.003236980122194364
3.9  0.6999812421717825  0.0032165364721677345
4.0  0.7062889106925159  0.0032365947596776534
4.1  0.7008280431995094  0.00322003971000744
4.2  0.705796876296145  0.0032341883652388273
4.3  0.7044035640388181  0.0032313899895811903
4.4  0.7011284430504261  0.003222809217223879
4.5  0.7008672135055476  0.0032176964271999216
4.6  0.7063909813785876  0.003232129596731232
4.7  0.7078322053115167  0.003234886028481582
4.8  0.6996331519569687  0.0032156239942575013
4.9  0.7018151069457197  0.0032164878521620927
5.0  0.7048902070586492  0.0032345719929679226
0.0  -2.2204460492503128e-16  0.0
0.1  0.006813154019336677  0.0002614667791723019
0.2  0.026609962029519332  0.0005192564237252289
0.3  0.06799461302527572  0.0008384845459054551
0.4  0.15116739427874407  0.001281209594569866
0.41  0.16362231024010881  0.0013391923849368278
0.42  0.18051346849247704  0.0014128242706465826
0.43  0.19749918553660914  0.0014880799874191204
0.44  0.21621336668053912  0.0015596598003464913
0.45  0.24420914197853116  0.0016735419235134224
0.46  0.271980014783798  0.0017855663808752085
0.47  0.3102354267972994  0.0019210600173341361
0.48  0.3527638582537692  0.0020790784529736853
0.49  0.39547764540928515  0.0022389422723849695
0.5  0.45147695230742063  0.002434810665494895
0.51  0.5071811440280213  0.0026180183447070244
0.52  0.5563479940527774  0.0027877306353778115
0.53  0.5987871087054665  0.0029306734273604603
0.54  0.6364275732998473  0.0030523192979109597
0.55  0.6665828903632055  0.003151083654473218
0.56  0.6799931626719855  0.003195126292108762
0.57  0.6877769283443482  0.0032184824558798993
0.58  0.6939592661765207  0.0032366706884795543
0.59  0.7063426207499457  0.0032702996303729803
0.6  0.7114465809046364  0.003280763919563304
0.7  0.708554028985674  0.0032569302876144486
0.8  0.703861493814707  0.0032426095990267475
0.9  0.7069168973728993  0.0032487026297821882
1.0  0.7048074981535462  0.003237698469982194
1.1  0.7092282941866427  0.0032534711993831116
1.2  0.706411435247242  0.003241529321228639
1.3  0.7014100909852398  0.0032296282194387233
1.4  0.7055110457514705  0.003243188638496844
1.5  0.6993460095048802  0.0032194697659974456
1.6  0.7082235216166481  0.0032455571910136915
1.7  0.701734627375278  0.0032252174306415297
1.8  0.7060014441534318  0.0032385536842518044
1.9  0.7045738150786367  0.0032351513860626236
2.0  0.7102823669067827  0.0032495582807272137
2.1  0.7055366312489162  0.00323483978055653
2.2  0.6992422575665947  0.0032165943160696194
2.3  0.7049051277777133  0.0032336834615543106
2.4  0.697386491782081  0.003205176345709192
2.5  0.7031233886545126  0.0032327595833295795
2.6  0.7045972803238967  0.0032328035838064587
2.7  0.6974442414727675  0.0032125488137475793
2.8  0.706653304920551  0.003243329738257334
2.9  0.7047161485402883  0.0032336123072609305
3.0  0.6953568067300658  0.003202310826496242
3.1  0.6974871630978448  0.0032121946138959734
3.2  0.7067691019970407  0.0032349956174999236
3.3  0.6997799302118164  0.003216049670322745
3.4  0.7020660015964769  0.00322398342517306
3.5  0.699733314140786  0.0032160991873396863
3.6  0.7018371328338511  0.003221612265924738
3.7  0.7073489157891756  0.0032378316255075768
3.8  0.7014783534962515  0.0032205477057708353
3.9  0.7006051974761247  0.0032157373774763286
4.0  0.7042496428363352  0.0032276027927062396
4.1  0.7035366428744276  0.0032278121210779754
4.2  0.7120237757734521  0.0032548672306467463
4.3  0.7070191085455486  0.0032381944244425117
4.4  0.6984208868894096  0.0032146316818989465
4.5  0.7044776072783271  0.0032313462930786043
4.6  0.7074723114331665  0.0032393405430642193
4.7  0.7069320941407626  0.0032372927882630773
4.8  0.7053424296717563  0.0032329818830741596
4.9  0.7052585789288232  0.0032317313229662963
5.0  0.7016155074026863  0.00322163086178788
