#mmax= 10
#m-states: all states (FBR)
#Nr. of sites: 24

0.0  0.0 0.0 0.0 NaN NaN 0.0 
0.1  -0.00096 0.0016047481223436157 0.257521653616536 0.0020022407800347306 15.341247837840097 0.0 
0.2  -0.00172 0.003212611651715198 1.0320873624736253 -0.0028559648652797622 3.523537222293932 0.0 
0.3  -0.00612 0.004832293344426605 2.335105896658966 -0.017041385499184433 1.4483182313841763 0.0 
0.4  -0.0008 0.006527389958336846 4.26068196681967 -0.009571239909708798 0.7558185929627896 0.0 
0.41  0.00544 0.006676776906374706 4.4579349857498585 -0.011486390212443172 0.6042192489257481 0.0 
0.42  -0.0104 0.006886638705342872 4.7425792657926555 -0.003457779949633126 0.6104450933709988 0.0 
0.43  -0.00934 0.007063485440790951 4.989282657226574 0.0013530855551318283 0.5816440293950116 0.0 
0.44  0.0133 0.007235520342556318 5.23527546275463 0.01725692501763459 0.4963405348412322 0.0 
0.45  -0.00106 0.007443772085537587 5.540974286142859 -0.004752017385280558 0.5073566696792677 0.0 
0.46  0.00348 0.007648298102234157 5.849646386063861 -0.004214780942885853 0.44012365058265246 0.0 
0.47  -0.00428 0.007873273569511414 6.198843670036699 -0.006775439672574623 0.382151356240656 0.0 
0.48  -0.00512 0.008004972120612696 6.407957865178652 -0.004427309603015841 0.36699581947729154 0.0 
0.49  -0.00122 0.008238899435643035 6.787946391063912 0.007452917327128187 0.3242861194845137 0.0 
0.5  0.00416 0.008468751037871015 7.17197441414414 -0.0076174361961451175 0.2813148787578652 0.0 
0.51  0.00376 0.008700426173363923 7.569741559815599 -0.008379054421617071 0.27319689400839664 0.0 
0.52  -0.0109 0.00889633651274689 7.914480334803348 -0.011332370718700876 0.24560076656266316 0.0 
0.53  -0.00172 0.009078457721438482 8.241839459994598 0.006152259228916737 0.20064578546934042 0.0 
0.54  0.01202 0.00924777867436846 8.552141041010408 0.004293206735562255 0.19549633344069273 0.0 
0.55  0.00854 0.009430151640435036 8.892775996159958 -0.0008956477518143762 0.19842606547912922 0.0 
0.56  0.0112 0.009584219539046554 9.185726417264172 0.0022816837719784686 0.17468349425324625 0.0 
0.57  -0.001 0.009712514264047869 9.433293332933331 0.002644547515923312 0.15816060309347346 0.0 
0.58  0.01078 0.009870167785712721 9.742021211812117 0.01034727621894152 0.11750270284471664 0.0 
0.59  -0.00108 0.009975378860867096 9.950818341783414 0.00018606116047045795 0.12206190290390984 0.0 
0.6  -0.01728 0.010082679734093818 10.166043062030619 -0.0017632478293095517 0.09564905963658843 0.0 
0.7  0.00896 0.011016479056945016 12.136281081210814 -0.0006239708015601899 0.10283084039199553 0.0 
0.8  -0.02398 0.011723515855076925 13.744082400424002 0.005473964060667766 0.045054542630307726 0.0 
0.9  0.00422 0.012216739106780663 14.9248714403144 -0.0022506350349390356 0.03244024601680673 0.0 
1.0  -0.00583 0.012735979827356103 16.22051821628216 0.0010691531709292623 0.014579795724261935 0.0 
1.1  -0.02878 0.013101665300729388 17.165363365233645 0.005129109223471428 0.014155958066501384 0.0 
1.2  -0.00147 0.013475907924586897 18.160009439194393 0.005377069106511893 0.028837342152865375 0.0 
1.3  0.01844 0.013869106791182764 19.235212318523185 0.0037656552421152 0.037357916196357976 0.0 
1.4  -0.00355 0.014184878782804626 20.121078608286084 -0.010112508990957732 0.004462313828117459 0.0 
1.5  -0.01395 0.014534451020856095 21.12502664776648 0.00611170979775376 0.020129663007941723 0.0 
1.6  -0.01393 0.01478702627685706 21.865614611246116 -0.0005562442520794193 -0.0035718739357877283 0.0 
1.7  0.00084 0.01505667493102643 22.67034599785998 -0.007872262721879575 0.01803194004788944 0.0 
1.8  8.0e-5 0.015320402967398436 23.47147470834708 -0.003926018426459524 0.0035778265408850096 0.0 
1.9  0.0268 0.015604417726353194 24.349785257852577 -0.0006851440142029419 0.026908272629236674 0.0 
2.0  -0.01997 0.01578096962740325 24.903900238102384 -0.00016096396484094244 0.018377689573772393 0.0 
2.1  -0.02958 0.016024762655533518 25.679301816618164 0.0015620426406351851 0.012778537325446315 0.0 
2.2  -0.01765 0.016238941523609787 26.370322180721818 -0.012902340563368642 0.008268713968571983 0.0 
2.3  -0.02127 0.016546513643125472 27.37871137421374 -0.008980718229608746 0.0415583480192141 0.0 
2.4  -0.02881 0.016558542861387804 27.4185341692417 -0.013029341262000874 0.017957613951329776 0.0 
2.5  -0.00426 0.016846158507344177 28.379305645456455 -0.002981837297699581 -0.009014025370190026 0.0 
2.6  -0.01735 0.01703432979189128 29.016839145891474 0.0045552831644594845 0.019509227797628093 0.0 
2.7  0.00632 0.01720206265787905 29.59109596855968 0.00442103729070808 0.029020015727088122 0.0 
2.8  -0.01018 0.017362643182700692 30.146137828978286 -0.000994494274084624 0.0016017028818917645 0.0 
2.9  0.00835 0.017582129964482145 30.913129408794088 0.0024115654988518067 -0.004870831119405228 0.0 
3.0  -0.00415 0.017732593499646974 31.444487222372217 0.0049710327634723776 0.013835367353555394 0.0 
3.1  0.03495 0.018035069659204983 32.526373761237615 -0.00931610115538905 0.020196523307789427 0.0 
3.2  0.00869 0.018004210239687367 32.41515863548635 -0.009912535281615708 0.00831044941289072 0.0 
3.3  -0.00488 0.01819998006176772 33.12392742487425 0.013180417195306682 0.02528471908998764 0.0 
3.4  0.00342 0.018387796609345055 33.811106414664145 -0.00501566983218803 0.014772820917088314 0.0 
3.5  -0.01009 0.018481263417038752 34.15570974899749 -0.0008060903483933909 0.009741683982201987 0.0 
3.6  0.02902 0.018663704394750184 34.83338617346173 -0.000691247671601018 0.0018465630945159184 0.0 
3.7  -0.03644 0.018833679097263054 35.47074683386833 -0.010571439945728827 0.02136234652687996 0.0 
3.8  -0.0142 0.018949020403539137 35.90653742537425 -0.01374989216477868 0.001066609611176883 0.0 
3.9  0.00498 0.019098544435113253 36.47543995399954 -0.008778518881860996 -0.012828246604035254 0.0 
4.0  -0.006 0.019250531053180284 37.05829458294584 -0.007190613431496033 0.005883296468793375 0.0 
4.1  -0.01826 0.01940370662431041 37.65038307623077 -0.015049097575942397 -0.003503335710004496 0.0 
4.2  0.00845 0.01950232266631064 38.03405893808938 -0.0025455591565857094 -0.009926307032978698 0.0 
4.3  -0.00708 0.019678769556954336 38.72539712757128 0.005322603291913976 0.011423624597838078 0.0 
4.4  0.02541 0.01973749576330265 38.95687390063901 0.0010598541872560887 0.005212970890349666 0.0 
4.5  0.00563 0.019948041564891095 39.792436227462275 0.007243012896861133 -0.006544004394465119 0.0 
4.6  0.01826 0.020009674400017007 40.0387069594696 0.010328951296166294 -0.01432595399426706 0.0 
4.7  1.0e-5 0.020107832882944706 40.43249432484324 -0.00474554217318942 0.024760346773823105 0.0 
4.8  0.01559 0.02020614640159088 40.8288352402524 0.004401074288296621 -0.02276016275529491 0.0 
4.9  -0.00475 0.02040865599463608 41.65132395073951 -0.00013528213957298907 -0.0037931967731839045 0.0 
5.0  0.02832 0.020443760888094745 41.79473592495925 0.011793714273630039 0.007703026211759667 0.0 
