#mmax= 10
#m-states: all states (FBR)
#Nr. of sites: 24
 
0.0  2.834605661663638e-60 
0.1  0.0024810080151102757 
0.2  0.00969133218641779 
0.3  0.020901775396251644 
0.4  0.03467817187146565 
0.41  0.03610611309063451 
0.42  0.037528615245406724 
0.43  0.038940467257879835 
0.44  0.04033593171519587 
0.45  0.04170794407255319 
0.46  0.04304951906494199 
0.47  0.044351472797403486 
0.48  0.04560446123980734 
0.49  0.04680005730945242 
0.5  0.04793260518705949 
0.51  0.04900051369020576 
0.52  0.05000834846818118 
0.53  0.05096496215163946 
0.54  0.05188157908000047 
0.55  0.0527680394440178 
0.56  0.05363162711491367 
0.57  0.05447691054865064 
0.58  0.05530666917165027 
0.59  0.056121854773396894 
0.6  0.05692388694695571 
0.7  0.06426390727994943 
0.8  0.07061544585663981 
0.9  0.07628487060290842 
1.0  0.08146570797703051 
1.1  0.08627914757068425 
1.2  0.0908035320160259 
1.3  0.09509328442678057 
1.4  0.09918659504304506 
1.5  0.10311281587754988 
1.6  0.10689266138181368 
1.7  0.11054400542203623 
1.8  0.11408096805520627 
1.9  0.11751349172725048 
2.0  0.12085198928528483 
2.1  0.12410327221407025 
2.2  0.1272761563082374 
2.3  0.1303738659630462 
2.4  0.13340229943673523 
2.5  0.13636683003502342 
2.6  0.13927034094130916 
2.7  0.14211761914289556 
2.8  0.1449120200472517 
2.9  0.14765584119003491 
3.0  0.15035178998477602 
3.1  0.15300262730717262 
3.2  0.15560999294863573 
3.3  0.15817522068199552 
3.4  0.1607034647748433 
3.5  0.16319295144237722 
3.6  0.16564806369086701 
3.7  0.16806785654808792 
3.8  0.17045538826460113 
3.9  0.1728111258681558 
4.0  0.1751411479567174 
4.1  0.17743709793176451 
4.2  0.17970460082013726 
4.3  0.18194251908338951 
4.4  0.18416037631072807 
4.5  0.1863504121925978 
4.6  0.18851540650691606 
4.7  0.19065713893232142 
4.8  0.1927760631756841 
4.9  0.1948724924363525 
5.0  0.1969487863716572 
