#mmax= 10
#m-states: all states (FBR)
#Nr. of sites: 24
 
0.0  -3.428275613173714e-8 
0.1  1.0847332612656534e-9 
0.2  -4.8339683917421745e-8 
0.3  -1.1897829223447534e-7 
0.4  -2.5855147479821638e-5 
0.41  -1.0684193832824557e-5 
0.42  2.067735829276793e-6 
0.43  6.277805314949662e-5 
0.44  4.738230728496401e-5 
0.45  -5.489114022618208e-5 
0.46  0.00014801605618529565 
0.47  6.582562974301235e-5 
0.48  -0.00018664640121111942 
0.49  1.282275580064131e-6 
0.5  -8.126711498240431e-5 
0.51  0.0002536808204947363 
0.52  -0.00011351340669752742 
0.53  -0.00032479174785711646 
0.54  -0.0002974650332641186 
0.55  0.0005301284242955292 
0.56  -0.0012742025114881395 
0.57  -0.0009480686268712734 
0.58  -0.0018397162853641845 
0.59  -0.001746724918778747 
0.6  -0.001779602676824803 
0.7  0.009974518131306825 
0.8  -0.05428830606276284 
0.9  -0.15746357108120337 
1.0  -0.22844628478005347 
1.1  -0.2611727425996501 
1.2  -0.25896571697630877 
1.3  -0.24433255566348233 
1.4  -0.2538741010811921 
1.5  -0.2495654753107272 
1.6  -0.25372770303396996 
1.7  -0.24080592319306438 
1.8  -0.24031018162108575 
1.9  -0.25377923316590684 
2.0  -0.2547323196467154 
2.1  -0.25167370730618605 
2.2  -0.24978467744921914 
2.3  -0.24583693857330177 
2.4  -0.24132799155452425 
2.5  -0.24667381176722883 
2.6  -0.24950373856539693 
2.7  -0.2509495814786223 
2.8  -0.2512024709047488 
2.9  -0.25225414272776114 
3.0  -0.2525829262596003 
3.1  -0.2533570537057871 
3.2  -0.25532046589276663 
3.3  -0.2564248516549041 
3.4  -0.2595687987831381 
3.5  -0.26073477000717865 
3.6  -0.2620061421353808 
3.7  -0.2630524911523129 
3.8  -0.26358176132476896 
3.9  -0.26409096442710606 
4.0  -0.26459533099941235 
4.1  -0.2650667493440519 
4.2  -0.2655917689320572 
4.3  -0.2662303984923633 
4.4  -0.26662377470520227 
4.5  -0.26708567142795725 
4.6  -0.2674330731221892 
4.7  -0.26782965171710854 
4.8  -0.2681447185326428 
4.9  -0.2685096298898422 
5.0  -0.2690053341802755 
