#mmax= 10
#m-states: all states (FBR)
#Nr. of sites: 24

0.0  -2.2204460492503128e-16  0.0
0.1  -0.0  1.1270870772444814e-19
0.2  -0.0  3.4759907457742127e-19
0.3  3.000045000875264e-5  1.7320854493509404e-5
0.4  0.0005501435718754368  7.418171602475121e-5
0.41  0.0005501511570567434  7.418273872909863e-5
0.42  0.0008203361024972006  9.059142317894629e-5
0.43  0.0010305291804992786  0.00010154156948265546
0.44  0.0012307156216714485  0.0001109704562526933
0.45  0.0016413393048235001  0.00012816772173439655
0.46  0.0020217139912493127  0.00014224823771038548
0.47  0.002292554639348652  0.0001514970697140136
0.48  0.003024457355722169  0.00017403891839352296
0.49  0.003674501697819302  0.00019181602423009233
0.5  0.004268988477231171  0.00020683435318629602
0.51  0.005432174918255845  0.0002333419477421198
0.52  0.006258816053352534  0.00025055485623088085
0.53  0.007192988331055807  0.0002686339493495752
0.54  0.008595427365001735  0.00029378824439576086
0.55  0.009256159081689915  0.00030487056409951813
0.56  0.010661385049585782  0.0003273144367178626
0.57  0.011723686791138964  0.0003433382650112886
0.58  0.012050363265996147  0.00034815808225217485
0.59  0.013547498483487014  0.00036926878145225985
0.6  0.01485776123658287  0.00038676010118020255
0.7  0.024457960238848712  0.0004973113427964539
0.8  0.03461651572283161  0.0005929372571641107
0.9  0.04375261545465475  0.000668567498292912
1.0  0.05326276936586329  0.000739782704128722
1.1  0.060153935858332695  0.0007869547138472826
1.2  0.06907729697448046  0.0008446909908038244
1.3  0.07642853600197441  0.0008915911992887817
1.4  0.08300534816870629  0.0009331065164237817
1.5  0.09033851051206272  0.0009763452151160545
1.6  0.09615863691901909  0.0010093708657236784
1.7  0.10149071078403857  0.0010503135315292557
1.8  0.10759561126779436  0.0010776045429223824
1.9  0.11146820988032338  0.0011009794990838775
2.0  0.11685095721700751  0.0011328027505973716
2.1  0.12403994959551366  0.0011737161480616242
2.2  0.12625961824156362  0.0011817228798730226
2.3  0.13113899894766254  0.0012241021398143232
2.4  0.13111337991246405  0.0012376681044969009
2.5  0.1368341468267764  0.0012722037500793907
2.6  0.14082599874160426  0.001296148262187172
2.7  0.1439422196970745  0.0013144120506357168
2.8  0.1481598965614251  0.0013188459998179115
2.9  0.14959588894546533  0.0013542538669160961
3.0  0.1520355650305195  0.0013371542139873176
3.1  0.1573973243679365  0.001393641217672411
3.2  0.15919797213686515  0.001395266090819162
3.3  0.16088138380878458  0.001415872542273624
3.4  0.16385799116699934  0.0014574993280318854
3.5  0.1625769265428969  0.0014697427924712273
3.6  0.170358857383679  0.0014942659724671657
3.7  0.16946278482780872  0.0014938184929612494
3.8  0.17236558267787927  0.0015141503531144068
3.9  0.17214807811810132  0.0015358053544864674
4.0  0.1747664620009875  0.0015408141576279775
4.1  0.1762796881105471  0.0015588483821796487
4.2  0.18132723480178115  0.0015605305974135892
4.3  0.17917055580710692  0.0015707741000235626
4.4  0.18198062252243327  0.001571197231701624
4.5  0.18322173732905975  0.0016037576970372037
4.6  0.18575974551198587  0.001595924531348306
4.7  0.18404489860066534  0.001621007440646038
4.8  0.1861270851938037  0.001622799078555929
4.9  0.18791486581694525  0.0016604638979079754
5.0  0.18569145022152303  0.0016777346605045807
