#mmax= 10
#m-states: all states (FBR)
#Nr. of sites: 24

0.0  1.0000000000000002  0.0
0.1  1.0  1.1270870772444814e-19
0.2  1.0  3.4759907457742127e-19
0.3  0.9999700000000002  1.7320334867874603e-5
0.4  0.9994500077293523  7.414091665431421e-5
0.41  0.9994500001483428  7.414193823380211e-5
0.42  0.9991800002811745  9.051713823741155e-5
0.43  0.9989700016323416  0.00010143698183183885
0.44  0.9987700413982087  0.00011083396718548059
0.45  0.9983600069558757  0.00012795752756227088
0.46  0.9979803282959432  0.00014196094296972986
0.47  0.997710071256985  0.00015115015221959293
0.48  0.9969801117079526  0.00017351334030150578
0.49  0.9963322410223039  0.00019111248928515643
0.5  0.995740110701377  0.00020595326173857012
0.51  0.9945825526642464  0.00023207783002900472
0.52  0.9937607295371644  0.0002489915767170795
0.53  0.9928328192944537  0.0002667086012909422
0.54  0.9914414077075099  0.0002912738305916511
0.55  0.9907865472915471  0.00030206165357498787
0.56  0.9893952460818912  0.0003238433476626253
0.57  0.9883447678501089  0.00033933657782664117
0.58  0.9880219515965128  0.000343987827890893
0.59  0.9865438558677941  0.00036429984750551423
0.6  0.985252070672978  0.00038105619054148505
0.7  0.9758387120824774  0.00048529566025849903
0.8  0.9659757817627851  0.0005727630305253834
0.9  0.9571907223775141  0.0006399466066491199
1.0  0.9481308400067012  0.0007014107966879942
1.1  0.9416195734099948  0.0007410119619458628
1.2  0.9332545395377887  0.0007883117016743417
1.3  0.9264191175372061  0.0008259871320490524
1.4  0.9203462250400827  0.0008587810599509294
1.5  0.9136218623152018  0.0008920103336968661
1.6  0.9083199115666066  0.0009168316554920406
1.7  0.9034895720129933  0.0009489473230808227
1.8  0.8979906603206737  0.0009676788150634279
1.9  0.8945198278436468  0.0009848479919798946
2.0  0.8897177892973123  0.001007874758971408
2.1  0.8833445509203373  0.0010367957637174435
2.2  0.8813859931957262  0.001041553994158998
2.3  0.8770958505173737  0.0010736549074405809
2.4  0.8771183211546774  0.0010855813699630135
2.5  0.8721148571544954  0.0011095077917719013
2.6  0.8686404430789505  0.0011258868007622768
2.7  0.8659377807610258  0.0011381990541330417
2.8  0.8622932261965621  0.0011372319720394175
2.9  0.8610558683218036  0.0011660882393055994
3.0  0.8589577313399515  0.0011485589500982022
3.1  0.854364531523443  0.0011906776260484503
3.2  0.8528275061718342  0.0011899213006794297
3.3  0.8513930541192295  0.0012054640480098986
3.4  0.8488625593027394  0.0012372166097751691
3.5  0.849950703941173  0.001249208921073385
3.6  0.8433621155640966  0.0012602073117553509
3.7  0.8441181678987991  0.001260959329451795
3.8  0.841671416426349  0.0012744170723882594
3.9  0.841854503707694  0.001292924654492824
4.0  0.8396530887758686  0.0012937493666819195
4.1  0.8383834646554159  0.0013069127075242637
4.2  0.834162347078475  0.0013017358658262944
4.3  0.8359633088407064  0.00131310951409698
4.4  0.8336174936635129  0.0013097774983421575
4.5  0.8325835204215392  0.0013352622293023753
4.6  0.830473095903943  0.001325372386377877
4.7  0.8318984519117671  0.0013485135804108947
4.8  0.830168086205648  0.0013471960053410646
4.9  0.8286852536717622  0.0013760019464506737
5.0  0.8305298152420592  0.0013934086576140683
