#mmax= 10
#m-states: all states (FBR)
#Nr. of sites: 24
 
0.0  -3.048034055824738e-30 
0.1  1.160654391595201 
0.2  2.390367771076362 
0.3  3.788210918928268 
0.4  5.553877764206505 
0.41  5.766404432191596 
0.42  5.988678214937179 
0.43  6.221532741876106 
0.44  6.466485095811771 
0.45  6.724549046875302 
0.46  6.99758083982689 
0.47  7.2859153735437685 
0.48  7.589122266412638 
0.49  7.904997988653553 
0.5  8.228893631672616 
0.51  8.55313455987695 
0.52  8.869679882432578 
0.53  9.171012347796694 
0.54  9.451908456037145 
0.55  9.710758532421583 
0.56  9.948176766352645 
0.57  10.166201001039916 
0.58  10.367145433712812 
0.59  10.553673313758622 
0.6  10.7273502178868 
0.7  12.037269112541003 
0.8  12.926862619831798 
0.9  13.598917867559178 
1.0  14.13640331368591 
1.1  14.582330383518155 
1.2  14.96201635605825 
1.3  15.291461872585487 
1.4  15.581552711723871 
1.5  15.83988633626617 
1.6  16.072189432756502 
1.7  16.28271326282876 
1.8  16.474745153785175 
1.9  16.65092842139831 
2.0  16.81337673329469 
2.1  16.963820671525745 
2.2  17.10363882281076 
2.3  17.234125961337554 
2.4  17.356260817460996 
2.5  17.47088236651306 
2.6  17.57877086894409 
2.7  17.680548109617476 
2.8  17.77675803372148 
2.9  17.867917615380204 
3.0  17.954442346897775 
3.1  18.03671804263951 
3.2  18.115084734081368 
3.3  18.18984452232053 
3.4  18.261256759310406 
3.5  18.329577114299532 
3.6  18.39501075275386 
3.7  18.45777816962386 
3.8  18.51802855837357 
3.9  18.575938968158237 
4.0  18.631610933088556 
4.1  18.685268381540563 
4.2  18.737003119666216 
4.3  18.786947805868916 
4.4  18.835103927135677 
4.5  18.881672572973734 
4.6  18.92671515372014 
4.7  18.970307364614822 
4.8  19.012522312059513 
4.9  19.053445147047334 
5.0  19.093120601305827 
