#mmax= 10
#m-states: all states (FBR)
#Nr. of sites: 24
 
0.0  0.0 
0.1  -0.567986915411028 
0.2  -1.0923831398050632 
0.3  -1.5210630684945772 
0.4  -1.7761632268590748 
0.41  -1.7872255439300846 
0.42  -1.7947862737465883 
0.43  -1.7986122931405528 
0.44  -1.7983093195473525 
0.45  -1.7935740242400648 
0.46  -1.7839361949840151 
0.47  -1.7691617560205144 
0.48  -1.749155392707903 
0.49  -1.7241704910259474 
0.5  -1.6949771582985464 
0.51  -1.6630039555321987 
0.52  -1.6299047342821762 
0.53  -1.5973520006242239 
0.54  -1.5666662001337823 
0.55  -1.5384770482698362 
0.56  -1.5129485731817007 
0.57  -1.4899082597202609 
0.58  -1.4690782720284183 
0.59  -1.4500677349283722 
0.6  -1.4326785825628694 
0.7  -1.3062051709940814 
0.8  -1.2203284136721049 
0.9  -1.153734246024266 
1.0  -1.0989958556679944 
1.1  -1.052477837934528 
1.2  -1.0120228996910177 
1.3  -0.9762898767264263 
1.4  -0.9443300703665936 
1.5  -0.9155028720049314 
1.6  -0.8892656171933624 
1.7  -0.8652471087113537 
1.8  -0.843147813929742 
1.9  -0.8227033221004298 
2.0  -0.8037199913602705 
2.1  -0.786019446098068 
2.2  -0.7694907484636142 
2.3  -0.753966095605274 
2.4  -0.7393585157604154 
2.5  -0.7255925059341465 
2.6  -0.7125723992350315 
2.7  -0.7002430444761448 
2.8  -0.6885513191340881 
2.9  -0.6774326343869814 
3.0  -0.6668452504662559 
3.1  -0.6567485188444704 
3.2  -0.6471026785288201 
3.3  -0.6378693679172989 
3.4  -0.6290386148630264 
3.5  -0.6205624963270933 
3.6  -0.6124334503821051 
3.7  -0.604611071287068 
3.8  -0.5970917534216659 
3.9  -0.589848946327207 
4.0  -0.5829000020963147 
4.1  -0.576163161516317 
4.2  -0.5696532032149839 
4.3  -0.5633431763971464 
4.4  -0.5572849989730178 
4.5  -0.5514026511748378 
4.6  -0.5457015125103569 
4.7  -0.540177715601843 
4.8  -0.5348222620468206 
4.9  -0.5296208855040401 
5.0  -0.5245777946684442 
