#mmax= 5
#m-states: all states (FBR)
#Nr. of sites: 35
 
0.0  17.499999999999947 0.014285714285712126 
0.1  15.869120693437086 0.011653621378340251 
0.2  14.392346499099434 0.009331214769997542 
0.3  13.0792843000598 0.0073706049971475895 
0.4  11.912914174830247 0.005887170575944123 
0.41  11.802920187409764 0.005775145209615307 
0.42  11.693726730466235 0.005665983348450254 
0.43  11.585275065672159 0.0055699369491503115 
0.44  11.477419431639197 0.005488790266995447 
0.45  11.369851190964823 0.005418942568862106 
0.46  11.262334820030313 0.005358586037872426 
0.47  11.15473491638617 0.005318568840858018 
0.48  11.046904323808599 0.00529468232036423 
0.49  10.939477524758173 0.005293514190953474 
0.5  10.833733193396519 0.0053080594443157825 
0.51  10.73153047415943 0.0053349787001039095 
0.52  10.63428517569565 0.00536075485604659 
0.53  10.542458312500115 0.005383000762303358 
0.54  10.455663435378119 0.005400198799606626 
0.55  10.373294899212333 0.005409453953313714 
0.56  10.29462390595856 0.005414296556838005 
0.57  10.219183341127437 0.005415537307374763 
0.58  10.14647775552619 0.005413992399141088 
0.59  10.07629783486603 0.005410456236969785 
0.6  10.008396122092442 0.005405381663750375 
0.7  9.422279501329228 0.005318270651258117 
0.8  8.952476629235882 0.0052132737358211445 
