#mmax= 5
#m-states: all states (FBR)
#Nr. of sites: 35
 
0.0  17.499999999999964 0.014285714285713236 
0.1  21.58416877020739 0.0210134720526739 
0.2  27.96638342078814 0.03225027663372926 
0.3  39.79331931512976 0.055415255779252104 
0.4  71.7287285997002 0.1308053799984943 
0.41  78.3154362129628 0.14779237386016264 
0.42  86.28488415435062 0.16848706350251963 
0.43  96.0941384511645 0.19390384011883766 
0.44  108.42160645480719 0.22524869546685977 
0.45  124.16268179408974 0.26360734711900513 
0.46  144.37945060890746 0.3091992016094435 
0.47  170.41173396305035 0.36131342285478596 
0.48  203.29089694623997 0.4171823380136097 
0.49  242.64855429231588 0.47170927514970606 
0.5  286.13451196737884 0.5195267344299963 
0.51  329.5624747168021 0.5571078193919665 
0.52  368.91234317508025 0.5840419674246011 
0.53  402.5921006437378 0.6025220629378181 
0.54  430.658023158492 0.6150124891734501 
0.55  454.27948989481246 0.6236799251043206 
0.56  474.410604027658 0.6298542914860847 
0.57  491.9303028964073 0.6344288177706812 
0.58  507.47063596933737 0.6379462015473086 
0.59  521.4534435097204 0.6407322471835135 
0.6  534.179017559517 0.6429969961218731 
0.7  622.5453578883347 0.653728493419981 
0.8  676.8970713988792 0.6575743639791543 
