#mmax= 5
#m-states: all states (FBR)
#Nr. of sites: 35
 
0.0  8.318484771252834e-31 
0.1  0.02578027797053354 
0.2  0.05654182953188473 
0.3  0.09903725155723524 
0.4  0.16602761254832504 
0.41  0.1750750578166255 
0.42  0.18475541489449498 
0.43  0.1951544078044645 
0.44  0.20637956611178693 
0.45  0.21857039020677405 
0.46  0.23186777936379857 
0.47  0.2464204402625806 
0.48  0.26228811024871257 
0.49  0.2792516001975152 
0.5  0.2967145168943591 
0.51  0.3137649003579321 
0.52  0.3295652845684791 
0.53  0.3437945521856317 
0.54  0.35648087711886756 
0.55  0.3678931068501575 
0.56  0.37825470388753285 
0.57  0.38777554059363156 
0.58  0.39661250375134066 
0.59  0.40487475711570464 
0.6  0.41264433781577997 
0.7  0.4725925877227186 
0.8  0.5139641669865113 
