#mmax= 5
#m-states: all states (FBR)
#Nr. of sites: 35
 
0.0 2.3252982878955143e-28
0.1 -0.21304037999128767
0.2 -0.8590842751251841
0.3 -1.9625980635434424
0.4 -3.581794519985955
0.41 -3.7764296811919174
0.42 -3.977788496806564
0.43 -4.1861567613652255
0.44 -4.401867955438696
0.45 -4.625312481645192
0.46 -4.856949889403197
0.47 -5.097313922549624
0.48 -5.346985299876142
0.49 -5.606505102265206
0.5 -5.87619758813732
0.51 -6.155973391582258
0.52 -6.445283597128473
0.53 -6.743289971498971
0.54 -7.049103577455757
0.55 -7.3619335793852585
0.56 -7.68112742513479
0.57 -8.006157187148709
0.58 -8.336591860612998
0.59 -8.672070733130784
0.6 -9.012286345204554
0.7 -12.627857364182287
0.8 -16.536730495493288
