#mmax= 5
#m-states: all states (FBR)
#Nr. of sites: 35
 
0.0  0.0 
0.1  0.02297146066389953 
0.2  0.07677190697033248 
0.3  0.15694446762263567 
0.4  0.2674607350868745 
0.41  0.28065557648435446 
0.42  0.2943484507281687 
0.43  0.3085808585537331 
0.44  0.32341706025093475 
0.45  0.33895391861739294 
0.46  0.35528965867319673 
0.47  0.3725805370671897 
0.48  0.39098684996914274 
0.49  0.41054661352562966 
0.5  0.43103524960508965 
0.51  0.45184270675671256 
0.52  0.47214004955968514 
0.53  0.49136324964849126 
0.54  0.5091991753850499 
0.55  0.5256812872815328 
0.56  0.5408378974389065 
0.57  0.5547851981837559 
0.58  0.5676485785538348 
0.59  0.5795164990996567 
0.6  0.5904708128677788 
0.7  0.6635099816013525 
0.8  0.69794238265255 
