#mmax= 5
#m-states: all states (FBR)
#Nr. of sites: 35
 
0.0  -0.0 
0.1  0.006344242110845387 
0.2  0.026587638812089993 
0.3  0.06505077968990435 
0.4  0.13253757420588536 
0.41  0.1417606744632822 
0.42  0.151610515436459 
0.43  0.162157281307989 
0.44  0.1734945570754418 
0.45  0.18575294561551958 
0.46  0.1990814662721408 
0.47  0.21369803162443574 
0.48  0.22985608045673553 
0.49  0.24773447682831318 
0.5  0.26728385491638335 
0.51  0.288042593002431 
0.52  0.3092150163968256 
0.53  0.3301492492598143 
0.54  0.35037636550486795 
0.55  0.36978902474718167 
0.56  0.38828203519315807 
0.57  0.40586822044708326 
0.58  0.42259378471813064 
0.59  0.4384757999815382 
0.6  0.4535365544093672 
0.7  0.5653226745770151 
0.8  0.6267277813105115 
