#mmax= 5
#m-states: all states (FBR)
#Nr. of sites: 35
 
0.0  3.9640574181323046e-60 
0.1  0.0024810388109863415 
0.2  0.009691730529154991 
0.3  0.020902355440206938 
0.4  0.03467300302345307 
0.41  0.03609890022710074 
0.42  0.03751871524859579 
0.43  0.03892711175332679 
0.44  0.040317773799970785 
0.45  0.04168354493815551 
0.46  0.04301498756319866 
0.47  0.04430143919767012 
0.48  0.04553012524455749 
0.49  0.046689737256010326 
0.5  0.047775551910742356 
0.51  0.04879455690636198 
0.52  0.049763505042382604 
0.53  0.050698068912820186 
0.54  0.05160915764340793 
0.55  0.05250036600114022 
0.56  0.05337410833522848 
0.57  0.05423056905839666 
0.58  0.05506992580100699 
0.59  0.055892508328516305 
0.6  0.05669874607825175 
0.7  0.06400288910558999 
0.8  0.07029511457895865 
