#mmax= 5
#m-states: all states (FBR)
#Nr. of sites: 35
 
0.0  -3.0407735476820737e-14 
0.1  2.393683187537404e-9 
0.2  5.891107234142008e-8 
0.3  1.0850012142057267e-6 
0.4  2.557488125827453e-7 
0.41  2.7889888356731627e-6 
0.42  2.6292549465996377e-6 
0.43  -5.41303030614568e-6 
0.44  -2.895491157078991e-5 
0.45  -4.0573552254401454e-6 
0.46  2.2964835332748514e-5 
0.47  -4.968392382927218e-6 
0.48  3.4622057873784454e-5 
0.49  -8.306404041725565e-6 
0.5  0.0002488480194577288 
0.51  9.845257452918535e-5 
0.52  -1.4144482992778143e-5 
0.53  -7.881217158231546e-5 
0.54  -0.00014114475509141661 
0.55  -0.002306859629260909 
0.56  -0.0032075717379901818 
0.57  -0.0025638255434123304 
0.58  -0.0029144080964285846 
0.59  -0.0030929881345319278 
0.6  -0.003088130450869003 
0.7  0.03597984426114694 
0.8  0.16919818941263828 
