#mmax= 5
#m-states: all states (FBR)
#Nr. of sites: 35
 
0.0  2.828284822225964e-29 
0.1  1.7160976354517383 
0.2  3.5366614899179867 
0.3  5.613091299601915 
0.4  8.260240234867638 
0.41  8.582561525547446 
0.42  8.920925105574183 
0.43  9.277671101685824 
0.44  9.655745745150139 
0.45  10.059012138850502 
0.46  10.49129426142975 
0.47  10.956612778748495 
0.48  11.45637397664249 
0.49  11.983961914171347 
0.5  12.52210337556283 
0.51  13.044799941710671 
0.52  13.528545345164007 
0.53  13.964729492835987 
0.54  14.354675213091083 
0.55  14.706405805509158 
0.56  15.02656821695574 
0.57  15.321327668851422 
0.58  15.595299952217381 
0.59  15.851714567435637 
0.6  16.093009907129332 
0.7  17.95657519023152 
0.8  19.241049613771676 
