#mmax= 5
#m-states: all states (FBR)
#Nr. of sites: 35
 
0.0  8.857071470049692e-66 
0.1  -0.8395681844535979 
0.2  -1.6142392858339059 
0.3  -2.2458247466559165 
0.4  -2.6153014082245862 
0.41  -2.630009559782179 
0.42  -2.639240999161353 
0.43  -2.642421236334031 
0.44  -2.638840497349383 
0.45  -2.6276188718201845 
0.46  -2.607789763060599 
0.47  -2.5783178098207555 
0.48  -2.5385782281862643 
0.49  -2.4894075074558306 
0.5  -2.4338098011546196 
0.51  -2.3767933295409804 
0.52  -2.323325669835717 
0.53  -2.275714718524509 
0.54  -2.2343253910495853 
0.55  -2.1980401726038012 
0.56  -2.165908284779622 
0.57  -2.1369592886679496 
0.58  -2.1104748246717993 
0.59  -2.0859728255016785 
0.6  -2.0631024213928137 
0.7  -1.8884272076590842 
0.8  -1.7662679362302938 
