#mmax= 5
#m-states: all states (FBR)
#Nr. of sites: 10
 
0.0  4.999999999999992 0.04999999999999827 
0.1  6.06532525844823 0.07168573095494213 
0.2  7.645507699423323 0.10607928043240666 
0.3  10.265735639444738 0.16699828846389975 
0.4  15.220048769860036 0.2785424297903719 
0.41  15.932640901691363 0.29307287167218365 
0.42  16.695897718143776 0.3081267842012041 
0.43  17.512542891941475 0.3236471440010582 
0.44  18.384756458002897 0.33955541831322933 
0.45  19.31340384947041 0.355773342711326 
0.46  20.299624106244337 0.3721759731283617 
0.47  21.342642145854583 0.38865784158262995 
0.48  22.44103963085434 0.4050881319081283 
0.49  23.590472130713405 0.42133008224216373 
0.5  24.787150734217615 0.4372455367063359 
0.51  26.02283140907016 0.45270439972266163 
0.52  27.293270939453606 0.4676309045133864 
0.53  28.585086427203994 0.4818645860878257 
0.54  29.892247794920824 0.4953721890617747 
0.55  31.20290942454912 0.5080721233056298 
0.56  32.50647389158144 0.5199210395456906 
0.57  33.794935913642185 0.5309182855075982 
0.58  35.055492043238885 0.5410270464100253 
0.59  36.283822165737206 0.5502984990636153 
0.6  37.47331195423426 0.5587605146015819 
0.7  46.76140722039023 0.6096097749299284 
0.8  52.34650465719287 0.6290358981548257 
0.9  56.07872892137958 0.6382494972889305 
1.0  58.86304225482325 0.6436058206945372 
1.1  61.08496959045582 0.6471579336504083 
1.2  62.931697110562546 0.6497138925087396 
1.3  64.50810204826648 0.6516539381289215 
1.4  65.88053610951927 0.6531841507699627 
1.5  67.09278508207838 0.6544253932541655 
1.6  68.17595422501653 0.6554542789203739 
1.7  69.15281483219708 0.6563222907819465 
1.8  70.04067781581952 0.6570652024444272 
1.9  70.85296114972977 0.6577086686884538 
2.0  71.60023503095695 0.6582716733846313 
2.1  72.291070992655 0.6587685622096908 
2.2  72.93244071190976 0.6592105658141515 
2.3  73.53017937284446 0.6596062013501796 
2.4  74.08913953886344 0.6599625304843633 
2.5  74.61341936648722 0.6602851504932785 
2.6  75.1065557545272 0.6605786630240698 
2.7  75.57155277332028 0.660846847361119 
2.8  76.01102102743714 0.6610928262830733 
2.9  76.42725256414867 0.6613192652635764 
3.0  76.82225937775722 0.661528411973417 
