#mmax= 5
#m-states: all states (FBR)
#Nr. of sites: 10
 
0.0  4.999999999999997 0.04999999999999949 
0.1  4.565801177607565 0.04146302052187112 
0.2  4.168786549891706 0.03395602224297278 
0.3  3.813249050213841 0.027655547117380608 
0.4  3.4974776239225087 0.02285305223713341 
0.41  3.4679768759035867 0.022472079339820983 
0.42  3.438828507654802 0.022106553026488895 
0.43  3.410057336230038 0.02178007101755186 
0.44  3.381619305543612 0.021452521425091464 
0.45  3.353552982976071 0.021158780786309173 
0.46  3.3258411647968082 0.02088103887295545 
0.47  3.29852111844609 0.020646912417775054 
0.48  3.2715860073147014 0.020438532495308137 
0.49  3.24504570120383 0.020257056765128234 
0.5  3.2189248137335866 0.020101624652424155 
0.51  3.1932428242399857 0.019971568832742537 
0.52  3.1680134730065785 0.01986642681305173 
0.53  3.1432726700835247 0.019784048878212057 
0.54  3.1190351743127307 0.019723640870250136 
0.55  3.0953267465876273 0.019682705024703595 
0.56  3.072168739069311 0.019658740691972487 
0.57  3.049569978101286 0.019649511697326538 
0.58  3.02754191912967 0.0196526939053836 
0.59  3.006105672122336 0.01966432825033604 
0.6  2.985249753778198 0.01968290591794708 
0.7  2.80578224318029 0.019892526731431937 
0.8  2.6654904212206962 0.019830990868681453 
0.9  2.5495335388131415 0.019606673083412574 
1.0  2.4502466461841537 0.019334049879850768 
1.1  2.363352066779815 0.019039781890154428 
1.2  2.2861778566523534 0.01874954818228569 
1.3  2.2168705972887315 0.018467247670839515 
1.4  2.1540722983676046 0.018196085865601286 
1.5  2.0967660938491086 0.0179461563604848 
1.6  2.044138112221558 0.017700461516509836 
1.7  1.9955538398335566 0.01745773656016003 
1.8  1.9504983963237852 0.017224357048174044 
1.9  1.9085532123278826 0.017006123957009178 
2.0  1.869363847898188 0.016799828539175388 
2.1  1.832625396389526 0.016597968615122527 
2.2  1.7980989207477325 0.016417802342467258 
2.3  1.765546260307681 0.01623199963712607 
2.4  1.7347899498400037 0.01605324782435069 
2.5  1.7056671111831516 0.015881144833350458 
2.6  1.6780346436819835 0.015715292751186105 
2.7  1.651768235144575 0.01555575817964916 
2.8  1.6267555121761241 0.015401413484681048 
2.9  1.6028986723773728 0.015252436077036413 
3.0  1.5801097930020374 0.015108500332731367 
