#mmax= 5
#m-states: all states (FBR)
#Nr. of sites: 10
 
0.0  1.0571830606930824e-31 
0.1  0.025712076581660484 
0.2  0.05591684158362158 
0.3  0.09633763155395816 
0.4  0.1558018336249571 
0.41  0.16327329714023162 
0.42  0.1710732156702617 
0.43  0.17921405247966615 
0.44  0.1877020269765263 
0.45  0.1965382727850628 
0.46  0.20572246178054426 
0.47  0.2152457337807029 
0.48  0.22509311006049185 
0.49  0.23523409740941517 
0.5  0.24563916961054233 
0.51  0.2562550025976933 
0.52  0.26705086225390523 
0.53  0.27794074075916986 
0.54  0.28888473102067636 
0.55  0.29980613270908696 
0.56  0.310636746795117 
0.57  0.3213244778121283 
0.58  0.3317869718647579 
0.59  0.3419958210854172 
0.6  0.35190797416203506 
0.7  0.43162050460321716 
0.8  0.48315797677959715 
0.9  0.5196383360900707 
1.0  0.5478653341977741 
1.1  0.5709238626131445 
1.2  0.5903965889210481 
1.3  0.6072097796866124 
1.4  0.621970874491117 
1.5  0.6350926748401576 
1.6  0.646875091708128 
1.7  0.6575423632600226 
1.8  0.66726763721101 
1.9  0.6761870994568128 
2.0  0.6844093818512712 
2.1  0.6920232508176875 
2.2  0.6991017444377319 
2.3  0.7057062317125863 
2.4  0.7118882238086147 
2.5  0.7176914205434759 
2.6  0.7231536928507368 
2.7  0.72830740233781 
2.8  0.7331806575376196 
2.9  0.7377982928382381 
3.0  0.7421821552743395 
