#mmax= 5
#m-states: all states (FBR)
#Nr. of sites: 10
 
0.0 8.24155033399196e-29
0.1 -0.05637013396244228
0.2 -0.22700537577784274
0.3 -0.5171574146455562
0.4 -0.9382731835467624
0.41 -0.9883241119393134
0.42 -1.0399235919011574
0.43 -1.093101169149591
0.44 -1.1478876286794701
0.45 -1.2043133008094458
0.46 -1.262408019618917
0.47 -1.3222003156086615
0.48 -1.383716189624625
0.49 -1.446978830053535
0.5 -1.512006278483753
0.51 -1.5788115048215658
0.52 -1.6474008171673376
0.53 -1.7177731914024221
0.54 -1.7899189179962605
0.55 -1.863820436112512
0.56 -1.939451590058848
0.57 -2.016778252107695
0.58 -2.0957592720264238
0.59 -2.17634678775876
0.6 -2.258488531375903
0.7 -3.152712045707645
0.8 -4.144718052130081
0.9 -5.202585110610407
1.0 -6.309432669105341
1.1 -7.455270307713381
1.2 -8.633448840159655
1.3 -9.83918713461754
1.4 -11.06886595648745
1.5 -12.319646902289321
1.6 -13.589243311611291
1.7 -14.875773967983633
1.8 -16.17766450350992
1.9 -17.493579501650537
2.0 -18.8223721387979
2.1 -20.16304830318761
2.2 -21.514738006557593
2.3 -22.87667552355625
2.4 -24.24818060274325
2.5 -25.62864639956967
2.6 -27.017528394019187
2.7 -28.41433515148517
2.8 -29.818623020433307
2.9 -31.229987233532192
3.0 -32.64805885327047
