#mmax= 5
#m-states: all states (FBR)
#Nr. of sites: 10

0.0  -0.0  0.0
0.1  0.00778018731896233  0.0013975411211517837
0.2  0.026054609723887824  0.0025678588502248976
0.3  0.06445305559693668  0.004083924998078199
0.4  0.12777858274812767  0.005838592191776965
0.41  0.14393065154691487  0.006214580832227215
0.42  0.14333383327939894  0.006382972998854743
0.43  0.15659573448029424  0.006495861247964736
0.44  0.17052800694255765  0.006815390671434561
0.45  0.18731858179415867  0.0072166940150866455
0.46  0.20159094154975213  0.007465919979612652
0.47  0.21080813708200644  0.0078056032327771295
0.48  0.2240319348780435  0.007961942207501953
0.49  0.24646706557535455  0.00833040514038414
0.5  0.2617376474701886  0.008781122730648823
0.51  0.2695817067061021  0.008821057222100618
0.52  0.28518216499885507  0.009140253389573971
0.53  0.306489015177085  0.009481663607151941
0.54  0.32598766698604575  0.009822138668044243
0.55  0.338876884181506  0.010348306788816344
0.56  0.36761173470813535  0.010608071358770229
0.57  0.3613191095121557  0.010577363564270885
0.58  0.3859421406543438  0.01097349469834592
0.59  0.3893143022715148  0.01103737792161289
0.6  0.43671377365466585  0.011769961941672388
0.7  0.5546921181624344  0.013835563357697478
0.8  0.630356437771253  0.014957941398682121
0.9  0.6591632668997152  0.015483689312939737
1.0  0.6928756881568623  0.015938413452423226
1.1  0.6499593552936016  0.01532977836450267
1.2  0.7170275060714072  0.01639093474773041
1.3  0.706774516085024  0.01615077683676469
1.4  0.7005137789482138  0.016148739478521364
1.5  0.6970880227064513  0.01605755802808984
1.6  0.6720905738009887  0.01578426804009705
1.7  0.7218239367826554  0.016421289941286506
1.8  0.736432080705675  0.016656297292618312
1.9  0.6936632633211501  0.016023503848510916
2.0  0.707186094885369  0.01624822427986964
2.1  0.7129594843523321  0.016471050232009173
2.2  0.6859449108385133  0.015895211768206727
2.3  0.7260127558650838  0.016575741169678207
2.4  0.6802103068575601  0.015782244182204416
2.5  0.7054797511594806  0.016189301046962944
2.6  0.6709693154990202  0.01571481415471388
2.7  0.6984669087088666  0.016133897660255827
2.8  0.696249067745026  0.016061899718322867
2.9  0.7298291567371381  0.01660778964368609
3.0  0.7328832745325359  0.016547991826261117
