#mmax= 5
#m-states: all states (FBR)
#Nr. of sites: 10
 
0.0  0.0 
0.1  0.022971460803158147 
0.2  0.07677177256108236 
0.3  0.15694349906645952 
0.4  0.26717629817893346 
0.41  0.2802114180823223 
0.42  0.29365488775281046 
0.43  0.3075141357306831 
0.44  0.32179378792144453 
0.45  0.33648113094690196 
0.46  0.3515664001183699 
0.47  0.36702391234084014 
0.48  0.3828183387462 
0.49  0.39888617633717394 
0.5  0.41516592718666456 
0.51  0.43155671197755663 
0.52  0.4479954808531356 
0.53  0.46432968816939213 
0.54  0.4804839426225362 
0.55  0.49633024144899446 
0.56  0.5117505793303877 
0.57  0.5266660386136308 
0.58  0.5409499049196294 
0.59  0.5545682411406765 
0.6  0.5674678175116136 
0.7  0.6566418894462996 
0.8  0.6963621889795745 
0.9  0.7146099464494243 
1.0  0.7236001127534957 
1.1  0.7282171386504737 
1.2  0.7306110212759981 
1.3  0.7318197996320547 
1.4  0.7323777513720496 
1.5  0.7325720475339679 
1.6  0.7325617620485665 
1.7  0.7324392579541164 
1.8  0.7322563609386413 
1.9  0.732043887649118 
2.0  0.7318198445344674 
2.1  0.7315949456403722 
2.2  0.7313744970772743 
2.3  0.731163119868834 
2.4  0.7309617911067536 
2.5  0.730771164834101 
2.6  0.7305912773811153 
2.7  0.7304218309979248 
2.8  0.7302623491193874 
2.9  0.7301122456231914 
3.0  0.729970903769695 
