#mmax= 5
#m-states: all states (FBR)
#Nr. of sites: 10
 
0.0  -0.0 
0.1  0.0063442421552841015 
0.2  0.026587574517728828 
0.3  0.06505024316968828 
0.4  0.13233930215567924 
0.41  0.14144240088834462 
0.42  0.1510995381022946 
0.43  0.16134809884336232 
0.44  0.1722252526899403 
0.45  0.18375825727445322 
0.46  0.19597880713290397 
0.47  0.20890671427584537 
0.48  0.22255477500445983 
0.49  0.23690931536068144 
0.5  0.25195451096020965 
0.51  0.26763233314210394 
0.52  0.28391242781061965 
0.53  0.3006637839847281 
0.54  0.3178206628996423 
0.55  0.3352466518852021 
0.56  0.352798105142662 
0.57  0.3703596583340481 
0.58  0.38774180519239837 
0.59  0.4048557228247635 
0.6  0.4215774421125861 
0.7  0.5531711801590833 
0.8  0.6234080013130766 
0.9  0.6593880348198238 
1.0  0.6786526096402742 
1.1  0.6894324310582435 
1.2  0.6956719398370862 
1.3  0.6993754880085553 
1.4  0.7016178467511934 
1.5  0.7029930169042904 
1.6  0.7038417667212167 
1.7  0.7043652233139208 
1.8  0.7046841761272302 
1.9  0.7048730142877585 
2.0  0.7049782753415427 
2.1  0.7050296145985484 
2.2  0.7050459420735796 
2.3  0.7050399829160048 
2.4  0.7050197507657994 
2.5  0.7049906483677137 
2.6  0.7049562578671122 
2.7  0.70491896568179 
2.8  0.7048803606824456 
2.9  0.7048414869886176 
3.0  0.7048030265392161 
