#mmax= 5
#m-states: all states (FBR)
#Nr. of sites: 10

0.0  0.0 0.0 0.0 NaN NaN 0.0 
0.1  0.0045 0.005500227324861794 0.12101000250062528 0.10377256862586845 33.3421064039137 0.0 
0.2  -0.0155 0.010402739627037529 0.4328679669917477 0.06367323198165728 9.582696488102055 0.0 
0.3  -0.0095 0.01505935368909912 0.9071365341335331 0.12487201636040585 3.3996367477140392 0.0 
0.4  -0.0165 0.020255480952748484 1.6411380345086266 0.0072422678629065354 1.6130690139678139 0.0 
0.41  0.0145 0.021019226662091255 1.7672315578894717 -0.033579225097895446 1.5254322198632586 0.0 
0.42  0.0175 0.020670758514490725 1.7091210302575635 -0.06255134945084057 1.875487266875668 0.0 
0.43  0.0355 0.021378709030246662 1.8281967991998007 0.10979430737393317 1.372720677582544 0.0 
0.44  -0.005 0.021368385572510938 1.8264316079019745 -0.0018684532490375382 1.5659239859360579 0.0 
0.45  -0.03 0.02226878925185844 1.9835958989747444 -0.01342594467551609 1.1622424961653053 0.0 
0.46  0.0175 0.023533208248613657 2.2152475618904712 -0.03588632427539045 1.155913694849838 2.1108342687e-313 
0.47  0.001 0.023709497781928397 2.2485611402850703 -0.0755805050849435 1.3156243452146175 4.238174e-318 
0.48  -0.0185 0.024058452564222545 2.315236559139785 -0.025423726022467303 1.01979593490129 2.339239922796032e-303 
0.49  -0.0235 0.025313477250915827 2.563088522130532 -0.01982859932140855 1.1320882438599007 4.183916922604687e-282 
0.5  -0.0535 0.02583023882602428 2.6688049512378083 -0.06369772550973024 1.0953686661382545 1.925169997524212e-272 
0.51  -0.0725 0.025604683896884275 2.62239934983746 -0.030008812063283655 1.0253413754755059 4.849654858344463e-277 
0.52  -0.0145 0.02654945679131643 2.819494623655913 0.011118856938842606 0.7811604019018108 6.3551494428309096e-251 
0.53  -0.0295 0.02733531127151431 2.9888769692423085 -0.048307506050485574 0.683195167049365 6.0179583163447025e-235 
0.54  0.0085 0.02751220034442806 3.02768467116779 -0.03782322017667037 0.747693445480293 1.0638782585073027e-226 
0.55  0.0405 0.02712054237021476 2.9420952738184556 -0.017333891562193768 0.639237335269701 3.7907347967320325e-233 
0.56  -0.042 0.028456307567217676 3.23904576144036 0.04326094636282967 0.6673128562490671 3.045137492731314e-212 
0.57  -0.0025 0.028930220823893307 3.3478307076769203 -0.06612455718426236 0.5642311069666155 1.2917598988118332e-204 
0.58  -0.014 0.03038390684966076 3.692727181795448 0.0038145732259735974 0.5556307712095401 2.9593288736891284e-178 
0.59  -0.0195 0.029889434288231657 3.573513128282073 -0.02680308460569069 0.5398860289138145 5.569745992528627e-190 
0.6  -0.01 0.030103181731963108 3.6248062015503892 -0.014391504896628866 0.5156537420899925 8.296145048576134e-189 
0.7  0.068 0.03470079302060783 4.8165801450362595 0.03836044657590484 0.29052236527411734 7.066362177737651e-134 
0.8  0.016 0.03571071006999756 5.101019254813702 0.02181279080567874 0.14218739243312184 2.3466956189723363e-126 
0.9  0.0085 0.03830925263182908 5.870395348837211 -0.0047586389538233865 0.1620824140769228 8.261590822297462e-107 
1.0  -0.002 0.03989858361199756 6.367587896974242 -0.01231503251120273 0.033868449463693384 2.9047157857242074e-92 
1.1  -0.028 0.040555088198581175 6.578860715178793 0.01473253172649144 0.14465130284163896 3.5925599844143197e-91 
1.2  -0.016 0.04187928448072094 7.015497874468616 0.0036966047722778884 0.1354635849975092 1.7358356282562106e-84 
1.3  -0.0015 0.04331533783918846 7.5048739684921255 0.07083348342126704 -0.06821732140210912 1.0275404183630847e-76 
1.4  -0.0315 0.04575505784970343 8.374101275318829 0.05916408073482463 0.03274617748273467 8.236415172146066e-76 
1.5  0.0895 0.04540113162893955 8.245051012753182 -0.05154877300453296 0.048565451238798296 3.226447733750918e-67 
1.6  -0.0575 0.04681849453322469 8.76788572143036 0.022590191949189695 0.06846642888605503 2.1620625970787942e-67 
1.7  -0.05 0.0483472787739001 9.349837459364844 0.001338407090565409 -0.0942576963389481 7.67097770782423e-63 
1.8  -0.0745 0.04857934155179959 9.43980970242561 -0.005391663861404413 0.1039093328394256 3.103274626737462e-62 
1.9  0.072 0.04829375810358871 9.329148287071764 0.001300188514109759 -0.01900556101472839 1.402423218772918e-58 
2.0  -0.019 0.049633916140154125 9.854102525631408 -0.05182289578376438 0.004002915035129728 2.541180034424279e-59 
2.1  -0.0175 0.05138904208011156 10.563334583645906 -0.02085001161661404 -0.03523996655819239 6.048532377241738e-56 
2.2  -0.0115 0.05133591122640525 10.541503125781439 0.08679724079374927 0.04934861023726533 5.044250734873672e-59 
2.3  0.0395 0.050759275640181074 10.30601625406352 0.03534549021364527 -0.0353404137247586 2.5347009969035295e-49 
2.4  -0.0165 0.051689940026807865 10.687399599899976 0.04589452038962338 -0.056321755924488404 6.22221829222158e-59 
2.5  -0.053 0.052697172580694486 11.107967991997995 -0.007299228233565448 -0.07054712371756766 1.255652842296152e-47 
2.6  0.0105 0.053478382752804546 11.43974968742185 -0.005746529374958015 0.041088130956435265 4.431253289261614e-51 
2.7  0.079 0.053922784300021696 11.630666666666666 0.00897168698598515 0.05779233444543541 2.1676946939149613e-49 
2.8  0.001 0.054431061307940495 11.850961740435107 -0.05609213138747777 0.09371918539599866 1.7727477050780542e-48 
2.9  -0.0925 0.05582911570175554 12.46756064016003 -0.026594833765361463 0.06485444188940193 9.207212416079015e-43 
3.0  0.0205 0.05739746122119568 13.177874218554646 -0.024263008501631236 0.044001182208578626 3.9752538304521034e-52 
