#mmax= 5
#m-states: all states (FBR)
#Nr. of sites: 10
 
0.0  3.599295353823833e-62 
0.1  0.002480927725998297 
0.2  0.009690389156720084 
0.3  0.0208996598113233 
0.4  0.034706401089741955 
0.41  0.036144842987144404 
0.42  0.037581423512007515 
0.43  0.03901215636602463 
0.44  0.040433111839326484 
0.45  0.041840154649810606 
0.46  0.043228984111186634 
0.47  0.04459499891221798 
0.48  0.045934041945927935 
0.49  0.04724182194750329 
0.5  0.0485144096456389 
0.51  0.049748538591648225 
0.52  0.050941166966049965 
0.53  0.052090499549772414 
0.54  0.0531948965939425 
0.55  0.054254252522750464 
0.56  0.05526920604679666 
0.57  0.056240892267210324 
0.58  0.057172182616716256 
0.59  0.058065016088478486 
0.6  0.05892254938555298 
0.7  0.06622903902910147 
0.8  0.07246995841378324 
0.9  0.07819971613098865 
1.0  0.08351660228547256 
1.1  0.08848200492572073 
1.2  0.09315326050484238 
1.3  0.09757975871565551 
1.4  0.10179839024928738 
1.5  0.10583942047530859 
1.6  0.1097259474691351 
1.7  0.11347681534454493 
1.8  0.11710685330251236 
1.9  0.1206281905036622 
2.0  0.12405079401087751 
2.1  0.1273831996635505 
2.2  0.1306329637915721 
2.3  0.13380582016764633 
2.4  0.13690743490506374 
2.5  0.13994268354092032 
2.6  0.14291565616691237 
2.7  0.14582996098576512 
2.8  0.14868952290987264 
2.9  0.15149709613491527 
3.0  0.15425531626999553 
