#mmax= 5
#m-states: all states (FBR)
#Nr. of sites: 10
 
0.0  -8.615372482148078e-15 
0.1  1.6714058901208222e-9 
0.2  -5.3054018141401886e-8 
0.3  -9.086879764509804e-6 
0.4  -2.250348825492457e-6 
0.41  1.5575955781520386e-6 
0.42  1.8610759416796892e-6 
0.43  4.5703383138290303e-7 
0.44  -6.106389853065308e-7 
0.45  -1.6760797304595688e-6 
0.46  2.671532233265791e-6 
0.47  -2.8495283556866714e-6 
0.48  -1.440186518454297e-7 
0.49  9.270593664626658e-7 
0.5  -9.076578278656151e-7 
0.51  1.5834042084703256e-6 
0.52  -4.3197912898254794e-7 
0.53  2.2568121997017846e-6 
0.54  1.4584152227731967e-6 
0.55  4.0447993702698045e-7 
0.56  6.124464966296762e-6 
0.57  9.773024582551624e-6 
0.58  2.4650623542585257e-5 
0.59  7.254907659537726e-6 
0.6  9.875651255332653e-6 
0.7  -4.373460127497264e-5 
0.8  0.000124223763350141 
0.9  5.889341299854291e-5 
1.0  0.00012875503493620257 
1.1  0.00018485770230578956 
1.2  0.00011874390608922509 
1.3  0.00015009684172185612 
1.4  0.00010604175852731051 
1.5  0.00014130495267709075 
1.6  0.00010939086084319083 
1.7  0.00010530235548178312 
1.8  7.963025872676269e-5 
1.9  4.5222208089628606e-5 
2.0  3.067837653951462e-5 
2.1  1.0416864690588562e-5 
2.2  -8.526069734847963e-6 
2.3  -1.2539159033599877e-5 
2.4  -6.198132954429067e-6 
2.5  -4.533134106609765e-6 
2.6  -6.471924082598717e-8 
2.7  -2.554123001145748e-6 
2.8  -7.835048568417763e-6 
2.9  1.6605710944112868e-6 
3.0  -3.7081683108952613e-6 
