#mmax= 5
#m-states: all states (FBR)
#Nr. of sites: 10

0.0  -0.0  0.0
0.1  -0.0  4.0034665070810986e-19
0.2  0.0002500312438227641  0.0002500625042395
0.3  0.000750233833258711  0.0004332018605863661
0.4  0.008779290598625571  0.001484164088385841
0.41  0.009533810262210837  0.0015467876017199545
0.42  0.012827206330346445  0.0017964009851760589
0.43  0.016345582663796192  0.0020276949547839004
0.44  0.016876535071653005  0.002062074445162505
0.45  0.018905571633763302  0.002183320709878064
0.46  0.01829899206032194  0.0021429865072030473
0.47  0.024932021063615823  0.0025074974749842026
0.48  0.02081671104836909  0.0022856499081496005
0.49  0.028395373743113992  0.002847057610081907
0.5  0.03245699890379949  0.0028597285667536524
0.51  0.0309929443983993  0.0027961214791224157
0.52  0.03198748277203734  0.0028406685610224626
0.53  0.04129951993994549  0.0032356756934423156
0.54  0.04463151031129538  0.003361710732898049
0.55  0.041093253011048214  0.0032215011784570216
0.56  0.04869561626774406  0.0035098329527815113
0.57  0.04935021349922524  0.0036574886952118312
0.58  0.05926512179161972  0.003921038078684825
0.59  0.05825946971437032  0.003847227065122362
0.6  0.06593461053179939  0.004102000296232166
0.7  0.09662367279819208  0.004955130684078089
0.8  0.1165767180379573  0.005450374388388862
0.9  0.13123960965908232  0.006236001495601572
1.0  0.1397355302265812  0.0064585799758514854
1.1  0.1398294464164988  0.006437277369769329
1.2  0.1398027954614527  0.007171744734788301
1.3  0.15522469667969274  0.007830035309900077
1.4  0.16587870039906497  0.00812873649113779
1.5  0.15912095740276755  0.008934868949771049
1.6  0.15885089450072046  0.00821156799925122
1.7  0.17348784173458107  0.008592194756327418
1.8  0.16786600884899905  0.009136845310357479
1.9  0.1791329073952573  0.008600653616907955
2.0  0.16682921685717084  0.008570723259649287
2.1  0.17084851061422945  0.009139710668258375
2.2  0.1717466114289122  0.009372114633396605
2.3  0.16161876359832045  0.009505704752586336
2.4  0.16133653376044024  0.008833348268766429
2.5  0.16213232940804095  0.009354062545405724
2.6  0.18852048987323136  0.00899007367791245
2.7  0.14590551514375952  0.010056492185313883
2.8  0.14907841324398619  0.008895600501047462
2.9  0.1440911177817899  0.009626579336387657
3.0  0.15192361183069225  0.009461747552927375
