#mmax= 5
#m-states: all states (FBR)
#Nr. of sites: 10

0.0  1.0  0.0
0.1  1.0  4.0034665070810986e-19
0.2  0.9997500000113837  0.00024999998861628675
0.3  0.9992500475217785  0.0004328769797774492
0.4  0.991259134841493  0.001471191210216162
0.41  0.9905114924234688  0.0015321108958417501
0.42  0.9872547116470908  0.0017735053366225398
0.43  0.9837872814736094  0.0019948205072246065
0.44  0.9832650758931152  0.002027565785819964
0.45  0.9812720177815545  0.002142431518446304
0.46  0.9818674179040506  0.0021041286284306762
0.47  0.9753762148123681  0.0024457533958016624
0.48  0.9793984610362497  0.002238562002509364
0.49  0.9720039859649564  0.0027673513452714763
0.5  0.9680640767527907  0.002768400494737956
0.51  0.9694824133335622  0.0027107905995534093
0.52  0.9685187051727424  0.0027512406365463927
0.53  0.9595416850343296  0.0031047657071102625
0.54  0.956349821960448  0.0032149714608895766
0.55  0.9597396271646064  0.003091802339922682
0.56  0.952471002258554  0.003343014110295906
0.57  0.9518477213986283  0.0034813722805786236
0.58  0.9424568701777851  0.0036954092754852164
0.59  0.9434051306171202  0.0036294937518854815
0.6  0.9361920793923907  0.0038402601869977943
0.7  0.9078976084186293  0.004498751297476264
0.8  0.8899618182330536  0.0048506251007414194
0.9  0.877007609718929  0.005469020765861201
1.0  0.8695881847803316  0.005616304837459291
1.1  0.8695065202060925  0.005597254645389557
1.2  0.8695296936940713  0.00623604500249254
1.3  0.856222765454776  0.006704254486651188
1.4  0.8471489867913792  0.006886250882361489
1.5  0.8528931889846929  0.007620488871730544
1.6  0.8531235548996899  0.007005482082821734
1.7  0.8407273728862864  0.007223693324814476
1.8  0.8454671122068945  0.007724902219229044
1.9  0.8359947821241046  0.007190101546591858
2.0  0.8463441403074778  0.00725378140900118
2.1  0.8429492616655582  0.007704312359645222
2.2  0.8421925481003176  0.007893125104188561
2.3  0.8507654854948165  0.008087125518804498
2.4  0.851005630786351  0.007517229115417097
2.5  0.8503286736048028  0.007954027597051215
2.6  0.828183533889169  0.0074454309884975315
2.7  0.8642393568584543  0.008691216338487741
2.8  0.8615015591184093  0.0076635737009468925
2.9  0.8658088538827086  0.008334777622048763
3.0  0.8590538997895737  0.008128151134166718
