#mmax= 5
#m-states: all states (FBR)
#Nr. of sites: 10
 
0.0  9.514647546237742e-31 
0.1  0.45374808079492335 
0.2  0.9314898952508563 
0.3  1.465680886563498 
0.4  2.110276342238869 
0.41  2.1838164923165344 
0.42  2.2593202224037707 
0.43  2.3368568456513694 
0.44  2.416455137965886 
0.45  2.4981009578493274 
0.46  2.5817718806900345 
0.47  2.6673792600824573 
0.48  2.7547923959992104 
0.49  2.843767492219837 
0.5  2.934068163006958 
0.51  3.0252871788932882 
0.52  3.1171913178960358 
0.53  3.209140298764712 
0.54  3.3008438665119493 
0.55  3.3917454838357193 
0.56  3.4813585568503242 
0.57  3.569321327165591 
0.58  3.6550560129004386 
0.59  3.7383836166560056 
0.6  3.8190222929139575 
0.7  4.462411369370798 
0.8  4.8782387765568105 
0.9  5.17364824745394 
1.0  5.40244544963815 
1.1  5.589191486698054 
1.2  5.746661108138019 
1.3  5.882413658092223 
1.4  6.00141231864028 
1.5  6.107048800323353 
1.6  6.201784644909662 
1.7  6.287459899441346 
1.8  6.365491950892492 
1.9  6.4369940849565 
2.0  6.502853778740315 
2.1  6.563795438332227 
2.2  6.62041442231115 
2.3  6.673209206012515 
2.4  6.722598590857857 
2.5  6.7689376826730285 
2.6  6.812532975130019 
2.7  6.853646679128733 
2.8  6.8925071384952705 
2.9  6.92931466616972 
3.0  6.964245439300318 
