#mmax= 5
#m-states: all states (FBR)
#Nr. of sites: 10
 
0.0  0.0 
0.1  -0.222339391559979 
0.2  -0.42823832099826215 
0.3  -0.5986422025778746 
0.4  -0.7080598396142552 
0.41  -0.7143568180544501 
0.42  -0.7196612813714155 
0.43  -0.723930373334374 
0.44  -0.727136895177149 
0.45  -0.7292565027837621 
0.46  -0.7302697246651362 
0.47  -0.730167656056131 
0.48  -0.7289544054547837 
0.49  -0.7266606155351005 
0.5  -0.7233156365120774 
0.51  -0.7189921555140486 
0.52  -0.7137335576108883 
0.53  -0.7076736319321838 
0.54  -0.7008812873258623 
0.55  -0.6934902894539364 
0.56  -0.6856278356942715 
0.57  -0.6774010268564362 
0.58  -0.6689732661176178 
0.59  -0.6604212268872508 
0.6  -0.6518505254556417 
0.7  -0.5778268279418437 
0.8  -0.5298169855404363 
0.9  -0.4969032226433033 
1.0  -0.47165744185818326 
1.1  -0.4508767231797529 
1.2  -0.4330918078485864 
1.3  -0.41752564091271216 
1.4  -0.4036744482202264 
1.5  -0.3912147267619346 
1.6  -0.37990881953651057 
1.7  -0.3695786301011435 
1.8  -0.3600832159934023 
1.9  -0.35131018984518503 
2.0  -0.3431693420788745 
2.1  -0.33558618097304005 
2.2  -0.32849872237156363 
2.3  -0.32185312059923904 
2.4  -0.3156045765803251 
2.5  -0.30971489778174555 
2.6  -0.3041497394733884 
2.7  -0.2988800580884433 
2.8  -0.2938812206566941 
2.9  -0.28913003062557807 
3.0  -0.284606041831262 
