#mmax= 10
#m-states: all states (FBR)
#Nr. of sites: 42
 
0.0  21.00000000000007 0.011904761904764083 
0.1  25.929052484623877 0.017538873517193188 
0.2  33.65455729563533 0.02696676041042234 
0.3  48.04748147907522 0.046485518593924136 
0.4  87.66629392268214 0.11164595503302877 
0.41  96.15398849747893 0.12712047195488585 
0.42  106.54740348518125 0.14661136127233032 
0.43  119.44496999017781 0.17086612883365027 
0.44  136.1574165021508 0.20230292157884677 
0.45  158.2510404785581 0.24262454771947328 
0.46  187.89202324500155 0.2930512533395968 
0.47  228.1699916693989 0.35356603823290855 
0.48  281.7505616560928 0.420217249794549 
0.49  347.96198242706004 0.48459359595910034 
0.5  420.7009413297035 0.5380527086554772 
0.51  489.8626982102728 0.5762235587469509 
0.52  548.2493327295181 0.600688266546946 
0.53  595.5344000235729 0.6160300117174204 
0.54  633.9775079217072 0.6258795770306667 
0.55  665.9843096993907 0.6325055961264973 
0.56  693.4800174495604 0.6372310698777734 
0.57  717.5699720423548 0.6407455225341743 
0.58  739.1204323323198 0.643480415939115 
0.59  758.5385071219789 0.6456527254160055 
0.6  776.3996011884503 0.6474528811106459 
0.7  901.1193769422698 0.6560708575902696 
0.8  978.3482312833951 0.6591941276035074 
0.9  1034.1258638883046 0.6608297443937906 
1.0  1077.6914930718885 0.6618507449557736 
1.1  1113.3375961154677 0.6625556006722627 
1.2  1143.4209500058125 0.6630750029441883 
1.3  1169.3728027358359 0.6634756858569679 
1.4  1192.1294429939373 0.6637951658598521 
1.5  1212.3309348520384 0.6640562763251925 
1.6  1230.4539795284795 0.6642740653597538 
1.7  1246.8455645979152 0.6644586386797915 
1.8  1261.7754873289903 0.6646171016330833 
1.9  1275.4519500828892 0.6647546464800054 
2.0  1288.05213423013 0.6648752596018429 
2.1  1299.715700125251 0.6649819190909465 
2.2  1310.546473180617 0.6650768077216809 
2.3  1320.642597348045 0.6651617926132629 
2.4  1330.0883237465443 0.6652383851585384 
2.5  1338.9505871657243 0.6653077573315267 
2.6  1347.2875086645452 0.6653708679131611 
2.7  1355.1477184073246 0.6654285065692476 
2.8  1362.577100716466 0.6654813705347506 
2.9  1369.6134144483956 0.6655300196714499 
3.0  1376.2899221958246 0.6655749300145282 
3.1  1382.636574714067 0.6656165157003943 
3.2  1388.6799925881428 0.6656551392816853 
3.3  1394.4406478594776 0.6656910560301953 
3.4  1399.949384597889 0.6657246328939568 
3.5  1405.2150178629188 0.6657560044664139 
3.6  1410.257420676397 0.665785404863728 
3.7  1415.0922127497274 0.6658130114922933 
3.8  1419.7302856555611 0.6658389595584734 
3.9  1424.1940199748306 0.6658634654403277 
4.0  1428.4808469594648 0.6658865427072399 
4.1  1432.6131414035249 0.6659083945272671 
4.2  1436.5960915463315 0.6659290853111661 
4.3  1440.437692968441 0.66594869863112 
4.4  1444.1474678995746 0.6659673252281313 
4.5  1447.7318558690852 0.6659850302398698 
4.6  1451.1981352887879 0.666001882375257 
4.7  1454.552122645288 0.6660179372912427 
4.8  1457.8005207545543 0.6660332550662047 
4.9  1460.949027392729 0.6660478855905831 
5.0  1464.00131432575 0.6660618659962407 
