#mmax= 10
#m-states: all states (FBR)
#Nr. of sites: 42
 
0.0  21.000000000000025 0.011904761904764971 
0.1  19.034029778982916 0.009700478067231622 
0.2  17.260181994447038 0.0077595675419817045 
0.3  15.673846974667848 0.0061113565551464966 
0.4  14.269366462417798 0.0048701364076014775 
0.41  14.136887549696626 0.0047754947930461755 
0.42  14.005276115864007 0.004689483092700564 
0.43  13.874419078787971 0.004608886304522608 
0.44  13.744133066480224 0.004539209920223386 
0.45  13.61411192823155 0.004483143304023107 
0.46  13.483927681846861 0.004437733143048073 
0.47  13.353099775128404 0.00440623612088864 
0.48  13.221512113143254 0.004391653089647951 
0.49  13.089883006543323 0.004394625905434935 
0.5  12.960848986156353 0.004416207469390643 
0.51  12.837461881572613 0.004441815654396608 
0.52  12.7214753955071 0.004463642831013193 
0.53  12.612653633940717 0.004479477839351431 
0.54  12.509861733978529 0.00448858295338872 
0.55  12.41210635178044 0.00449320919356444 
0.56  12.318532332317327 0.004494490192132439 
0.57  12.22858673783394 0.004493349268598568 
0.58  12.141858873537858 0.00449051704301584 
0.59  12.058094502706574 0.00448634093575051 
0.6  11.976870010179455 0.004481450110617402 
0.7  11.275662570016472 0.004407585931802793 
0.8  10.713004228690147 0.004315336878349729 
0.9  10.241233974537458 0.0042234945357165765 
1.0  9.835006813762375 0.004138969538828308 
1.1  9.478757532660046 0.004058266133472932 
1.2  9.162023510090314 0.003977692098655394 
1.3  8.87758097790468 0.00390207629615813 
1.4  8.619888487998612 0.0038304146229997116 
1.5  8.384870759032989 0.003763596419060211 
1.6  8.169193997683442 0.0036997838509189584 
1.7  7.97027271605716 0.0036395845704857432 
1.8  7.785964812715321 0.003582519344236923 
1.9  7.614535624835508 0.0035287706987845446 
2.0  7.454491618514217 0.003477846552220387 
2.1  7.304575874530664 0.003428982270763492 
2.2  7.163784495494072 0.003382437434166219 
2.3  7.03119805957611 0.003337993524305083 
2.4  6.9060251420788195 0.0032955007250276003 
2.5  6.787587852752384 0.0032548788059514333 
2.6  6.675286842313547 0.003215880999375753 
2.7  6.568614247503605 0.0031783089831182165 
2.8  6.467096571332673 0.003142160369479785 
2.9  6.370328744094899 0.0031073583244606295 
3.0  6.277947620757731 0.003073788879813466 
3.1  6.189630180213822 0.0030414306453665496 
3.2  6.1050796253078135 0.0030103108577553828 
3.3  6.024037573645676 0.002979776481497276 
3.4  5.946228698513264 0.002950861384221626 
3.5  5.871479395563344 0.0029221313883692757 
3.6  5.799584447120195 0.0028948346226994603 
3.7  5.730360643956312 0.0028679477524902186 
3.8  5.663648072443693 0.0028421132916540692 
3.9  5.599280370624946 0.002817101494593688 
4.0  5.537150577673623 0.0027930762215279126 
4.1  5.477108349953254 0.0027697144369238647 
4.2  5.419036594033246 0.002746668405456898 
4.3  5.362838190365515 0.00272426541998394 
4.4  5.308405498925693 0.002702438129641549 
4.5  5.255652163597887 0.0026811789264871155 
4.6  5.204492587997007 0.002660472316735385 
4.7  5.154847993515906 0.0026402675109730156 
4.8  5.1066368114975305 0.0026208423335850606 
4.9  5.059797794167966 0.002601317396187297 
5.0  5.014265670302367 0.002582814820481949 
