#mmax= 10
#m-states: all states (FBR)
#Nr. of sites: 42
 
0.0  -4.107992332858646e-22 
0.1  0.025784090807565593 
0.2  0.05657938350849837 
0.3  0.09920269482354901 
0.4  0.1666573556684393 
0.41  0.17580519640487693 
0.42  0.18561686033161967 
0.43  0.19617045302031205 
0.44  0.20760720954145367 
0.45  0.22007867475622792 
0.46  0.23378105470136198 
0.47  0.24893824115427118 
0.48  0.26567107681825547 
0.49  0.2836818952367225 
0.5  0.3020547463039801 
0.51  0.3194755928546226 
0.52  0.33504838461305636 
0.53  0.34875269920707397 
0.54  0.3609067211965498 
0.55  0.37185077969586133 
0.56  0.3818671197925204 
0.57  0.39112360705580534 
0.58  0.39976261662465373 
0.59  0.407851792384983 
0.6  0.4155015097918326 
0.7  0.4747251965597809 
0.8  0.5157415795000689 
0.9  0.5469918510490875 
1.0  0.572148523002155 
1.1  0.5931286816795951 
1.2  0.6110651344474644 
1.3  0.6266832852907191 
1.4  0.6404725162740659 
1.5  0.6527807655172402 
1.6  0.6638693691528269 
1.7  0.6739335503661863 
1.8  0.6831267227928637 
1.9  0.6915689291120977 
2.0  0.6993625863440555 
2.1  0.706589065106318 
2.2  0.7133107285103037 
2.3  0.7195853099687417 
2.4  0.7254627576167717 
2.5  0.7309830586631828 
2.6  0.7361811306980272 
2.7  0.7410866490818225 
2.8  0.7457269470318161 
2.9  0.7501250243900063 
3.0  0.7543011282729883 
3.1  0.7582735414772758 
3.2  0.7620583664732169 
3.3  0.7656683805405189 
3.4  0.7691215247861548 
3.5  0.7724242826066134 
3.6  0.7755884230676439 
3.7  0.7786236701434153 
3.8  0.7815365639208757 
3.9  0.7843408498601699 
4.0  0.7870352544341002 
4.1  0.789633262508801 
4.2  0.792138104921153 
4.3  0.7945548753222247 
4.4  0.7968892830679062 
4.5  0.7991454384026162 
4.6  0.8013278665907996 
4.7  0.803440176103528 
4.8  0.80548633311764 
4.9  0.8074701428229947 
5.0  0.8093937306036046 
