#mmax= 10
#m-states: all states (FBR)
#Nr. of sites: 42
 
0.0 4.263256414560601e-14
0.1 -0.2569080567617309
0.2 -1.0360651216036036
0.3 -2.3673197721265726
0.4 -4.321982024082473
0.41 -4.55710820594133
0.42 -4.800410737164794
0.43 -5.0522510114539045
0.44 -5.313058035836463
0.45 -5.583341464009749
0.46 -5.863713463627647
0.47 -6.154917478043892
0.48 -6.4578005188114815
0.49 -6.773166655514014
0.5 -7.101426814075707
0.51 -7.442239056576051
0.52 -7.794563340836731
0.53 -8.157114247504287
0.54 -8.528732329850769
0.55 -8.908492181907132
0.56 -9.295672024883572
0.57 -9.689697877008044
0.58 -10.090093961557207
0.59 -10.496458344280924
0.6 -10.908442305104742
0.7 -15.2825202953236
0.8 -20.006967732567986
0.9 -24.985748675520433
1.0 -30.16314609094857
1.1 -35.502759257856674
1.2 -40.97893633762134
1.3 -46.572613342569056
1.4 -52.26905972409942
1.5 -58.056549570255825
1.6 -63.925536683235315
1.7 -69.86808735309391
1.8 -75.87752586398028
1.9 -81.94814821864549
2.0 -88.0750373110161
2.1 -94.25391277955163
2.2 -100.48101822475942
2.3 -106.7530346583369
2.4 -113.0670103876342
2.5 -119.42030481301947
2.6 -125.81054953907869
2.7 -132.23560585332007
2.8 -138.69353025257107
2.9 -145.1825575515865
3.0 -151.70107467802802
3.1 -158.2476042596888
3.2 -164.82078468353347
3.3 -171.41937207024858
3.4 -178.04220749504788
3.5 -184.68821985412862
3.6 -191.35641486368894
3.7 -198.0458677750804
3.8 -204.75571689814558
3.9 -211.48515590198636
4.0 -218.23343182791035
4.1 -224.9998380993834
4.2 -231.7837115501295
4.3 -238.5844277176108
4.4 -245.40139950211028
4.5 -252.23407272564657
4.6 -259.0819239633487
4.7 -265.9444585173728
4.8 -272.8212080019603
4.9 -279.71172823503593
5.0 -286.61559772376233
