0.0  -2.2204460492503128e-16  0.0
0.1  0.006289785283589243  0.0002511896542279724
0.2  0.027284371588354842  0.0005314697260553723
0.3  0.06612209006319443  0.0008293595420070521
0.4  0.14833406530410492  0.0012685502311680296
0.41  0.163563058643812  0.0013435904042761388
0.42  0.18024572768866426  0.0014156818647579473
0.43  0.19856812089317952  0.0014905469848888742
0.44  0.22226376128932546  0.0015935348407221175
0.45  0.25003200624484745  0.0017052452101688285
0.46  0.2838376559507214  0.00183356033246924
0.47  0.3329165920529612  0.002016601022246009
0.48  0.4004395349066801  0.0022562748568931666
0.49  0.4823920015909851  0.002549068155082513
0.5  0.5707806828579185  0.0028505682666912563
0.51  0.6371732832843905  0.003079514188635662
0.52  0.6817712766775613  0.003233297034995849
0.53  0.7132987320901132  0.003325231179958369
0.54  0.7130993139924368  0.0033161140344150518
0.55  0.7171987425185534  0.0033320879150407815
0.56  0.7164344726650076  0.0033140893200421305
0.57  0.716858148550257  0.0033116114201206656
0.58  0.7175007529830426  0.003310445513987013
0.59  0.7159086248711423  0.003302951757454165
0.6  0.716222416446052  0.0032996890691213607
0.7  0.7084627528945637  0.00326341673373385
0.8  0.7057324570143648  0.00324947068606812
0.9  0.7070901821651464  0.0032471862574966
1.0  0.7087840919128914  0.003247324236899375
1.1  0.702777697597162  0.003233668634273703
1.2  0.7060844640558462  0.003239920426754611
1.3  0.7050189103912382  0.0032356431742623496
1.4  0.7028398002164886  0.003230476737355873
1.5  0.7073606980302369  0.003245397979312512
1.6  0.7040569368361775  0.003236675740155212
1.7  0.7039063639962904  0.003235595530193195
1.8  0.7050039538952149  0.003232227405220385
1.9  0.7054584499122613  0.0032365859651770157
2.0  0.6972780661145914  0.0032156070298799628
2.1  0.6985698192521046  0.003215091175059871
2.2  0.7028372058793156  0.003230625602019548
2.3  0.7059032214361276  0.003237661664408108
2.4  0.7016096099821039  0.003226771788098906
2.5  0.6982737697952216  0.003211714740101485
2.6  0.6966218558813813  0.0032070466362872038
2.7  0.7023170846380647  0.0032231278630288265
2.8  0.7044422532523658  0.0032301676040019877
2.9  0.6995816716760912  0.003213810973087074
3.0  0.7046185752194648  0.003230300535395518
3.1  0.7006495500870796  0.003217344676534901
3.2  0.7046632316618903  0.0032304426533026026
3.3  0.7018077085454963  0.003222572899767676
3.4  0.6977767608755213  0.003208360951150592
3.5  0.7081058039525641  0.003244120299968577
3.6  0.7038913960053438  0.0032265869194637044
3.7  0.7030394672562283  0.0032286882666637266
3.8  0.6980821523723848  0.003210324540661485
3.9  0.7010347605095144  0.0032184387341503617
4.0  0.7022825122988204  0.003224218944133924
4.1  0.6986098137888176  0.003211760892759467
4.2  0.7092334793669806  0.0032396519963300415
4.3  0.7027847612888549  0.0032218147551374013
4.4  0.7040009145053295  0.0032233436976600678
4.5  0.7041484751012138  0.0032311156355371057
4.6  0.701139006389295  0.00321564588181766
4.7  0.701288363741167  0.0032211077346255227
4.8  0.7073781317652935  0.0032379254762187185
4.9  0.6964247549108081  0.0032043481457813237
5.0  0.70480741221987  0.00323159399737597
0.0  -2.2204460492503128e-16  0.0
0.1  0.0065792967030695575  0.00025688541561131944
0.2  0.026233183313503747  0.0005154751527245994
0.3  0.06603803553300103  0.000826244954221778
0.4  0.15007300321894185  0.0012801826824489053
0.41  0.16279906315300227  0.0013360479452072115
0.42  0.1803468398369383  0.0014106658286349727
0.43  0.19739042684797964  0.001487327523180135
0.44  0.2222326040299009  0.0015889814567410993
0.45  0.2470367258354002  0.001688208060574761
0.46  0.285510057051784  0.0018440721778106967
0.47  0.33387848719290564  0.002021401695334097
0.48  0.3995864626542172  0.0022639107320311306
0.49  0.48361931987234086  0.002548925416553343
0.5  0.5739077287020845  0.0028700276775065637
0.51  0.6443717622764374  0.003104781858082487
0.52  0.6847708346415521  0.003251412304708284
0.53  0.7019984948240713  0.0032994433201432023
0.54  0.7160925816843097  0.00332560265244955
0.55  0.7146363393261788  0.0033226701195326275
0.56  0.7175590797656244  0.003317693920047744
0.57  0.7159065202362394  0.0033157094520526215
0.58  0.7106086122760815  0.003287696591262219
0.59  0.713611316881382  0.003304554268951319
0.6  0.7142948015118752  0.0032976194427724024
0.7  0.7161868467052058  0.003284509479071397
0.8  0.7103801319411864  0.0032636113045604186
0.9  0.7098515851331126  0.0032574776293900084
1.0  0.7073876005982075  0.0032469955246064216
1.1  0.7067498426335773  0.0032419116326971803
1.2  0.7024218177894106  0.0032303181977630445
1.3  0.7116959051123428  0.003259341103068021
1.4  0.7041536043939794  0.0032353152303526726
1.5  0.7069663242499942  0.0032398742082243954
1.6  0.7035937630058557  0.003231371449881442
1.7  0.6973941381167099  0.0032103466140807665
1.8  0.7046954852131093  0.003237391435452856
1.9  0.7034869162918417  0.0032301349244415727
2.0  0.7035406173761815  0.0032337662886678473
2.1  0.7078547657850873  0.003242090509368423
2.2  0.7019151111470373  0.0032265165745262543
2.3  0.6983012936431701  0.0032148353869889527
2.4  0.7033844744190059  0.0032271602699027813
2.5  0.7046174190023284  0.003230679497189994
2.6  0.7011530559603282  0.003219669225440473
2.7  0.7018392946340672  0.0032195977717606973
2.8  0.7030244284465696  0.003228134486442658
2.9  0.7045919046328482  0.003235692419820035
3.0  0.7036346240962355  0.003229036858458677
3.1  0.7083465161296902  0.0032424818568064315
3.2  0.706939918909502  0.0032410688109836324
3.3  0.7066131778140514  0.0032343418390904932
3.4  0.6997459570256903  0.0032163901288287285
3.5  0.7007998107910056  0.003220468769556201
3.6  0.7023608263831219  0.003221541147367625
3.7  0.7031118589873101  0.0032281956446205996
3.8  0.70372006939209  0.0032280639677545217
3.9  0.7010740577146457  0.003215985926777622
4.0  0.7089278309019797  0.0032441254224443205
4.1  0.7117104918233169  0.003249498422106745
4.2  0.7059837657632223  0.003232331844120283
4.3  0.7041215349814123  0.003230771228382995
4.4  0.6957551155588949  0.0032047526718442837
4.5  0.710076477932178  0.0032454959127086514
4.6  0.708382942379979  0.003239591282028197
4.7  0.7001259212807748  0.003213593813602544
4.8  0.6996113938580046  0.003214687792123838
4.9  0.7025882793209439  0.0032215872034216
5.0  0.7040091291037766  0.003227200685244473
