#mmax= 10
#m-states: all states (FBR)
#Nr. of sites: 42
 
0.0  4.440892098500627e-16 
0.1  0.00634539351100824 
0.2  0.026700987423251325 
0.3  0.0667893228149135 
0.4  0.14970095293207072 
0.41  0.16353980875847213 
0.42  0.17947052243513842 
0.43  0.19811447559911924 
0.44  0.22065020630091423 
0.45  0.24880723344804356 
0.46  0.2853705618708616 
0.47  0.3346544830139527 
0.48  0.40125122385613243 
0.49  0.48453643716447825 
0.5  0.5721410539650413 
0.51  0.6429716713940609 
0.52  0.6858658968753368 
0.53  0.7067216735959032 
0.54  0.7150939339406946 
0.55  0.717619485904702 
0.56  0.7177566043042265 
0.57  0.7170093134608646 
0.58  0.7160173298185799 
0.59  0.7150204858902631 
0.6  0.7141004868788948 
0.7  0.7090473817775258 
0.8  0.7071931372456368 
0.9  0.7061764221691142 
1.0  0.7054150630207775 
1.1  0.7049750044174543 
1.2  0.7044684766700107 
1.3  0.7041480788039701 
1.4  0.7041527855884059 
1.5  0.704073468347595 
1.6  0.7038755102160336 
1.7  0.703775354808084 
1.8  0.7037424361537638 
1.9  0.7036884922521552 
2.0  0.7036567549468147 
2.1  0.7036004059709905 
2.2  0.7035314114564702 
2.3  0.7034899195222084 
2.4  0.7034456655863063 
2.5  0.7034025633177743 
2.6  0.7033705295977242 
2.7  0.7033497507735792 
2.8  0.7033174340705413 
2.9  0.7032900812907832 
3.0  0.7032611187387997 
3.1  0.7032370643958584 
3.2  0.7032121879671732 
3.3  0.7031888116429353 
3.4  0.7031648798517266 
3.5  0.7031437566616601 
3.6  0.7031231429063632 
3.7  0.7031034851362056 
3.8  0.7030847817926755 
3.9  0.7030644121898848 
4.0  0.7030474856232083 
4.1  0.7030297483396334 
4.2  0.7030146044470509 
4.3  0.7030004351269049 
4.4  0.7029862224946999 
4.5  0.7029725797748188 
4.6  0.7029598511560559 
4.7  0.7029468915788455 
4.8  0.702934744086104 
4.9  0.7029230980016062 
5.0  0.7029114016837633 
