#mmax= 10
#m-states: all states (FBR)
#Nr. of sites: 42
 
0.0  2.2204460492503126e-16 
0.1  0.02297482254759492 
0.2  0.07702457549041031 
0.3  0.16005162923440053 
0.4  0.2919384096006101 
0.41  0.3109881914263609 
0.42  0.3322029091095575 
0.43  0.35615948836634737 
0.44  0.38412668936963495 
0.45  0.4177230137066725 
0.46  0.45926207713350176 
0.47  0.5117142781078573 
0.48  0.5761446060078855 
0.49  0.6466897013144113 
0.5  0.7098590895513898 
0.51  0.7525309295348722 
0.52  0.7730947758163871 
0.53  0.7794423491096499 
0.54  0.7788834201858112 
0.55  0.7756706884908522 
0.56  0.7717843690009982 
0.57  0.7680043698743848 
0.58  0.7645797063709043 
0.59  0.761560001347091 
0.6  0.758901165025598 
0.7  0.744273245400625 
0.8  0.7384746644818827 
0.9  0.7354179987455218 
1.0  0.7334774806222321 
1.1  0.7322004289315792 
1.2  0.7311768623803163 
1.3  0.7304209640777877 
1.4  0.7299472717652354 
1.5  0.7295151556359861 
1.6  0.7290856270690972 
1.7  0.7287511509170878 
1.8  0.7284874908613039 
1.9  0.7282429362469961 
2.0  0.728032983085427 
2.1  0.7278305644121686 
2.2  0.7276388597135878 
2.3  0.7274752471029154 
2.4  0.7273223964925537 
2.5  0.7271803549996759 
2.6  0.727053851751852 
2.7  0.726941045118661 
2.8  0.7268297734424813 
2.9  0.7267275089197024 
3.0  0.726630188110958 
3.1  0.7265406119751381 
3.2  0.7264548854699875 
3.3  0.7263748227562342 
3.4  0.726297951660633 
3.5  0.726226218131193 
3.6  0.726157975503625 
3.7  0.7260931837208311 
3.8  0.7260318642090334 
3.9  0.725971698431175 
4.0  0.7259160776231339 
4.1  0.7258619698257224 
4.2  0.7258111584634889 
4.3  0.7257626949432198 
4.4  0.7257159670303405 
4.5  0.7256711577498816 
4.6  0.7256283281199265 
4.7  0.7255868096808653 
4.8  0.7255470222661585 
4.9  0.7255087706711026 
5.0  0.7254716565276613 
