#mmax= 10
#m-states: all states (FBR)
#Nr. of sites: 42

0.0  0.0 0.0 0.0 NaN NaN 0.0 
0.1  0.0041 0.0021535733743670744 0.46378782787827866 0.0384221367610412 8.57849308328183 0.0 
0.2  0.00218 0.004294337770759176 1.844133688936889 0.004032893468609261 2.0427357625453997 0.0 
0.3  -0.00666 0.006431513825508025 4.136437008770087 -0.014339648007111318 0.7751161769691732 0.0 
0.4  -0.00108 0.008693350566924168 7.557434407944076 0.0015944535997358652 0.43283563279226556 0.0 
0.41  -0.00118 0.008943220107313634 7.998118588785887 -0.02391284519469552 0.3332908380080477 0.0 
0.42  -0.00398 0.009211573705230897 8.485309012690129 0.011747144051902247 0.32950012207670865 0.0 
0.43  0.00974 0.00950437555316216 9.033315465554654 0.020424875355750476 0.3338576790300509 0.0 
0.44  0.01138 0.00973690161337426 9.480725302853028 -0.010202647940861101 0.2931325825895015 0.0 
0.45  -0.0107 0.009999892753352444 9.999785507855073 -0.0012361569197314672 0.23984795474522658 0.0 
0.46  -0.00154 0.01029674883224628 10.602303651436515 0.011932800925093728 0.24143532816679159 0.0 
0.47  0.0023 0.010572713224269786 11.17822649226492 0.0073527475595909705 0.2192051000705435 0.0 
0.48  -0.00386 0.010930500709595038 11.947584576245763 0.011403176016847198 0.17543350557435966 0.0 
0.49  -0.00522 0.011227243117786315 12.605098802588016 -0.012090754915729196 0.18068418064942948 0.0 
0.5  0.00304 0.011580589306442346 13.41100486844868 0.0028688208497116446 0.14880713472557927 0.0 
0.51  -0.0199 0.011859015400211882 14.063624626246257 -0.003564703183100017 0.14398263530093924 0.0 
0.52  -0.0363 0.012041722182924304 14.500307313073126 -0.0022574274283700658 0.13383813813474932 0.0 
0.53  -0.00524 0.012332706368857723 15.209564638046382 -0.016982185334008953 0.11558365646917412 0.0 
0.54  0.02976 0.012559805767256479 15.77487209112091 0.01454752908775879 0.11568722980660384 0.0 
0.55  0.00608 0.012701072533783718 16.131724350843513 -0.003328856459345669 0.0487119083845311 0.0 
0.56  -0.00048 0.012978323546006264 16.84368820648206 -0.008724567191639773 0.10214564441876028 0.0 
0.57  0.00602 0.013104295281378095 17.17225548215482 0.0006682420888501035 0.07821792945487971 0.0 
0.58  0.03346 0.013277762133494962 17.62989672736727 -0.0015047812717691557 0.07710093466017609 0.0 
0.59  -0.00058 0.013409183222625715 17.980619469794696 0.00893570827367735 0.045602615570412564 0.0 
0.6  0.00592 0.013498795194783756 18.221747171071705 0.005061136752831351 0.086902736322918 0.0 
0.7  0.00854 0.014726256799010165 21.68626393103931 -0.0016128336058026521 0.03811802577249512 0.0 
0.8  -0.02397 0.015554638339053036 24.19467738587386 0.006419490768178055 0.030485661128082153 0.0 
0.9  0.02906 0.01625633408391875 26.42683978479785 -0.0004482381832401976 0.00288868901149808 0.0 
1.0  0.00272 0.016969172211515077 28.795280554405544 0.0007965018087097629 0.02073877200486196 0.0 
1.1  0.00852 0.017527422691356025 30.721054620146212 0.005997032184171818 0.037089678479926835 0.0 
1.2  -0.00846 0.017917295961694276 32.102949457894596 -0.016236630059785134 0.013810879197982295 0.0 
1.3  0.00771 0.018517557467396868 34.289993455834555 0.009423173428204066 0.028713023200094057 0.0 
1.4  -0.01251 0.018810514967797492 35.38354733537334 -0.009246129430925482 0.03392872411512737 0.0 
1.5  -0.00588 0.019347842196120384 37.43389976459765 0.013502059514961253 0.018266566126569295 0.0 
1.6  -0.02039 0.019706207799200185 38.83346258252582 0.0019375675504629533 0.043677745946932856 0.0 
1.7  0.00843 0.01998762578203935 39.95051844028441 -0.0012668416597810658 0.012125706778497225 0.0 
1.8  -0.01558 0.020397395254623363 41.60537331733317 0.009517291854218148 -0.0077439891482327106 0.0 
1.9  -0.0063 0.02070985977941234 42.8898292082921 -0.00938267208435627 0.02023501130220584 0.0 
2.0  -0.01352 0.021037314414677027 44.256859778197786 0.003407001968468881 0.015921592496231707 1.71747e-319 
2.1  0.02646 0.021356651417055 45.610655974959734 0.00023498950675098713 0.010106514039984749 5.02577083e-316 
2.2  0.00347 0.02161265487300222 46.71068506595067 0.008011318812576527 0.03582747203240766 2.0836533004659375e-300 
2.3  -0.00694 0.02192957198454348 48.09061274252742 0.007263097977759585 0.014728412671474622 3.7006608314367245e-297 
2.4  -0.04592 0.02213759278390816 49.00730142661427 -0.009110767409121177 -0.0044953050266025585 5.744291139674493e-303 
2.5  -0.01243 0.022377224187834905 50.074016235262356 8.052673317459664e-5 -0.00813903782220926 1.0406365233709468e-275 
2.6  -0.00599 0.022739052571382968 51.70645118441184 0.002373543351561941 0.006596913984985964 1.7660847768335448e-274 
2.7  -0.0147 0.02291083342357675 52.49062881628815 0.012116289064123077 0.011108612965529563 4.141376644809018e-276 
2.8  -0.0043 0.023158000302914334 53.62929780297804 -0.0062579235908800535 -0.0017694670197725415 5.7690043663859794e-263 
2.9  -0.01278 0.023360741083241335 54.57242239582395 0.008408661519990809 0.016856120685213583 3.207703478679828e-251 
3.0  0.0104 0.023595759915689515 55.675988599886004 -0.025266480888402932 -0.008532456222550167 2.7668391207096056e-279 
3.1  -0.01554 0.0239107194017458 57.17225023090231 -0.013072108338509272 0.006227310177366885 3.43523246933944e-245 
3.2  -0.06497 0.024089335647790693 58.029609195191945 0.008618872190604851 0.003443204328443361 3.023482735053912e-256 
3.3  -0.01452 0.02421220671491015 58.623095400554 -0.001149751441916367 0.012644644311780695 2.3444343055454097e-252 
3.4  0.00214 0.024497574482294268 60.01311555155552 0.002133517602786797 0.013370443543939903 1.6546259050275737e-232 
3.5  0.04468 0.024615659574404314 60.59306962829628 -0.022654731847164173 -0.012358813020249215 7.497600592156091e-234 
3.6  -0.04544 0.024839354299160437 61.699352199922004 -0.0010293417373167888 0.031040838968757978 1.0031955065056408e-232 
3.7  -0.01434 0.025060247879944007 62.80160238042381 -5.78266653531858e-5 0.012185446130592137 4.2555646390269396e-229 
3.8  -0.04299 0.025155435725871762 63.279594655846545 -0.003450376621918148 0.013552650690716206 5.5758381331609365e-220 
3.9  0.01872 0.025510864423967224 65.08042036580366 -0.0036404641955719787 -0.007185519621368375 1.815663152427447e-223 
4.0  -0.04344 0.025635364272485264 65.71719013830139 0.009759921456073207 0.035249695077351983 6.477353302681347e-211 
4.1  -0.01151 0.025780838266340703 66.46516217152171 -0.009023027286159481 -0.007915924931355622 2.6420104547986015e-218 
4.2  -0.00838 0.025956945802354213 67.3763035386354 0.009125543363613124 0.00696503729394049 3.6024476065688844e-208 
4.3  0.02521 0.026171182507997968 68.49307938669388 -0.0002691495815438076 0.002219620102912323 4.438133195189186e-211 
4.4  -0.01391 0.026181933084766688 68.54936200552005 0.002406142734918793 0.012719148919203782 3.217964198061868e-201 
4.5  0.02807 0.02657298406249889 70.61234819858198 0.006265191494578698 0.012902248162704133 1.7809657867539073e-200 
4.6  0.02196 0.026631546518681565 70.92392699767001 0.007962424054152371 0.002967709063707691 2.24112390733705e-198 
4.7  -0.02731 0.02677387924909463 71.68406100451001 -0.013227193596295036 -0.013153370855958801 1.6917275878729726e-202 
4.8  0.01049 0.026970915333034938 72.7430273901739 0.0022334634705953225 0.010150183537426916 3.51000546864567e-197 
4.9  0.01419 0.026946679715216804 72.61235476744768 -0.010551174558518136 0.007545294408746184 1.0994981256246154e-194 
5.0  0.00544 0.027123175712489997 73.56666607306073 0.005299736397877689 -0.0068922079634301525 7.382221228197399e-195 
