#mmax= 10
#m-states: all states (FBR)
#Nr. of sites: 42
 
0.0  -1.744501839483324e-41 
0.1  0.0024810334719629966 
0.2  0.009691559133533327 
0.3  0.020902456382161996 
0.4  0.034670654307973066 
0.41  0.03609609421287804 
0.42  0.03751505002756813 
0.43  0.0389221429590031 
0.44  0.04031134398562733 
0.45  0.04167476380876829 
0.46  0.04300264838635104 
0.47  0.044283312585511256 
0.48  0.04550199576769669 
0.49  0.0466458306286006 
0.5  0.04771245568072808 
0.51  0.048716187971589164 
0.52  0.049679320927670086 
0.53  0.050615856760207856 
0.54  0.05153155458227384 
0.55  0.05242792748185946 
0.56  0.05330498771340201 
0.57  0.054163191953769015 
0.58  0.05500273325952897 
0.59  0.05582443149597649 
0.6  0.05662938652985835 
0.7  0.06391057388822158 
0.8  0.07018090473579765 
0.9  0.07578015089652687 
1.0  0.08090123732792136 
1.1  0.08566320600587361 
1.2  0.09014318486888717 
1.3  0.09439202307313008 
1.4  0.0984499296137059 
1.5  0.10234307585965798 
1.6  0.10609314669321863 
1.7  0.10971640261668593 
1.8  0.11322651884906186 
1.9  0.11663506733238417 
2.0  0.11994931347148363 
2.1  0.12317701153282153 
2.2  0.12632660398871998 
2.3  0.12940356869729064 
2.4  0.13241147617111018 
2.5  0.13535540670164503 
2.6  0.13823969459946675 
2.7  0.1410680764880207 
2.8  0.14384346605307063 
2.9  0.14656883383716687 
3.0  0.1492469328742916 
3.1  0.15187987091867336 
3.2  0.15446978920024 
3.3  0.15702060486386446 
3.4  0.1595301779068168 
3.5  0.16200339031191513 
3.6  0.16444165832370902 
3.7  0.16684550298188253 
3.8  0.16921997869414623 
3.9  0.17155719320469176 
4.0  0.1738707140304346 
4.1  0.176151096324783 
4.2  0.1784039360039719 
4.3  0.1806302804936417 
4.4  0.1828303910236405 
4.5  0.18500568255873281 
4.6  0.18715653477856298 
4.7  0.18928429410287737 
4.8  0.19138989837319095 
4.9  0.1934720172760612 
5.0  0.1955343404752155 
