#mmax= 10
#m-states: all states (FBR)
#Nr. of sites: 42
 
0.0  -8.221186965929798e-8 
0.1  -1.9683327804531454e-8 
0.2  3.6782117328423545e-7 
0.3  -5.674623342572966e-6 
0.4  -2.4491111122860743e-5 
0.41  4.060515841511287e-5 
0.42  -4.52034657663219e-6 
0.43  5.155315135849927e-6 
0.44  -1.6898693261594345e-6 
0.45  1.8499159185545694e-6 
0.46  2.2333300412236185e-5 
0.47  -0.00015092693404747447 
0.48  -0.00016198689129032234 
0.49  -0.0007899711059410993 
0.5  -0.005444565644888495 
0.51  -0.006605142361965366 
0.52  -0.00850284563239843 
0.53  -0.01091015157954356 
0.54  -0.012988950678376443 
0.55  -0.019168071630733592 
0.56  -0.019433207632089323 
0.57  -0.01734230017706127 
0.58  -0.021017029797610488 
0.59  -0.018398375588715075 
0.6  -0.017769887012852502 
0.7  -0.11994383930197607 
0.8  -0.13304487137551377 
0.9  -0.33723955138740697 
1.0  -0.5836713724467966 
1.1  -0.6527599777090758 
1.2  -0.8399071275214345 
1.3  -0.9216122733751141 
1.4  -0.8121013565673187 
1.5  -0.7730701281394171 
1.6  -0.8396268168357369 
1.7  -0.8441452710437309 
1.8  -0.8068595594969308 
1.9  -0.7921013300415163 
2.0  -0.7646946327101646 
2.1  -0.7628034908948487 
2.2  -0.7765395979090475 
2.3  -0.7710636612355996 
2.4  -0.7713736721250752 
2.5  -0.7737177255761473 
2.6  -0.7693127135118607 
2.7  -0.7572065904827769 
2.8  -0.7574615775029843 
2.9  -0.7552095119325201 
3.0  -0.7561571200415174 
3.1  -0.7542569157017578 
3.2  -0.7544404081703648 
3.3  -0.7547621058563426 
3.4  -0.7566393987288368 
3.5  -0.7570936343126992 
3.6  -0.758100949363862 
3.7  -0.7591539392689146 
3.8  -0.7602864256748592 
3.9  -0.7635502859333022 
4.0  -0.764541163480531 
4.1  -0.766868805860719 
4.2  -0.7674147371627815 
4.3  -0.7676293893894117 
4.4  -0.7684379047576452 
4.5  -0.7692356776242375 
4.6  -0.7696519749497996 
4.7  -0.770749896944912 
4.8  -0.7714882948843537 
4.9  -0.772171771892566 
5.0  -0.773271754551809 
