#mmax= 10
#m-states: all states (FBR)
#Nr. of sites: 42

0.0  -2.2204460492503128e-16  0.0
0.1  -0.0  8.803769590439906e-20
0.2  -0.0  2.8303426190827757e-19
0.3  -0.0  3.0466419951039853e-19
0.4  -0.0  2.902350700718129e-19
0.41  -0.0  3.118260324190735e-19
0.42  1.0000050000287824e-5  1.000010000100001e-5
0.43  1.0000050000287824e-5  1.000010000100001e-5
0.44  1.0000050000287824e-5  1.0000100001000001e-5
0.45  -0.0  3.0465813076437085e-19
0.46  1.0000050000287824e-5  1.0000100001000008e-5
0.47  2.000020000268671e-5  1.4142347759123804e-5
0.48  2.000020000268671e-5  1.4142347759120238e-5
0.49  9.000405024282883e-5  3.000150009896612e-5
0.5  7.00024501142428e-5  2.6458571465360076e-5
0.51  0.00013000845073192407  3.605803688201286e-5
0.52  0.00013000845072948125  3.605803688133552e-5
0.53  0.00019001805228024214  4.3593348945380824e-5
0.54  0.00024002880456631582  4.899591966094951e-5
0.55  0.0003300544619222684  5.745539460762377e-5
0.56  0.0003800722150635067  6.165616351251395e-5
0.57  0.0003500612635874768  5.917144942740624e-5
0.58  0.00044009682402427764  6.634742485124095e-5
0.59  0.0005301404791130762  7.282076013973971e-5
0.6  0.00044009681101029035  6.634742288886206e-5
0.7  0.0015311715365157151  0.00012378851291207826
0.8  0.002593358484247139  0.00016114430622210312
0.9  0.00387749775117692  0.00019710539590938998
1.0  0.0053441523236852665  0.0002314823617436313
1.1  0.007084920072418638  0.0002666463606968042
1.2  0.009462125467978942  0.0003082993093610088
1.3  0.011282005038715015  0.00033681722219346924
1.4  0.012911863835830343  0.0003604795826695127
1.5  0.015032327276203687  0.00038908505534528836
1.6  0.01701240462560448  0.00041409978618053904
1.7  0.019616835521534638  0.00044493427539608736
1.8  0.020903098486381645  0.00045935674360842924
1.9  0.023117187823152655  0.0004832807579898128
2.0  0.025757358289235206  0.0005104060319184241
2.1  0.028323980088986307  0.000535549995596031
2.2  0.030209408797507827  0.0005532054387963594
2.3  0.0319253703228015  0.0005705038108554081
2.4  0.03454605066513128  0.0005955921766454788
2.5  0.03684388705622858  0.0006116570759976311
2.6  0.03828149119596617  0.0006239328624038702
2.7  0.04083325449342372  0.0006442765529561988
2.8  0.042865234496951704  0.000660488805663652
2.9  0.04538432645023378  0.0006796921638873903
3.0  0.04737278098989832  0.0006963284445284238
3.1  0.050389540759024506  0.0007185816815356433
3.2  0.05054849491413697  0.0007212739439665058
3.3  0.05364562439812251  0.0007449798384665111
3.4  0.05558062098490405  0.000759083521334484
3.5  0.05597179106363391  0.0007674706109402492
3.6  0.059090939851516984  0.0007891245665066873
3.7  0.06123182641779292  0.000793698006774925
3.8  0.0635006380951475  0.0008134007466845377
3.9  0.06547185290159448  0.0008281483520430586
4.0  0.06514412423328242  0.0008287718400228927
4.1  0.0686714667957454  0.0008431797808462503
4.2  0.07068234334640283  0.0008682334144215125
4.3  0.07439072991049897  0.0008905487752651403
4.4  0.07404874099307546  0.0008754418765624112
4.5  0.07454342455063914  0.0009051231642815022
4.6  0.0763064766338436  0.0008946259558640201
4.7  0.07879812281583619  0.0009088557521870366
4.8  0.08127034097279279  0.000934972376035864
4.9  0.08115706853686691  0.0009386352607521347
5.0  0.08298686403032819  0.0009408914861741579
