#mmax= 10
#m-states: all states (FBR)
#Nr. of sites: 42

0.0  1.0000000000000002  0.0
0.1  1.0  8.803769590439906e-20
0.2  1.0  2.8303426190827757e-19
0.3  1.0  3.0466419951039853e-19
0.4  1.0  2.902350700718129e-19
0.41  1.0  3.118260324190735e-19
0.42  0.99999  1.0e-5
0.43  0.99999  1.0e-5
0.44  0.99999  9.999999999999992e-6
0.45  1.0  3.0465813076437085e-19
0.46  0.99999  9.999999999999999e-6
0.47  0.99998  1.4142064912168622e-5
0.48  0.99998  1.4142064912165056e-5
0.49  0.9999100000000002  2.9998799963957218e-5
0.5  0.9999300000000001  2.6456719365357503e-5
0.51  0.9998700000000005  3.605334933721821e-5
0.52  0.9998700000000029  3.6053349336541054e-5
0.53  0.9998100000000064  4.358506620908148e-5
0.54  0.9997600000000425  4.8984160640232965e-5
0.55  0.9996700000000597  5.7436434327406685e-5
0.56  0.9996200000032311  6.163273417057841e-5
0.57  0.9996500000007077  5.9150739420148524e-5
0.58  0.9995600000043778  6.631823198459685e-5
0.59  0.9994700000205214  7.278216513836004e-5
0.6  0.9995600000173861  6.631823002394448e-5
0.7  0.9984700001085486  0.00012359911650075984
0.8  0.9974100013648082  0.00016072694268891893
0.9  0.9961300100362839  0.00019634260000542635
1.0  0.9946701022541611  0.00023024858442557245
1.1  0.9929401188060839  0.00026476386906949465
1.2  0.9905824995810238  0.00030539590048593145
1.3  0.9887813981178847  0.00033303860387064074
1.4  0.9871711366636002  0.0003558550393678831
1.5  0.985080094132041  0.00038327994294490704
1.6  0.9831314891812265  0.0004071145394573008
1.7  0.980574322583339  0.0004362911256906271
1.8  0.9793138569668244  0.0004498544243068915
1.9  0.9771479672202588  0.0004722368102664114
2.0  0.9745715326260592  0.0004974271887883239
2.1  0.9720733833585784  0.0005205938961767056
2.2  0.9702423349928061  0.0005367433366684996
2.3  0.9685788641099415  0.0005525779330887241
2.4  0.966043851700232  0.0005753681603691233
2.5  0.9638265894109928  0.0005895313534478972
2.6  0.9624419838119013  0.0006004991818574189
2.7  0.9599891904866157  0.0006184985265219285
2.8  0.9580404921764487  0.0006327750204550399
2.9  0.9556301373091046  0.0006495343159036292
3.0  0.9537317982303066  0.0006641105795590059
3.1  0.9508589540300464  0.0006832698260901337
3.2  0.9507078230601435  0.0006857207810984006
3.3  0.9477679128220471  0.000706067986597911
3.4  0.9459357583236903  0.0007180442463845522
3.5  0.9455658089199194  0.0007256939690559814
3.6  0.9426210434414896  0.0007438454222858466
3.7  0.9406051573741638  0.0007465564385700886
3.8  0.9384735204650735  0.0007633550622899575
3.9  0.9366254096761816  0.0007756647895049844
4.0  0.9369324189795292  0.0007765032048547642
4.1  0.9336333592574126  0.0007872207712494137
4.2  0.9317578241951053  0.0008089832771148756
4.3  0.9283089049143277  0.0008267043583391781
4.4  0.9286264305637858  0.0008129584649982143
4.5  0.9281671679416663  0.0008401056040295615
4.6  0.9265322025707204  0.0008288997573636267
4.7  0.924226485853701  0.000839988557991747
4.8  0.9219444184008363  0.0008619925634452326
4.9  0.9220488552056908  0.0008654675676322009
5.0  0.9203632370042873  0.0008659619338850226
