#mmax= 10
#m-states: all states (FBR)
#Nr. of sites: 42
 
0.0  -1.6842768564720447e-20 
0.1  2.069538577995802 
0.2  4.266040494830507 
0.3  6.77434704974616 
0.4  9.982265330294817 
0.41  10.374385057437046 
0.42  10.786894923110953 
0.43  11.2223776826496 
0.44  11.685564187508259 
0.45  12.18149773926705 
0.46  12.716708888637159 
0.47  13.298630514502488 
0.48  13.931000046608256 
0.49  14.6030451315214 
0.5  15.282857669827592 
0.51  15.925359763135164 
0.52  16.50038734228906 
0.53  17.00800468812549 
0.54  17.459732922810222 
0.55  17.86766162703888 
0.56  18.241762860809857 
0.57  18.58801399652042 
0.58  18.91147276117282 
0.59  19.214602362545826 
0.6  19.50134702351091 
0.7  21.72280416733005 
0.8  23.259105424185712 
0.9  24.426721716004376 
1.0  25.364295831575593 
1.1  26.144459659204472 
1.2  26.810134195468112 
1.3  27.388739311686955 
1.4  27.898847717649865 
1.5  28.35358097231548 
1.6  28.762780377597252 
1.7  29.133800742594588 
1.8  29.472406407781882 
1.9  29.783119033487342 
2.0  30.06973296573395 
2.1  30.335290125121215 
2.2  30.582164924083674 
2.3  30.812500567440985 
2.4  31.028132636565672 
2.5  31.23056137624354 
2.6  31.42108840588705 
2.7  31.60082160073724 
2.8  31.770769684368922 
2.9  31.931787622095232 
3.0  32.08462842072734 
3.1  32.229965952509744 
3.2  32.36839788489802 
3.3  32.5004159141603 
3.4  32.626629267315295 
3.5  32.74732747871798 
3.6  32.862935874737175 
3.7  32.973806110640034 
3.8  33.08021184433764 
3.9  33.182574637502825 
4.0  33.28096332994169 
4.1  33.37577756750598 
4.2  33.46717659825832 
4.3  33.55535012947904 
4.4  33.640500928087874 
4.5  33.72278583230623 
4.6  33.802367517326296 
4.7  33.87938337004578 
4.8  33.953978471470215 
4.9  34.02628078886532 
5.0  34.09638804732014 
