#mmax= 10
#m-states: all states (FBR)
#Nr. of sites: 42
 
0.0  1.0813517658809274e-53 
0.1  -1.0123908548856126 
0.2  -1.9462857709820733 
0.3  -2.70703656198065 
0.4  -3.1493137478888054 
0.41  -3.1663720048370907 
0.42  -3.176603649514546 
0.43  -3.1793891088168067 
0.44  -3.1736685963086577 
0.45  -3.1582720742617054 
0.46  -3.131685645881317 
0.47  -3.092162627177369 
0.48  -3.0384858970597803 
0.49  -2.972087426815778 
0.5  -2.8986130713644087 
0.51  -2.826860456095638 
0.52  -2.7634035731537487 
0.53  -2.7091440206354553 
0.54  -2.66255735375168 
0.55  -2.6217796595085665 
0.56  -2.5852109493165205 
0.57  -2.551946107232398 
0.58  -2.5212054795620173 
0.59  -2.492678874761525 
0.6  -2.465785122045773 
0.7  -2.259071108379033 
0.8  -2.1137006646828844 
0.9  -2.000055822991786 
1.0  -1.9062063884872382 
1.1  -1.8261837103410723 
1.2  -1.756463683122073 
1.3  -1.6947246147674688 
1.4  -1.6394745504131634 
1.5  -1.5895695861086352 
1.6  -1.5441362423313478 
1.7  -1.5025251775809498 
1.8  -1.4642107732744705 
1.9  -1.4287929398913362 
2.0  -1.3958669256276786 
2.1  -1.3651384557621729 
2.2  -1.3364250551612216 
2.3  -1.3095028587225725 
2.4  -1.2841595742780332 
2.5  -1.2602559710530437 
2.6  -1.237662047267939 
2.7  -1.216268988382517 
2.8  -1.1959648560644636 
2.9  -1.1766616221049728 
3.0  -1.1582821615348204 
3.1  -1.1407507519414406 
3.2  -1.124004859496131 
3.3  -1.1080123119990257 
3.4  -1.0926467510829505 
3.5  -1.0779318918468261 
3.6  -1.0638105289637776 
3.7  -1.0502356347600086 
3.8  -1.037212723581742 
3.9  -1.0245997932358588 
4.0  -1.0125178981435843 
4.1  -1.0008138046451382 
4.2  -0.9895142964910424 
4.3  -0.9786002412678277 
4.4  -0.9680403223037243 
4.5  -0.9578228577989644 
4.6  -0.9479249871035137 
4.7  -0.9383361498011309 
4.8  -0.9290388136469764 
4.9  -0.9200049331225408 
5.0  -0.9112450925723508 
