#mmax= 5
#m-states: all states (FBR)
#Nr. of sites: 20
 
0.0  10.00000000000001 0.025000000000000466 
0.1  12.277049460042083 0.03653800155048825 
0.2  15.773812263737451 0.0555014851167952 
0.3  22.073404804700736 0.09350777096109286 
0.4  37.35273241277714 0.197779280446732 
0.41  40.120546880414736 0.2166371515198977 
0.42  43.29674215816782 0.2377895867827442 
0.43  46.95565925360874 0.2613742806960503 
0.44  51.18200900245505 0.2874078818320439 
0.45  56.06492027561028 0.31578258018783023 
0.46  61.68864169140885 0.3461391488352106 
0.47  68.1187035063536 0.37791379192138985 
0.48  75.38272831121868 0.41031006110651014 
0.49  83.42783752659963 0.44226476080897226 
0.5  92.11546090431989 0.47268910896182403 
0.51  101.26541567884497 0.5007829512042903 
0.52  110.5387482904335 0.5256531041906803 
0.53  119.62807624609613 0.5469640030290822 
0.54  128.32019150837803 0.5648597414276368 
0.55  136.38342639106526 0.5794815470327022 
0.56  143.73649174689885 0.5912886433767224 
0.57  150.3966371249859 0.600817253331274 
0.58  156.38433135752547 0.6084788572635871 
0.59  161.7743916114042 0.6146793998463909 
0.6  166.6408567526272 0.6197357310463676 
0.7  198.71113060419543 0.6424170353501661 
0.8  217.48945776968014 0.6498657435140509 
0.9  230.8323358537806 0.6536671973490268 
1.0  241.14703135894024 0.6560038620876256 
1.1  249.52547673790215 0.6575992974672479 
1.2  256.5614219780429 0.6587655063959863 
1.3  262.6061640322014 0.6596589072199507 
1.4  267.89137096551985 0.6603678486863716 
1.5  272.5743710720005 0.6609451826669301 
1.6  276.7683101879118 0.6614252283947106 
1.7  280.557102193949 0.6618311388358473 
1.8  284.00498535969825 0.6621790793322824 
1.9  287.1621072346011 0.6624808200676013 
2.0  290.06851830544923 0.6627450497093003 
2.1  292.7566247956617 0.6629783829503859 
2.2  295.2523012903026 0.6631859154152602 
2.3  297.5801802869491 0.6633719095431903 
2.4  299.75659548954246 0.6635393623682433 
2.5  301.79738627123396 0.6636909032314364 
2.6  303.71818528842624 0.6638288848793337 
2.7  305.52808787282095 0.6639548337079895 
2.8  307.23910933009296 0.6640703821360554 
2.9  308.859439718487 0.664176723004301 
3.0  310.39699679346785 0.664274922394005 
