#mmax= 5
#m-states: all states (FBR)
#Nr. of sites: 20
 
0.0  10.0 0.024999999999998912 
0.1  9.087128324543283 0.02049641281651282 
0.2  8.258210911812288 0.016528542752614284 
0.3  7.519663137513019 0.013186421931162817 
0.4  6.863685909550805 0.010654100727965798 
0.41  6.802016368713156 0.010460355920300368 
0.42  6.740906145651561 0.010273138668966064 
0.43  6.680356724413386 0.010105513377127617 
0.44  6.620307943229412 0.00995308142116047 
0.45  6.560703984764043 0.009817853553788947 
0.46  6.5015768478568035 0.009708423313760206 
0.47  6.442893733005398 0.009619404492353878 
0.48  6.384709183750962 0.009551785078505404 
0.49  6.32713776608393 0.009504913136397342 
0.5  6.270400429381399 0.009480127421162776 
0.51  6.214696639447115 0.009473980767735868 
0.52  6.160343428503034 0.009485732387719437 
0.53  6.107706386433113 0.009506021239358509 
0.54  6.056924051013618 0.009532199489974302 
0.55  6.008132560476905 0.009559268973810209 
0.56  5.961328919245445 0.009584274261348558 
0.57  5.916414500906912 0.009605137985772005 
0.58  5.873305133603758 0.009620801963084125 
0.59  5.831819312624242 0.009631729911612319 
0.6  5.791834784808914 0.009637692645935614 
0.7  5.45105432501395 0.009555189225839755 
0.8  5.179961139626558 0.009392956804496588 
0.9  4.953084207046084 0.009214930270215693 
1.0  4.757914654019633 0.00904106097786761 
1.1  4.586879209498392 0.008882714495299426 
1.2  4.434847120532588 0.00872204362096729 
1.3  4.298302601784055 0.008569493309958598 
1.4  4.174636462503871 0.008433335629603245 
1.5  4.061790497479021 0.008298516661473299 
1.6  3.958213393370805 0.008169881547552271 
1.7  3.8626508529700256 0.008046038457185767 
1.8  3.7740755220937108 0.007926282580346333 
1.9  3.6916682541208825 0.007815678388447767 
2.0  3.6147165250468483 0.0077111773011905305 
2.1  3.542621749414255 0.007609758226469587 
2.2  3.4749027345512555 0.007516649222271132 
2.3  3.411087918549975 0.007423944292164086 
2.4  3.3508330497588736 0.007335288177297561 
2.5  3.293814275366272 0.007250408667667352 
2.6  3.2397309402810066 0.007168706002579572 
2.7  3.1883583308334265 0.007090927244767786 
2.8  3.139455853056009 0.007015475690033579 
2.9  3.0928319183904365 0.006943070452957056 
3.0  3.048314767194263 0.0068732762270019565 
