#mmax= 5
#m-states: all states (FBR)
#Nr. of sites: 20
 
0.0  9.55644961174539e-32 
0.1  0.02576147494603459 
0.2  0.056364162575863554 
0.3  0.09826989476940519 
0.4  0.16309582611675588 
0.41  0.17167086361854317 
0.42  0.1807744336113651 
0.43  0.19045599156493462 
0.44  0.20076883892333017 
0.45  0.21176142604853992 
0.46  0.2234756334900134 
0.47  0.23593055086796322 
0.48  0.24910877661720815 
0.49  0.26291938324602665 
0.5  0.27719702880805075 
0.51  0.29174236315671864 
0.52  0.30622130476567727 
0.53  0.3203320475069633 
0.54  0.3338668480485795 
0.55  0.3466055250474373 
0.56  0.3584716844743545 
0.57  0.3694869511671921 
0.58  0.3796764822440519 
0.59  0.38911998366755557 
0.6  0.39789706864028446 
0.7  0.46259806002861603 
0.8  0.5057352139037429 
0.9  0.5382709849186821 
1.0  0.5643022639086325 
1.1  0.5859182261270657 
1.2  0.6043435949296964 
1.3  0.6203452884013699 
1.4  0.6344486203882663 
1.5  0.6470215424386595 
1.6  0.6583356081179005 
1.7  0.6685960203709274 
1.8  0.6779623825735891 
1.9  0.6865611722881748 
2.0  0.6944942996555701 
2.1  0.7018450726855304 
2.2  0.7086808115959456 
2.3  0.71506489393623 
2.4  0.7210410482360049 
2.5  0.7266510146994524 
2.6  0.7319354523281458 
2.7  0.736919547472011 
2.8  0.741634594194449 
2.9  0.7461026378722592 
3.0  0.7503449857057662 
