#mmax= 5
#m-states: all states (FBR)
#Nr. of sites: 20
 
0.0 1.3062781819980002e-28
0.1 -0.11903862313530666
0.2 -0.47983693661125315
0.3 -1.095333662262295
0.4 -1.9956688163529037
0.41 -2.103541989272408
0.42 -2.215024417590307
0.43 -2.330240156101617
0.44 -2.4493265191644937
0.45 -2.5724349120679086
0.46 -2.6997260018449403
0.47 -2.831368473785737
0.48 -2.9675273437093885
0.49 -3.1083516962494144
0.5 -3.2539521537990836
0.51 -3.404380939605147
0.52 -3.559612445635153
0.53 -3.719536403185778
0.54 -3.8839657648716006
0.55 -4.052656566735745
0.56 -4.225334159432531
0.57 -4.401717119110721
0.58 -4.581535241462284
0.59 -4.76453995930672
0.6 -4.950508235689213
0.7 -6.93935991434774
0.8 -9.100511275610575
0.9 -11.384471204778649
1.0 -13.76360504318794
1.1 -16.220072062132232
1.2 -18.741399997535048
1.3 -21.3183778499114
1.4 -23.94392434830155
1.5 -26.61242868402849
1.6 -29.31933435806072
1.7 -32.0608704554468
1.8 -34.83386855142612
1.9 -37.63562759130584
2.0 -40.46382310382366
2.1 -43.31643341222658
2.2 -46.19168623141162
2.3 -49.08801787398246
2.4 -52.00403799503113
2.5 -54.93850441936683
2.6 -57.89030137252405
2.7 -60.858419832267586
2.8 -63.84195154588619
2.9 -66.84006356697455
3.0 -69.85199801889665
