#mmax= 5
#m-states: all states (FBR)
#Nr. of sites: 20

0.0  -0.0  0.0
0.1  0.00904074465214907  0.0015069842917430178
0.2  0.027624333936157434  0.0026467149087238957
0.3  0.06929637397802298  0.004241619934393955
0.4  0.1321295850923576  0.005931317494321177
0.41  0.1345028600650224  0.006010321400676866
0.42  0.15319251148742977  0.0067189829331613105
0.43  0.1640293228484983  0.006653878686814834
0.44  0.17565063296962247  0.006930114509503216
0.45  0.18623655073778211  0.007289449348393394
0.46  0.20208942100153665  0.007595799674038619
0.47  0.20985897016300112  0.007775356399043993
0.48  0.23387946751157576  0.008179965684144622
0.49  0.23939104320950103  0.008233573524411076
0.5  0.2620599242927774  0.008683454170973952
0.51  0.28850016299126113  0.009294208276305439
0.52  0.300286084678983  0.009340955996737576
0.53  0.3372067807394963  0.010144275199203173
0.54  0.35373397253048516  0.010272001781954329
0.55  0.3549852288244986  0.010338996509567362
0.56  0.37544683316238175  0.010835282520025677
0.57  0.4056356519885056  0.01132320488711024
0.58  0.43008246904644276  0.011751167871191525
0.59  0.403411824165299  0.011344176094704285
0.6  0.4471347353826688  0.012001899029728782
0.7  0.5559982788840235  0.01374030444878782
0.8  0.627058623334497  0.015030916634821853
0.9  0.6481156120162848  0.015352250653537793
1.0  0.6827845455203562  0.015884488132101374
1.1  0.692190445160336  0.01590285415464165
1.2  0.6653904183706921  0.015589426998175166
1.3  0.685114463426201  0.01584337995752542
1.4  0.6814492830477434  0.015795264284666394
1.5  0.7273912218781153  0.016661950743981475
1.6  0.6906236050545191  0.015961176546721065
1.7  0.7366086212005444  0.016710856990133343
1.8  0.6954094869292822  0.016067883462631934
1.9  0.7325899252724786  0.016469637910577383
2.0  0.7152968392953739  0.01642403452593511
2.1  0.7043689425226787  0.016208170903442558
2.2  0.6977158334980494  0.016033974365097597
2.3  0.7038047967482726  0.01615180965652612
2.4  0.7042195162922561  0.016052243120934586
2.5  0.7157600982708943  0.01654322178038068
2.6  0.7165284532751739  0.01638381337360408
2.7  0.6990594120449133  0.01602883907141407
2.8  0.6745460180815139  0.015737798870621756
2.9  0.6980595995324506  0.015945668934139578
3.0  0.7048581420944773  0.01626693090743811
