#mmax= 5
#m-states: all states (FBR)
#Nr. of sites: 20
 
0.0  -0.0 
0.1  0.006344242203615675 
0.2  0.026587561029056715 
0.3  0.06505078989408505 
0.4  0.13253634176174214 
0.41  0.14175624930888236 
0.42  0.15159905480448993 
0.43  0.1621333383060378 
0.44  0.17344090083027397 
0.45  0.18561500942869283 
0.46  0.1987626554797482 
0.47  0.21299472801113103 
0.48  0.2284126969530248 
0.49  0.2450647881114046 
0.5  0.2629238917167325 
0.51  0.2819095313568617 
0.52  0.30171046935029044 
0.53  0.3219577324228826 
0.54  0.3423410226033763 
0.55  0.3623962427969907 
0.56  0.38183227429945993 
0.57  0.40050302212741884 
0.58  0.4182486984995267 
0.59  0.43503427422344965 
0.6  0.4508577914075961 
0.7  0.5651921426315254 
0.8  0.6267579621555708 
0.9  0.6602837271854302 
1.0  0.6789038367226042 
1.1  0.6895042763462167 
1.2  0.6956936901375755 
1.3  0.6993822596726949 
1.4  0.7016198471135084 
1.5  0.7029934150291741 
1.6  0.7038416429694403 
1.7  0.7043648583007934 
1.8  0.7046837239265351 
1.9  0.7048725469232152 
2.0  0.704977793037318 
2.1  0.7050291356644757 
2.2  0.7050458128687777 
2.3  0.7050395595700385 
2.4  0.7050192947062519 
2.5  0.7049905100458764 
2.6  0.704955825367983 
2.7  0.7049188319112714 
2.8  0.7048802515698893 
2.9  0.7048413796927302 
3.0  0.7048029145258423 
