#mmax= 5
#m-states: all states (FBR)
#Nr. of sites: 20
 
0.0  0.0 
0.1  0.022971460938302487 
0.2  0.07677172657739265 
0.3  0.1569444741691496 
0.4  0.26745894465831516 
0.41  0.2806493662053756 
0.42  0.29433252470566906 
0.43  0.3085491823307165 
0.44  0.3233480964824857 
0.45  0.3387824295379474 
0.46  0.35490621618763646 
0.47  0.371765037754634 
0.48  0.3893770773539493 
0.49  0.4076897383984483 
0.5  0.42656850423535964 
0.51  0.4458348676752419 
0.52  0.46511018419791444 
0.53  0.48401781198168997 
0.54  0.5022899794641638 
0.55  0.519572289515855 
0.56  0.5357057620903813 
0.57  0.5506650134112222 
0.58  0.5644213501249755 
0.59  0.5770393602500907 
0.6  0.5885989445144584 
0.7  0.6634378176110088 
0.8  0.6979597984662675 
0.9  0.7149762146208893 
1.0  0.7236862398234862 
1.1  0.7282361964140049 
1.2  0.7306147348124585 
1.3  0.7318200608051806 
1.4  0.7323773525510952 
1.5  0.7325716132256677 
1.6  0.7325613634832078 
1.7  0.732438933087292 
1.8  0.7322560560683737 
1.9  0.7320436185978672 
2.0  0.7318195867457266 
2.1  0.7315946910674745 
2.2  0.7313754239469183 
2.3  0.731163001011647 
2.4  0.7309615600758 
2.5  0.7307718798579506 
2.6  0.7305910882582416 
2.7  0.7304224944896192 
2.8  0.7302630866206257 
2.9  0.7301129776124042 
3.0  0.7299716126286249 
