#mmax= 5
#m-states: all states (FBR)
#Nr. of sites: 20

0.0  0.0 0.0 0.0 NaN NaN 0.0 
0.1  0.003 0.007649338408942543 0.23404951237809457 -0.018605806533296552 14.972246573960067 0.0 
0.2  -0.0195 0.014532987973395516 0.8448309577394348 0.13323026792928394 5.31270636734353 0.0 
0.3  0.0225 0.021441510490005672 1.838953488372093 0.015199685159418632 1.7298002556506553 0.0 
0.4  -0.056 0.029823453180171766 3.55775343835959 0.005624342170188907 0.913399239419681 7.728897291022336e-204 
0.41  -0.028 0.030741507120910918 3.7801610402600665 -0.007965824194982691 0.8530907820957112 4.948291413409586e-196 
0.42  0.057 0.031279903421998004 3.913729432358089 -0.10197644444864642 0.7921036162006843 1.853868986850405e-191 
0.43  -0.025 0.032204083991885867 4.148412103025758 0.03493520199632178 0.7811182399482357 1.8824005433124978e-175 
0.44  0.044 0.03232301338518076 4.1791087771942985 -0.06646175747692597 1.045971266347422 2.544053415646531e-172 
0.45  -0.067 0.03340144703700788 4.462626656664169 0.03364531753388523 0.5096962873701889 1.867433923246812e-158 
0.46  -0.0075 0.03395620994086924 4.612096774193549 -0.03375911276011685 0.3639566047097009 3.373934488021222e-145 
0.47  0.03 0.034778979202221956 4.83830957739435 -0.054459720271032616 0.5369280474602158 1.2576968257051943e-145 
0.48  -0.0725 0.03646598935439568 5.319073518379595 -0.056512975898121945 0.4693368831854352 4.6130673795019167e-132 
0.49  0.011 0.037467595401577264 5.615282820705174 0.06155336333108918 0.25780812649168583 1.3781324572691189e-110 
0.5  0.017 0.038559038497639773 5.947197799449864 0.03178137494856564 0.25141579373744216 3.4028365841108683e-109 
0.51  -0.024 0.03827168902132668 5.8588887221805495 -0.019345913982983423 0.14669968494066632 3.0223205151884614e-107 
0.52  -0.028 0.04029528418415572 6.49483970992748 -0.038350818626208504 0.4109122870819806 1.4211739260347303e-102 
0.53  0.0 0.040489626479669034 6.557639409852463 -0.004289178092237042 0.17869681248071245 2.314107619223529e-89 
0.54  0.0385 0.04147661407201314 6.881238059514874 0.03498961228367331 0.3084509130590658 1.804892039552263e-95 
0.55  0.028 0.042687932309860385 7.289038259564889 0.006905947391324696 0.24796764041944996 6.944265949562897e-83 
0.56  0.016 0.04321924311859169 7.4716119029757415 0.05493139623127368 -0.002194963665740346 1.757415839927666e-84 
0.57  0.019 0.04371941899086978 7.6455503875969 -0.06528788696302879 0.12673721015871653 5.76017300825985e-82 
0.58  0.092 0.04463050493208231 7.9675278819704936 -0.05049813778592245 0.12343455564233219 6.102960598243559e-77 
0.59  0.057 0.045860806288031464 8.412854213553384 -0.028469006845248758 0.13486094042962593 2.825339178061932e-74 
0.6  -0.0825 0.045722763261531636 8.362284321080269 -0.04667630078658716 0.10650146458513898 8.121684311317822e-77 
0.7  0.091 0.05030469551242358 10.122249562390596 -0.014520122289343903 0.14976393874125682 1.4195716013106033e-58 
0.8  -0.007 0.052212731132579925 10.904677169292324 0.05325403003065651 0.17457652254305378 6.252490679109366e-54 
0.9  -0.001 0.05541450569896356 12.28306976744186 -0.012343202861304081 0.08192843804809868 1.6413504017428531e-49 
1.0  -0.026 0.057668556559046125 13.302649662415607 -0.06215705210279817 0.025829291075375682 1.1032849766777819e-49 
1.1  0.0585 0.05972676333993637 14.269145036259069 -0.01807339662972164 -0.15034977700284768 2.6561806011327015e-37 
1.2  0.061 0.06142892745508479 15.09405251312828 0.0026996234937841502 0.04905619582786347 5.962255253707025e-40 
1.3  -0.076 0.06334081634107419 16.048236059014762 0.06134738506911846 0.048353789542167736 1.9453612646071691e-38 
1.4  0.0065 0.06461256172976985 16.699132533133284 0.02111638702780565 0.01537546115845112 3.879246184569631e-37 
1.5  0.0345 0.0649230790169972 16.86002475618905 0.02117515545340149 -0.020166129808938393 6.092007172016416e-33 
1.6  0.009 0.06740634728208818 18.17446261565391 0.009469307149875789 -0.09038760649606914 8.232683469166971e-33 
1.7  0.08 0.06901152546974973 19.050362590647666 -0.024296426733886198 0.1586563606497946 8.090895146674021e-37 
1.8  0.065 0.06988679983514626 19.5366591647912 -0.018315183150835492 0.07085161726617528 1.6546025311057286e-29 
1.9  0.04 0.07018783073222683 19.705326331582896 0.030785373012456846 0.007953736730780037 5.112209853996996e-29 
2.0  0.1225 0.0734394088633177 21.573387096774187 -0.017951197010335544 -0.03520404430977209 5.25343532879183e-28 
2.1  0.0135 0.0724811549090813 21.01407126781696 -0.0011720226545500097 0.10720213451322858 5.02446313406946e-30 
2.2  0.045 0.07331328296676423 21.499349837459366 -0.06512604650798788 0.07644764325433506 8.742676127052138e-25 
2.3  -0.0515 0.07504328625002239 22.525979244811197 -0.02843100872447765 0.13898702513317085 4.557944977092524e-28 
2.4  -0.1535 0.07667352310143442 23.51531657914479 -0.051130209667717745 -0.04438575390816357 1.2407729687205243e-27 
2.5  0.098 0.07614163373015301 23.190193548387093 0.042951765384468175 -0.04392854117366607 6.159580437528525e-28 
2.6  -0.1075 0.07703145071073016 23.7353775943986 -0.044224256039806946 0.04905260356973251 1.8089141490815648e-23 
2.7  0.207 0.07826761274499945 24.5032768192048 0.01628402125268544 -0.1311124249266742 1.16005509296413e-22 
2.8  0.0135 0.0803698903030036 25.837277069267323 0.025257337486248897 0.010310161992145517 7.1969613119358905e-22 
2.9  -0.0015 0.08045102565774005 25.88947011752939 0.046494871491071024 -0.007016158640859693 3.348936723443232e-23 
3.0  0.059 0.08100784108701697 26.24908127031758 0.0711046852579767 0.031287248401800305 6.541143366890378e-25 
