#mmax= 5
#m-states: all states (FBR)
#Nr. of sites: 20
 
0.0  2.8590059977711804e-63 
0.1  0.002481027993203203 
0.2  0.009691345954627593 
0.3  0.020901581477114912 
0.4  0.03468198536396436 
0.41  0.03611115875727318 
0.42  0.03753524860610426 
0.43  0.03894941203263615 
0.44  0.040347949770771586 
0.45  0.04172482974045142 
0.46  0.043072775242344055 
0.47  0.04438424193076427 
0.48  0.04565128590110539 
0.49  0.04686658200179304 
0.5  0.04802439362849074 
0.51  0.049121677821871816 
0.52  0.05015961929165828 
0.53  0.05114305248393411 
0.54  0.0520789384921046 
0.55  0.05297664127245452 
0.56  0.053844221478135154 
0.57  0.05468756363049708 
0.58  0.055511937944907094 
0.59  0.05632052540663763 
0.6  0.05711531817316617 
0.7  0.06444015274426512 
0.8  0.07082437903367862 
0.9  0.07652665544916275 
1.0  0.08173612414678381 
1.1  0.08657422636860752 
1.2  0.09111989211675171 
1.3  0.0954289450868574 
1.4  0.09953975144407798 
1.5  0.10348152082494501 
1.6  0.10727607487915886 
1.7  0.11094087944110277 
1.8  0.11448997787826634 
1.9  0.11793444351380238 
2.0  0.12128384730585458 
2.1  0.12454605529075458 
2.2  0.12772885436254242 
2.3  0.13083556950226047 
2.4  0.13387374181628442 
2.5  0.1368481325828241 
2.6  0.1397602036278694 
2.7  0.14261641640328004 
2.8  0.14541839364654754 
2.9  0.14816989407321565 
3.0  0.1508730860607644 
