#mmax= 5
#m-states: all states (FBR)
#Nr. of sites: 20
 
0.0  -8.579940190585732e-15 
0.1  -5.624497011976512e-10 
0.2  -1.0807852856991563e-7 
0.3  -1.4963132130061892e-6 
0.4  -1.4796077333907911e-6 
0.41  -1.4129218204097894e-5 
0.42  -3.230682385822155e-6 
0.43  6.255463251360058e-6 
0.44  9.91899311875353e-6 
0.45  2.966996706717225e-6 
0.46  -4.83375902708083e-6 
0.47  2.707145680948067e-6 
0.48  9.297281334784666e-6 
0.49  -5.3114928335711336e-5 
0.5  -0.00013379028723498962 
0.51  4.5213923152984546e-5 
0.52  -0.0001481218916742378 
0.53  -3.173162097913354e-5 
0.54  -2.1266123172006228e-5 
0.55  -4.470169633859012e-5 
0.56  6.037630744515696e-5 
0.57  -1.824722325298956e-5 
0.58  -0.00020133092299136853 
0.59  -0.00021093894077129505 
0.6  -0.0002244658589392883 
0.7  0.009800198642422637 
0.8  0.008216671233058555 
0.9  0.007933304016459298 
1.0  0.009680145988212223 
1.1  0.009570401426400059 
1.2  0.009568721131472698 
1.3  0.009964298207718473 
1.4  0.010284425279496977 
1.5  0.010699688133749262 
1.6  0.01075917069773923 
1.7  0.011380316127266076 
1.8  0.011771456940043678 
1.9  0.01176175317067256 
2.0  0.011869051119536804 
2.1  0.01181775448169012 
2.2  0.011734232900237411 
2.3  0.011693302517697192 
2.4  0.01166742351725336 
2.5  0.011672388527951246 
2.6  0.011593078920141721 
2.7  0.011606502436963727 
2.8  0.01175186890923432 
2.9  0.011779918244281623 
3.0  0.011796855549106127 
