#mmax= 5
#m-states: all states (FBR)
#Nr. of sites: 20

0.0  -0.0  0.0
0.1  -0.0  3.382961087574863e-18
0.2  -0.0  2.9689204562782014e-18
0.3  -0.0  1.1357487275162173e-18
0.4  0.001250286038944174  0.0005592148870299174
0.41  0.0020017279839727427  0.0007078062622084714
0.42  0.00118538309317144  0.0005331166894480277
0.43  0.0042084156381992565  0.001013601629118218
0.44  0.005241763526611932  0.0011281265002524674
0.45  0.0029500145358776347  0.0008527354949542558
0.46  0.004495821197896242  0.0010598299714984628
0.47  0.005573233395434006  0.0011683115452752683
0.48  0.005392943981011871  0.0011508308908621037
0.49  0.006013932334250537  0.0012277438605534045
0.5  0.007744523073904897  0.0013913991110238587
0.51  0.010918706792160797  0.00163476826283293
0.52  0.010834021674837675  0.0017866542146265621
0.53  0.011925085722052675  0.0018591083086737696
0.54  0.016378148598335612  0.0020117861996854104
0.55  0.01678353528699578  0.002089706073410474
0.56  0.01714802064277063  0.002054196381604101
0.57  0.018130278359701553  0.0022254846110930887
0.58  0.021198325109146557  0.002922205038582444
0.59  0.03179329554299434  0.003448161073301346
0.6  0.019087842593813863  0.0022639282087992194
0.7  0.03494130539482751  0.0031916830270518836
0.8  0.04758587186879586  0.004066048406740464
0.9  0.05610120036926132  0.0043199918938344635
1.0  0.07296675282726939  0.004475013604948803
1.1  0.08653836996678765  0.004715104571816155
1.2  0.09290818060880106  0.005035122589038933
1.3  0.10746151055591686  0.0053670531050442494
1.4  0.10363285902833777  0.005464489111473293
1.5  0.11346024215467504  0.005905872394088995
1.6  0.12779231491503337  0.00660235675172072
1.7  0.12157484180616197  0.006315598515629235
1.8  0.14540730681001968  0.006343134517601709
1.9  0.1471276680407508  0.0065355487383226525
2.0  0.15269788514120422  0.006945531260962231
2.1  0.15816910778743534  0.006570877476789862
2.2  0.1510037590296027  0.006887857321382032
2.3  0.15511986212927134  0.007562308271216833
2.4  0.16952148836783895  0.007409374502402221
2.5  0.17035996483334653  0.007404828945090421
2.6  0.17589118887186997  0.007640146149497385
2.7  0.18542604242784388  0.007504785147079579
2.8  0.16893083043190626  0.008931524564620586
2.9  0.1866922763533152  0.008301326181710924
3.0  0.18050134898822995  0.007543810522621417
