#mmax= 5
#m-states: all states (FBR)
#Nr. of sites: 20

0.0  1.0  0.0
0.1  1.0  3.382961087574863e-18
0.2  1.0  2.9689204562782014e-18
0.3  1.0  1.1357487275162173e-18
0.4  0.9987504952430029  0.00055851614536839
0.41  0.9980002741373646  0.0007063908437201978
0.42  0.9988153191958461  0.0005324851163396645
0.43  0.9958004273335765  0.001009344935421931
0.44  0.9947719505433886  0.0011222285991158336
0.45  0.9970543324813647  0.0008502236197047816
0.46  0.9955142698780038  0.0010550758602711177
0.47  0.9944422682583246  0.0011618183831159261
0.48  0.9946215718353283  0.0011446412295859167
0.49  0.994004115159883  0.0012203824497523654
0.5  0.9922853884782061  0.0013806650074105404
0.51  0.98914068592641  0.0016170158008292903
0.52  0.9892244549683923  0.0017674020416809418
0.53  0.9881457363135319  0.001837069948561047
0.54  0.9837552440430675  0.001979105223833996
0.55  0.9833565235856762  0.0020549260996647976
0.56  0.9829981698446362  0.002019271283618305
0.57  0.9820330863645204  0.0021854995212884903
0.58  0.9790247801178957  0.0028609111453575843
0.59  0.9687067973983392  0.003340257070231367
0.6  0.9810931766880667  0.002221124518164551
0.7  0.9656620937495414  0.003082087314487796
0.8  0.9535285883350457  0.0038770933973811964
0.9  0.9454434518224063  0.00408430804795167
1.0  0.9296317371389433  0.0041601146712889605
1.1  0.9171003589992788  0.004324224095531736
1.2  0.9112771693697651  0.004588392260369161
1.3  0.8981110895821264  0.004820209912016426
1.4  0.9015562348992229  0.004926544228987662
1.5  0.8927396891120989  0.005272406685034737
1.6  0.8800361305451628  0.005810312488263032
1.7  0.8855247765950808  0.005592618964616802
1.8  0.864670035383294  0.005484718347775664
1.9  0.8631837694008011  0.005641379595047997
2.0  0.8583890147172749  0.005961967735785401
2.1  0.8537054015293233  0.0056095935947228755
2.2  0.8598444664723274  0.005922486003641247
2.3  0.8563125318886827  0.006475699342648414
2.4  0.8440686166285714  0.006254020486325652
2.5  0.8433611815835192  0.006244945288555302
2.6  0.8387092392706516  0.00640786116496155
2.7  0.830750273582294  0.006234602314112697
2.8  0.8445673197224259  0.007543273762576616
2.9  0.8296990151123202  0.006887602157091672
3.0  0.8348515544912631  0.006297961941598039
