#mmax= 5
#m-states: all states (FBR)
#Nr. of sites: 20
 
0.0  1.815725426231624e-30 
0.1  0.9586989088242936 
0.2  1.973557747270698 
0.3  3.124643180677522 
0.4  4.56983628165348 
0.41  4.742484475263629 
0.42  4.922431394498183 
0.43  5.110411656370079 
0.44  5.307206297484938 
0.45  5.513519803604488 
0.46  5.729930003385128 
0.47  5.956651488940811 
0.48  6.193308481457282 
0.49  6.438357724063289 
0.5  6.689091647721384 
0.51  6.942315327907677 
0.52  7.192732281780001 
0.53  7.435639401076913 
0.54  7.667883137124305 
0.55  7.886142658863584 
0.56  8.089389142198044 
0.57  8.278127928162464 
0.58  8.45290152462023 
0.59  8.61508889954911 
0.6  8.766043699995327 
0.7  9.88407591481914 
0.8  10.63078200429515 
0.9  11.192795933613558 
1.0  11.64135193860878 
1.1  12.012984706739338 
1.2  12.329116363809627 
1.3  12.603191779153498 
1.4  12.84437744496359 
1.5  13.059104893544005 
1.6  13.252103678388412 
1.7  13.42694658316232 
1.8  13.58640647217203 
1.9  13.732674872806701 
2.0  13.867517845330866 
2.1  13.99237635459681 
2.2  14.10842186798763 
2.3  14.216721585189855 
2.4  14.318053792168913 
2.5  14.4131375304535 
2.6  14.50264887017654 
2.7  14.587048172092146 
2.8  14.666853749397657 
2.9  14.74245231051901 
3.0  14.814205584668317 
