#mmax= 5
#m-states: all states (FBR)
#Nr. of sites: 20
 
0.0  0.0 
0.1  -0.46923088484963643 
0.2  -0.9026386583292905 
0.3  -1.2575151800588236 
0.4  -1.4710155854351175 
0.41  -1.4807380665113086 
0.42  -1.487717155882246 
0.43  -1.4917478166363214 
0.44  -1.492598357941665 
0.45  -1.49005270868223 
0.46  -1.4838929670748733 
0.47  -1.4739710224495106 
0.48  -1.4602417257303275 
0.49  -1.442889442388783 
0.5  -1.4223481003684209 
0.51  -1.399210427930023 
0.52  -1.374527491232132 
0.53  -1.34933049844461 
0.54  -1.3244130242012933 
0.55  -1.3006376829622748 
0.56  -1.2784271371853082 
0.57  -1.2578758559858136 
0.58  -1.2390483619832442 
0.59  -1.2218092098655557 
0.6  -1.2059993958299229 
0.7  -1.0947127742754366 
0.8  -1.0218129401240366 
0.9  -0.9656472201586003 
1.0  -0.9196089243447628 
1.1  -0.8805384103250914 
1.2  -0.8465880601453953 
1.3  -0.8166312995274692 
1.4  -0.7898536575865305 
1.5  -0.7656955872094733 
1.6  -0.7437271241483044 
1.7  -0.7236221961147004 
1.8  -0.7051212032738364 
1.9  -0.6880125993313794 
2.0  -0.6721261518750332 
2.1  -0.657319973571733 
2.2  -0.643486447664662 
2.3  -0.6304886004014865 
2.4  -0.6182738756848186 
2.5  -0.6067682511639044 
2.6  -0.5958752759417693 
2.7  -0.5855767701239364 
2.8  -0.5757964597031259 
2.9  -0.5665021909460857 
3.0  -0.5576508562587594 
