#mmax= 10
#m-states: all states (FBR)
#Nr. of sites: 44
 
0.0  21.999999999999986 0.011363636363635798 
0.1  19.93829316719509 0.009257175489896685 
0.2  18.078532734940946 0.007402412034444028 
0.3  16.41513326899834 0.0058267826100163456 
0.4  14.942653971473007 0.004639643748231337 
0.41  14.803845125772765 0.004550976090188841 
0.42  14.665629846292408 0.004468575556655252 
0.43  14.528455718915351 0.004392398237132111 
0.44  14.391739074029644 0.00432414746061216 
0.45  14.255334546107473 0.004269667858195492 
0.46  14.118639793269425 0.0042278731689139315 
0.47  13.98115251985806 0.00419844646477241 
0.48  13.842635764874546 0.004183354373156423 
0.49  13.704013614220111 0.004191110440689538 
0.5  13.56837748296978 0.0042132823104352735 
0.51  13.43906377938085 0.004238461735796006 
0.52  13.317846131340938 0.004259191666907469 
0.53  13.204235460520989 0.004273381568823953 
0.54  13.096866673668464 0.004281368007687414 
0.55  12.994705455142185 0.004285068203798148 
0.56  12.896847714676447 0.004285838479231807 
0.57  12.802726722255507 0.004284497128680287 
0.58  12.712025834253806 0.004281490189228632 
0.59  12.624241385420998 0.004277458472658702 
0.6  12.5393130991784 0.004272495947079236 
0.7  11.805157080834222 0.004201257684101289 
0.8  11.216004762856324 0.0041125459617129545 
0.9  10.721975145788317 0.0040249110764803975 
1.0  10.296540959350372 0.003942737958370857 
1.1  9.923466191409581 0.0038668311137930456 
1.2  9.591784620219887 0.003789711506938631 
1.3  9.293844129299988 0.0037170936319959047 
1.4  9.024001541263207 0.003648637702276303 
1.5  8.777872088628254 0.0035847409400935337 
1.6  8.552009224250735 0.0035237605415786577 
1.7  8.343711406702798 0.0034662421559044088 
1.8  8.15068138415872 0.0034119140442890883 
1.9  7.97114506494099 0.0033605215722143367 
2.0  7.803550328375838 0.0033117071245413188 
2.1  7.646570610903271 0.0032650588528772007 
2.2  7.49914348948815 0.003220628513692869 
2.3  7.360300166529742 0.003178196927053789 
2.4  7.2292254362467085 0.0031375938003015413 
2.5  7.105208719424073 0.003098823156126862 
2.6  6.987619651499472 0.0030616579250537512 
2.7  6.875918799514785 0.0030258014478556916 
2.8  6.769625919466414 0.0029913212336710737 
2.9  6.668302175058128 0.002958114558859304 
3.0  6.571572501136381 0.00292610654096892 
3.1  6.479091439885258 0.0028952201193259697 
3.2  6.390559936107484 0.002865258120362535 
3.3  6.30570423463257 0.002836813341143385 
3.4  6.224241036224096 0.002808829169220539 
3.5  6.14597774847107 0.00278122406687753 
3.6  6.070697709158341 0.0027550648187711912 
3.7  5.998229447390551 0.0027297279984078715 
3.8  5.928383828444002 0.0027054703354375542 
3.9  5.860996221350019 0.002681777137514718 
4.0  5.795936258663074 0.002658617812285047 
4.1  5.733065943493305 0.0026360483978590254 
4.2  5.6722663915050635 0.0026138317311900083 
4.3  5.6134280185840595 0.0025924557493096634 
4.4  5.556440313953345 0.0025719284599453607 
4.5  5.501210078694935 0.0025516602929073207 
4.6  5.4476476949723525 0.0025319134154143663 
4.7  5.395668716075569 0.002512658251190847 
4.8  5.345200620101211 0.0024939245361885742 
4.9  5.296162725092029 0.0024750214871164244 
5.0  5.248489811969296 0.0024575898529752838 
