#mmax= 10
#m-states: all states (FBR)
#Nr. of sites: 44
 
0.0  21.999999999999993 0.011363636363635243 
0.1  27.17060306310374 0.016747842434702398 
0.2  35.280013939368295 0.025761080546756965 
0.3  50.4117656028838 0.04444627246177346 
0.4  92.34021071943536 0.10733032690984678 
0.41  101.28733050974614 0.12225076514599609 
0.42  112.34220030042478 0.1412484605173291 
0.43  126.16514059082452 0.16519250509195849 
0.44  144.14704724046484 0.19639105812585023 
0.45  167.98605101191572 0.2366840588847009 
0.46  200.59693477473516 0.28838629404686833 
0.47  245.59151587731407 0.35127572213729386 
0.48  306.3090188599329 0.4210339164289103 
0.49  382.2293150852858 0.48843844298637273 
0.5  464.8951297923207 0.5430511521443468 
0.51  542.0155274435635 0.5808300554460797 
0.52  606.2090745900034 0.6044857362805186 
0.53  657.5126088687421 0.6189833703318939 
0.54  699.1020238299581 0.6282075108219589 
0.55  733.7353985578142 0.6343910691208449 
0.56  763.5482694758605 0.6388096383106951 
0.57  789.8038675867687 0.6421210270750515 
0.58  813.1797529987431 0.6446768796134841 
0.59  834.5075141378469 0.6467517133517148 
0.6  853.8897690463388 0.64843514079788 
0.7  990.1958203318054 0.656596762781777 
0.8  1074.6545699286614 0.6595570106745471 
0.9  1135.7187992508855 0.6611102786102303 
1.0  1183.4381685342269 0.6620806898094194 
1.1  1222.4998063865057 0.6627512331883922 
1.2  1255.4673203824811 0.663245391099923 
1.3  1283.9204519376094 0.6636268713810272 
1.4  1308.866336214474 0.6639309971846059 
1.5  1331.0175509411483 0.6641796673563678 
1.6  1350.8879181324385 0.6643870684754491 
1.7  1368.8580857654838 0.6645628218878938 
1.8  1385.2353327715487 0.6647138463718367 
1.9  1400.2383236135017 0.664844935129987 
2.0  1414.053559104553 0.664959807290052 
2.1  1426.8439129267435 0.6650614175801692 
2.2  1438.720635594392 0.6651518110128077 
2.3  1449.7950237802334 0.6652328049702194 
2.4  1460.1550106201378 0.6653057907478644 
2.5  1469.8740340161148 0.6653718854545105 
2.6  1479.017789880834 0.665432026455618 
2.7  1487.6389252948288 0.6654869559635139 
2.8  1495.7863087079504 0.6655373232790975 
2.9  1503.5031256743741 0.6655836778778393 
3.0  1510.8258268061084 0.6656264746926746 
3.1  1517.7870576039002 0.6656661029820392 
3.2  1524.4156630494886 0.6657029098816083 
3.3  1530.7330745718884 0.6657371315034135 
3.4  1536.7748683765656 0.6657691252249294 
3.5  1542.549935835175 0.6657990185866899 
3.6  1548.080179348894 0.6658270333338716 
3.7  1553.3793759351447 0.6658533160888578 
3.8  1558.4695734497445 0.6658780665576316 
3.9  1563.3610464949381 0.6659013899129762 
4.0  1568.067234467963 0.6659234112217203 
4.1  1572.5988186889767 0.6659442295704993 
4.2  1576.9672179609472 0.6659639459232737 
4.3  1581.180683567045 0.6659826363393501 
4.4  1585.2485719294384 0.666000380775119 
4.5  1589.1799956670238 0.6660172533664532 
4.6  1592.9811852837408 0.6660333084167076 
4.7  1596.6602092189937 0.6660486099940677 
4.8  1600.2223852533725 0.666063202956652 
4.9  1603.6752753682479 0.6660771422784932 
5.0  1607.0230863578377 0.6660904657159668 
