#mmax= 10
#m-states: all states (FBR)
#Nr. of sites: 44
 
0.0  7.551400879006773e-30 
0.1  0.025785068812039787 
0.2  0.05658797691374334 
0.3  0.0992404660187996 
0.4  0.16680400725834343 
0.41  0.17597496299965146 
0.42  0.1858113447301854 
0.43  0.19640288879946272 
0.44  0.20788508172994188 
0.45  0.22041050728300995 
0.46  0.23420975918741588 
0.47  0.24951667164917496 
0.48  0.2664711845655896 
0.49  0.2847802093297239 
0.5  0.30335202831455516 
0.51  0.3207798409434894 
0.52  0.33625774839425626 
0.53  0.3498166923665892 
0.54  0.3618485339124949 
0.55  0.3726974926541388 
0.56  0.3826438470508742 
0.57  0.3918616352075309 
0.58  0.4004461835417044 
0.59  0.40853398962045656 
0.6  0.41613793425341705 
0.7  0.4752160864195337 
0.8  0.5161433863529009 
0.9  0.5473420792034692 
1.0  0.57246352805631 
1.1  0.5934191776347775 
1.2  0.6113351928509879 
1.3  0.6269387191566366 
1.4  0.6407147235002437 
1.5  0.6530129578341323 
1.6  0.6640916324442685 
1.7  0.6741461086972539 
1.8  0.6833341297037481 
1.9  0.6917722120017217 
2.0  0.6995586250769441 
2.1  0.7067795798167334 
2.2  0.7134957616394303 
2.3  0.7197668414847929 
2.4  0.725640496388192 
2.5  0.7311568068957094 
2.6  0.7363515626437174 
2.7  0.7412539530129737 
2.8  0.7458908494706661 
2.9  0.7502858670517041 
3.0  0.7544593409882102 
3.1  0.7584292921197865 
3.2  0.7622118943453429 
3.3  0.7658190978974361 
3.4  0.769270229946918 
3.5  0.7725708963442178 
3.6  0.7757329345680394 
3.7  0.7787644437353881 
3.8  0.7816774675802628 
3.9  0.7844776333141088 
4.0  0.7871727879502598 
4.1  0.7897687856814243 
4.2  0.7922721229185108 
4.3  0.7946874668137441 
4.4  0.7970199792002672 
4.5  0.7992748918901982 
4.6  0.8014557105797013 
4.7  0.8035669586003125 
4.8  0.8056117274020159 
4.9  0.8075941974453292 
5.0  0.8095166033900587 
