#mmax= 10
#m-states: all states (FBR)
#Nr. of sites: 44
 
0.0 1.4784520413486948e-27
0.1 -0.2694416787723455
0.2 -1.08663133887053
0.3 -2.482955286152412
0.4 -4.533467283419284
0.41 -4.780159276281932
0.42 -5.035445852514909
0.43 -5.299706590048842
0.44 -5.573398595267648
0.45 -5.857064267940274
0.46 -6.151361788461432
0.47 -6.457097101060899
0.48 -6.775200153768168
0.49 -7.106557741903316
0.5 -7.45160182623335
0.51 -7.809889416446836
0.52 -8.180220099345789
0.53 -8.561188025607123
0.54 -8.951574999712438
0.55 -9.350429038742405
0.56 -9.757011720426519
0.57 -10.17073529202122
0.58 -10.591110645872803
0.59 -11.01772257957542
0.6 -11.450207339062988
0.7 -16.040996104341296
0.8 -20.99846428775826
0.9 -26.222228425204023
1.0 -31.654013971943996
1.1 -37.2557308463817
1.2 -43.0005305237158
1.3 -48.868453026336276
1.4 -54.8440712786569
1.5 -60.91510599091636
1.6 -67.07155498341595
1.7 -73.30510697585022
1.8 -79.60876698704861
1.9 -85.9765586143227
2.0 -92.40332865794701
2.1 -98.88459144464727
2.2 -105.41641018116238
2.3 -111.9953063311652
2.4 -118.61818658836151
2.5 -125.28228301274576
2.6 -131.9851113529447
2.7 -138.72443254931449
2.8 -145.4982087908664
2.9 -152.30458917039135
3.0 -159.14188314775586
3.1 -166.00854202036982
3.2 -172.9031379913898
3.3 -179.8243689134516
3.4 -186.77101836445337
3.5 -193.74196349700452
3.6 -200.73616274286536
3.7 -207.75264655399462
3.8 -214.7905108952839
3.9 -221.8489120155126
4.0 -228.92705952635947
4.1 -236.02421289500916
4.2 -243.139676713094
4.3 -250.27279744469314
4.4 -257.42295853730076
4.5 -264.5895792785217
4.6 -271.77211137135487
4.7 -278.97003597690934
4.8 -286.18286192391037
4.9 -293.4101238805255
5.0 -300.6513796465687
