#mmax= 10
#m-states: all states (FBR)
#Nr. of sites: 44
 
0.0  -0.0 
0.1  0.006345495109728553 
0.2  0.026701010376732493 
0.3  0.06678880003799474 
0.4  0.14972002005697238 
0.41  0.1635504560765069 
0.42  0.17947596141842564 
0.43  0.19814517057628772 
0.44  0.22072298196556006 
0.45  0.2489365529139221 
0.46  0.2859386611206598 
0.47  0.336411175589961 
0.48  0.4055984958248668 
0.49  0.49317711477261095 
0.5  0.5835161299053905 
0.51  0.6532130172110511 
0.52  0.6930333274613841 
0.53  0.7108397974220462 
0.54  0.7172399946794003 
0.55  0.7186815421476227 
0.56  0.7182693226182707 
0.57  0.7172563175209155 
0.58  0.7161353571301415 
0.59  0.7150752130850861 
0.6  0.7141277680661572 
0.7  0.7090177354708233 
0.8  0.7071219832443144 
0.9  0.7062272460120037 
1.0  0.7056149752956221 
1.1  0.7053548714652 
1.2  0.7050596588825992 
1.3  0.7048667518715559 
1.4  0.7047051701545948 
1.5  0.7045643341918614 
1.6  0.7044478347201423 
1.7  0.704345934580937 
1.8  0.7042569696350011 
1.9  0.7041764993120726 
2.0  0.7041072558384409 
2.1  0.704045461054443 
2.2  0.7039891805821101 
2.3  0.7039354793025312 
2.4  0.7038877293579984 
2.5  0.7038462632893633 
2.6  0.7038062372412226 
2.7  0.7037681749906761 
2.8  0.7037327624323648 
2.9  0.7037018954995276 
3.0  0.703671920863744 
3.1  0.703644056993925 
3.2  0.7036177954836194 
3.3  0.7035928699730268 
3.4  0.7035697455048712 
3.5  0.7035475049428558 
3.6  0.7035268348349043 
3.7  0.7035070498620465 
3.8  0.7034881326302762 
3.9  0.7034702074044596 
4.0  0.7034529996986356 
4.1  0.7034366327376749 
4.2  0.7034209181484675 
4.3  0.7034059473825028 
4.4  0.7033915448680164 
4.5  0.7033777817667249 
4.6  0.703364507201384 
4.7  0.7033517552135834 
4.8  0.7033395018529672 
4.9  0.7033276843243796 
5.0  0.70331635342198 
