0.0  -0.0  0.0
0.1  0.00589734926479439  0.0002432044006632531
0.2  0.027754891799839112  0.0005304623779389771
0.3  0.06724979820896228  0.0008365535781401417
0.4  0.15093769173933844  0.001284971858019041
0.41  0.16305828002084816  0.001339271978310543
0.42  0.18251169538921924  0.0014186599764222881
0.43  0.19782150481100222  0.0014861256710848973
0.44  0.2218513019141897  0.0015888803291732995
0.45  0.24892748775680845  0.001701335737938414
0.46  0.28490970293499746  0.0018358826133218133
0.47  0.3352410755995106  0.00202879489227134
0.48  0.4045650677501512  0.002282828914208835
0.49  0.49236139052875966  0.002590354084535895
0.5  0.5864894573075619  0.0029127620686537833
0.51  0.6536115192990851  0.0031387472559213352
0.52  0.6969335419556512  0.0032727771373274135
0.53  0.7042223373857673  0.0033043558345592695
0.54  0.7111713752863688  0.0033221715360969035
0.55  0.7230329728485668  0.0033434116230414805
0.56  0.7226996444779609  0.0033436296929475794
0.57  0.7175512042739618  0.0033149846021896328
0.58  0.7205927275430987  0.0033244837344026576
0.59  0.7122728391205211  0.0032942923488942185
0.6  0.7174715260093482  0.0033036097794314706
0.7  0.7132948612706334  0.0032820247823442095
0.8  0.704939192065304  0.0032461187080705086
0.9  0.7022224863452495  0.0032340762347028286
1.0  0.7073909256272143  0.00324460928075612
1.1  0.7079340445359824  0.0032535033630140694
1.2  0.7071560146243514  0.0032459318554179345
1.3  0.7043797253785231  0.003239644702413012
1.4  0.7056059435698435  0.0032325809367761958
1.5  0.7030585408121415  0.003228847141959999
1.6  0.702967684182682  0.003227727708033983
1.7  0.702703875880039  0.003225871594889208
1.8  0.7077092414276132  0.003241546238689316
1.9  0.7078619160910714  0.0032448046938402734
2.0  0.7036868999306239  0.003233131225787034
2.1  0.7086811109933835  0.003244860070771862
2.2  0.6998329776031978  0.003219620132297266
2.3  0.7084657784445939  0.003250750849072531
2.4  0.7053652115428167  0.0032331980129519148
2.5  0.7059155020224398  0.0032449033898976822
2.6  0.7066210015355482  0.0032382394879102833
2.7  0.6994281999893389  0.003217582141040624
2.8  0.7088318085652893  0.003245643467601125
2.9  0.7032113051792395  0.0032336112138592267
3.0  0.7036523377209069  0.0032319342464092273
3.1  0.709054966430858  0.00324115605545562
3.2  0.7048723022293818  0.0032323590450980097
3.3  0.7022115303483041  0.0032243637186196387
3.4  0.7040053240782084  0.0032245425702478216
3.5  0.7024820800537719  0.0032228340785959843
3.6  0.70831209543226  0.003241561222549368
3.7  0.7051617320981061  0.003232658985989069
3.8  0.696536446081548  0.003207989947972954
3.9  0.7066394331523959  0.0032405763078836984
4.0  0.7035251183154192  0.0032261311689273384
4.1  0.7071750610341216  0.0032354478839633186
4.2  0.704418904228951  0.003228389496099366
4.3  0.7042782594454323  0.003229836509548479
4.4  0.7069218694524108  0.0032372857703645555
4.5  0.702505908109964  0.0032257704803207543
4.6  0.7005433100370394  0.0032157986407848724
4.7  0.7018314968521209  0.0032183506366318523
4.8  0.7031580573363709  0.0032224280158501335
4.9  0.70583248218625  0.003234305300748158
5.0  0.7048041465690772  0.0032314980349194633
0.0  -0.0  0.0
0.1  0.006400439445815647  0.00025339751336407053
0.2  0.026604883273729854  0.0005191114336781912
0.3  0.06783767796497282  0.0008408216009626712
0.4  0.1516361545932516  0.0012882745328522368
0.41  0.16325498677569147  0.0013404250999809403
0.42  0.17790476153756987  0.0014039898096375341
0.43  0.19775236063504645  0.0014879318317486427
0.44  0.21970905225119391  0.0015772029433488608
0.45  0.2476662915991271  0.0016928513354140396
0.46  0.2877343886087416  0.001841337716717445
0.47  0.3388871116428355  0.002031093149624492
0.48  0.4029769097750596  0.002282948016441279
0.49  0.48904685029109357  0.0025771733060596597
0.5  0.5815736579074138  0.002898525225286512
0.51  0.6589800417632149  0.003162992787298135
0.52  0.6906293787898802  0.003260958485933076
0.53  0.7071796793561937  0.0033152297755438182
0.54  0.7140082271992989  0.003324858990262021
0.55  0.7201823725619992  0.0033324512082813125
0.56  0.719584345619015  0.0033298554424726233
0.57  0.7184336501919937  0.0033194119713904637
0.58  0.7169807327781147  0.0033143524137399854
0.59  0.7110175342954137  0.0032904800948308404
0.6  0.7163360382913315  0.003293981152661
0.7  0.7077768863777835  0.0032537748045534886
0.8  0.7065285239802886  0.0032444906840730574
0.9  0.7091018958849409  0.0032499387996986788
1.0  0.7063401184184733  0.003242034800385259
1.1  0.7036104360116905  0.003231905895845545
1.2  0.7052943689402191  0.0032382311607272556
1.3  0.7068924248243916  0.0032395562247061697
1.4  0.7066018992408718  0.003243463991117377
1.5  0.7055878083557859  0.0032388084980943224
1.6  0.700057834946889  0.003223572173223554
1.7  0.7075706007092278  0.0032424917999884584
1.8  0.7044438372500884  0.003233918482357809
1.9  0.7058235157017817  0.003234022373208974
2.0  0.7039305631289259  0.003234903519702969
2.1  0.7049082988273103  0.003230589218456588
2.2  0.7040059717621453  0.0032343021918178456
2.3  0.7037116933865396  0.003227470443644174
2.4  0.703335962666533  0.003230934307819901
2.5  0.7054983480758141  0.0032378822007683348
2.6  0.7055593737752098  0.0032323769307081433
2.7  0.7123787374989619  0.0032559928372084676
2.8  0.7055075727713784  0.0032358720194893926
2.9  0.7031806858660626  0.003226621994801409
3.0  0.7044711093990337  0.003231579620038034
3.1  0.7015104112134035  0.003224428017206965
3.2  0.7100017806723956  0.003246695789576432
3.3  0.704320406036033  0.0032292429269799874
3.4  0.7054741930487742  0.003233014770868246
3.5  0.6981492205326596  0.0032112283304627843
3.6  0.7029692552839254  0.003225451331790275
3.7  0.706019019611581  0.003233328931738102
3.8  0.6993822978297366  0.0032098317056330075
3.9  0.7032290181577708  0.0032225032304718237
4.0  0.7030575611534635  0.0032274485498182633
4.1  0.7051907058102965  0.003230643083015627
4.2  0.7047845544742475  0.00323083238159961
4.3  0.7014662792024435  0.003222881184481722
4.4  0.7037466935251203  0.0032290399347358377
4.5  0.7022056402348633  0.0032236267812060194
4.6  0.70337950348787  0.0032298741924339006
4.7  0.7042836326948059  0.003227829022939878
4.8  0.7046103177013386  0.003230741734804815
4.9  0.7061170202328989  0.003236093041959344
5.0  0.7010479611843374  0.00321900832145997
