#mmax= 10
#m-states: all states (FBR)
#Nr. of sites: 44
 
0.0  0.0 
0.1  0.022975129395176895 
0.2  0.07702459785788483 
0.3  0.1600493488606037 
0.4  0.29197955496850775 
0.41  0.3110051818979837 
0.42  0.33221116373446197 
0.43  0.35621005012195467 
0.44  0.38423519616932594 
0.45  0.4178923075441455 
0.46  0.46002681636356757 
0.47  0.5138872219687961 
0.48  0.5808677979775831 
0.49  0.6546908956373217 
0.5  0.7188921220258848 
0.51  0.7597844850476223 
0.52  0.7778360474681041 
0.53  0.7820728690489769 
0.54  0.7802287715801257 
0.55  0.7763349826946845 
0.56  0.7721082005184202 
0.57  0.7681539260383158 
0.58  0.7646576998035401 
0.59  0.7615871326723408 
0.6  0.7589183911104693 
0.7  0.7442558802945769 
0.8  0.7384395890093771 
0.9  0.7354406850900386 
1.0  0.7335780593066703 
1.1  0.7323898881824079 
1.2  0.7314707491315129 
1.3  0.7307807807067449 
1.4  0.7302243044940608 
1.5  0.7297608093934881 
1.6  0.7293719371051401 
1.7  0.7290363869956721 
1.8  0.728744847830982 
1.9  0.7284866246352343 
2.0  0.728258346757285 
2.1  0.7280531664672716 
2.2  0.7278680401463538 
2.3  0.727698138806056 
2.4  0.727543692623342 
2.5  0.7274023402198542 
2.6  0.7272716315268063 
2.7  0.7271502855495287 
2.8  0.7270374978283752 
2.9  0.7269334815384012 
3.0  0.7268356551659306 
3.1  0.7267441618243738 
3.2  0.7266578462516886 
3.3  0.7265769935246524 
3.4  0.7265004475781472 
3.5  0.7264281554797012 
3.6  0.726359883008015 
3.7  0.7262952014395472 
3.8  0.7262334967759764 
3.9  0.7261748792203085 
4.0  0.7261188749317297 
4.1  0.7260654382924727 
4.2  0.7260143540713963 
4.3  0.7259655028689029 
4.4  0.7259186816307708 
4.5  0.7258738415931804 
4.6  0.7258307240252775 
4.7  0.7257892634326875 
4.8  0.7257494429429716 
4.9  0.7257110919703287 
5.0  0.725674173323204 
