#mmax= 10
#m-states: all states (FBR)
#Nr. of sites: 44

0.0  0.0 0.0 0.0 NaN NaN 0.0 
0.1  -0.00074 0.002215320202687639 0.49076436004360013 -0.0347603036066594 8.155908562135062 0.0 
0.2  0.0051 0.004401764834170103 1.9375533655336552 -0.010724829688895416 1.8565858598569145 0.0 
0.3  -0.00488 0.0066198640531358955 4.38226000820008 0.01130151158885795 0.7685899211932012 0.0 
0.4  0.00678 0.008938005325316828 7.988793919539196 -0.01069333703133786 0.33648260609421143 0.0 
0.41  0.01058 0.009212433409544585 8.486892932529326 -0.0034756876108008364 0.36972088264199465 0.0 
0.42  -0.00276 0.009470756082605431 8.969522077620777 0.008822200801067175 0.33677231871710234 0.0 
0.43  0.0011 0.009696047031305093 9.40133280332803 0.008284868732161952 0.29021468163168684 0.0 
0.44  -0.0055 0.009942448693499015 9.885228602286025 0.0007717251813208578 0.23724971112060667 0.0 
0.45  0.0077 0.01024191662085572 10.489685606856066 0.01996894837587034 0.2502039157455185 0.0 
0.46  -0.00348 0.010511906767938867 11.050018389783896 0.004068478377951949 0.2519633677071642 0.0 
0.47  -0.00236 0.01088144881728916 11.840592836328364 -0.019391999628528986 0.22362645863927666 0.0 
0.48  0.00806 0.011140672848168333 12.411459150991512 0.011262566987757544 0.1767779452639533 0.0 
0.49  -0.00508 0.011499472349401215 13.223786431464312 0.0014026388038197995 0.17110380669270508 0.0 
0.5  -0.01052 0.011805570168817349 13.937148701087008 -0.0021246718950113214 0.1770053850256419 0.0 
0.51  0.00172 0.01211560309247472 14.6787838294383 0.004801362373989882 0.1350509764009309 0.0 
0.52  -0.00976 0.012434781608936145 15.462379366193659 -0.012727258267736961 0.09633483596893244 0.0 
0.53  0.0135 0.012659011810003182 16.025058000580003 -0.006731325920903572 0.09376354946254928 0.0 
0.54  -0.00836 0.012857688528874197 16.53201543055431 -0.012781506988637864 0.08427734868903292 0.0 
0.55  0.01224 0.013081292483012921 17.112021302613034 0.015989263777247006 0.08857264030826739 0.0 
0.56  0.00284 0.0132554319585883 17.57064764087641 0.001784369767546563 0.09165000250842592 0.0 
0.57  0.00048 0.013394513497171827 17.941299182591823 -0.018025777568091244 0.07065578023299635 0.0 
0.58  0.00666 0.01353795365651294 18.32761892058921 -0.006976511619856585 0.04489705840336766 0.0 
0.59  0.02378 0.013700533645162211 18.770462216222175 0.002274858830867689 0.04513077976619462 0.0 
0.6  -0.00568 0.013868179427740556 19.23264006400064 -0.005330092739885205 0.06311928310621218 0.0 
0.7  -0.01593 0.015043211935396423 22.629822533325342 0.006721788119805132 0.02241190355095979 0.0 
0.8  0.01388 0.015977547567642 25.528202627626282 -0.019239246389511064 0.029509133061543125 0.0 
0.9  -0.00573 0.016761377661421842 28.094378110881117 -0.002141784935064256 0.025729984995012334 0.0 
1.0  -0.00535 0.01738428128820283 30.221323590735906 -0.007527824053738623 0.04436724774763823 0.0 
1.1  -0.01512 0.01792312824931135 32.12385262412625 -0.0007337520016409048 0.004927556909310571 0.0 
1.2  -0.05196 0.01849714634824059 34.21444230282303 0.003346630562118646 -0.013678973879149847 0.0 
1.3  0.01148 0.018905931779168262 35.74342564385644 0.0014467906487083161 0.032298741887771154 0.0 
1.4  0.02722 0.01937342365229853 37.53295440114401 0.00026419802022977656 0.04433984543731562 0.0 
1.5  -0.01544 0.01972046411804373 38.88967050310503 0.007262106497140176 0.01576073047315729 0.0 
1.6  -0.04155 0.020164089413609008 40.65905018800189 -0.003526079486966044 0.010315090599535282 0.0 
1.7  -0.00752 0.02048586906148509 41.9670831204312 -0.0014375834355949452 -0.001392344829454828 0.0 
1.8  0.03465 0.02088291298491538 43.60960547355473 0.009764937790422168 0.004047291839653244 0.0 
1.9  -0.02266 0.021189859729256195 44.90101553455535 -0.00485276609633632 0.0037425786032918573 2.5238989e-316 
2.0  -0.02508 0.021447776341781917 46.00071100071001 -0.00554699452681358 0.02099930965756025 2.612471952179097e-307 
2.1  -0.0352 0.02179953122880439 47.52195617956178 -0.015085316737531215 0.014445188893971839 3.3060589599157084e-303 
2.2  0.02688 0.02213805943602004 49.00936755927559 0.00011817400452166495 -0.0039581803024857365 1.2599561150802882e-283 
2.3  -0.07178 0.02250819278625952 50.6618742503425 0.0074951003946266345 0.017866780217230094 5.775774926540919e-279 
2.4  0.00962 0.02267200508896704 51.40198147541474 -0.005844774393382784 0.008712795596435008 4.278324216199341e-276 
2.5  0.00012 0.022981046128077182 52.812848114081135 0.000188087321785224 0.011670594044003835 6.126691898664958e-275 
2.6  -0.00872 0.023230562546059062 53.965903620636205 -0.009524738081145234 0.015807291873792373 7.344933266762727e-273 
2.7  -0.00606 0.02348139575330788 55.13759465234653 0.00558744545153048 0.023525157194941748 3.2931421448260373e-254 
2.8  -0.00796 0.02370374200538494 56.18673850578505 -0.001876053916695906 0.002457328419235072 1.918425684780426e-245 
2.9  0.01207 0.024015411937984857 57.67400105511056 -0.008808675255932404 0.01626043581698644 2.5446934378143196e-239 
3.0  0.00215 0.024213424307069138 58.62899166741666 0.0035302987244323087 -0.03160355956471417 1.8779020433482208e-248 
3.1  6.0e-5 0.024432584175148046 59.69511694756947 0.005403607635041681 0.0006923452456373269 9.043436814920627e-233 
3.2  0.00474 0.02461755137218882 60.602383556235566 -0.0020052193682593583 0.011146337783730864 1.1167405152860027e-232 
3.3  0.02336 0.02487670258710579 61.88503316073161 -0.011960448152230388 -0.014178757706494682 3.8292925836506277e-228 
3.4  0.00894 0.025038407896323996 62.69218699826999 0.002501256148949879 -0.009281523074928355 6.448003068052088e-226 
3.5  0.00933 0.025212798066911644 63.56851863628636 -0.00902822607419597 -0.01404203881589039 7.6499724605114105e-236 
3.6  -0.00994 0.025497927629655203 65.01443134071341 -0.003955503557212553 0.02998312342144427 1.1698132799669157e-220 
3.7  -0.04398 0.025622545204257663 65.65148227442275 0.006482975060225508 0.01322581390474653 8.796668063291929e-228 
3.8  -0.00716 0.025832982034089826 66.73429607736077 -0.011127920744975385 -0.008600924422011325 9.896453332078032e-228 
3.9  0.0135 0.026053786010821058 67.8799765497655 -0.01641125370522864 -0.03244552345431373 5.5570672625416773e-219 
4.0  0.00464 0.02614821259654701 68.37290219942199 0.013614046532774628 0.014988375190155168 7.222744813536123e-212 
4.1  -0.02592 0.026369183432073673 69.53338348743488 0.002515318015352379 0.01766442506475574 7.366909172766323e-205 
4.2  0.01117 0.026548037597796243 70.47983002940029 -0.006200267382662884 0.011614591289577092 2.351411907251657e-195 
4.3  -0.0251 0.026751217844736747 71.56276561765617 -0.0061567203641807195 0.02950457808444895 2.5450283535811425e-197 
4.4  -0.03934 0.026910655240585557 72.41833654776549 0.0011519548529702293 0.02085475084605415 2.602528564307302e-192 
4.5  -0.02652 0.027130402272787534 73.6058727483275 0.0033726969179163468 -0.0011241629545026832 1.210660464788072e-194 
4.6  -0.00136 0.027245832798027086 74.23354048580485 -0.0064770332692985644 -0.016352902100615463 1.8706242581049047e-196 
4.7  -0.06598 0.027381986124597336 74.97731641276411 -0.006630366463638369 -0.008440172214291941 1.2145925968208557e-184 
4.8  -0.00368 0.0275781266605747 76.0553070106701 -0.009094929120704292 0.02900635967741305 2.886338685944664e-185 
4.9  -0.00274 0.027739704753947877 76.94912198361985 0.004472161084163509 0.025860128141834693 1.0164802209946509e-178 
5.0  0.02114 0.027951338854828364 78.12773437774379 -0.010512775538421988 0.019856111831657586 1.8890006510832046e-182 
