#mmax= 10
#m-states: all states (FBR)
#Nr. of sites: 44
 
0.0  -9.835708320396142e-59 
0.1  0.002481037340640027 
0.2  0.009691543769187573 
0.3  0.02090250288061097 
0.4  0.03467023959130761 
0.41  0.03609521178259019 
0.42  0.03751424088529501 
0.43  0.038921087750057946 
0.44  0.04030986268357908 
0.45  0.0416724923130104 
0.46  0.04299973431276994 
0.47  0.04427914226237655 
0.48  0.04549548766874655 
0.49  0.046635289443708566 
0.5  0.04769750083880432 
0.51  0.04869885716489395 
0.52  0.0496616075917484 
0.53  0.05059919909345279 
0.54  0.05151611164072194 
0.55  0.05241338263314032 
0.56  0.05329079767636636 
0.57  0.054148953806537704 
0.58  0.05498836837430543 
0.59  0.05580973767837779 
0.6  0.05661396275286496 
0.7  0.06388956411807707 
0.8  0.0701550958941665 
0.9  0.07575018802778245 
1.0  0.08086767870588336 
1.1  0.08562659836737851 
1.2  0.0901034647088799 
1.3  0.09435092055355895 
1.4  0.09840603431193508 
1.5  0.10229713602754609 
1.6  0.10604568490902054 
1.7  0.10966759710705122 
1.8  0.11317587614959028 
1.9  0.11658195255624802 
2.0  0.11989573268763211 
2.1  0.12312205502823596 
2.2  0.1262708392588397 
2.3  0.1293460066431624 
2.4  0.1323526311478061 
2.5  0.13529549063086915 
2.6  0.13817829489697048 
2.7  0.141005555722736 
2.8  0.143779944031663 
2.9  0.1465043847028907 
3.0  0.1491812964617019 
3.1  0.15181334391644163 
3.2  0.15440190342942717 
3.3  0.15695287764098523 
3.4  0.1594604861879983 
3.5  0.1619324721877545 
3.6  0.1643699458391247 
3.7  0.16677526659062536 
3.8  0.1691454893277807 
3.9  0.17148551662739966 
4.0  0.17379447390078734 
4.1  0.17607477805424007 
4.2  0.17832632679858126 
4.3  0.1805515353409408 
4.4  0.18275157207494938 
4.5  0.18492558994564295 
4.6  0.18707596153970044 
4.7  0.18920253877534068 
4.8  0.1913068317570752 
4.9  0.19338802090813842 
5.0  0.19544994057922552 
