#mmax= 10
#m-states: all states (FBR)
#Nr. of sites: 44
 
0.0  2.963143333769516e-14 
0.1  -1.7051104579168173e-8 
0.2  6.331895924430393e-7 
0.3  -1.0067808756808517e-7 
0.4  -5.847406406508629e-7 
0.41  -1.1277332395947048e-5 
0.42  -5.327267391783662e-7 
0.43  -3.862036604717464e-5 
0.44  -6.075533184659531e-5 
0.45  -2.366309882581047e-5 
0.46  -1.3905211199561219e-5 
0.47  -0.00012217556452122092 
0.48  -2.9134865510095057e-5 
0.49  0.0006909605833493947 
0.5  -0.0006883951798264282 
0.51  0.003179027379115084 
0.52  0.0022609254985752505 
0.53  0.0006472483102818009 
0.54  0.00044527093521526146 
0.55  -9.396005570582414e-5 
0.56  0.0007635836966709068 
0.57  0.004795392857542565 
0.58  -0.0016940344010823495 
0.59  -0.006781097956385811 
0.6  -0.0009065107504471081 
0.7  -0.2099320205144938 
0.8  0.3092823350381646 
0.9  0.25778053174408466 
1.0  0.3722067942480262 
1.1  0.06767669886307702 
1.2  0.1821077621282465 
1.3  0.10940809699734225 
1.4  0.051863401533160054 
1.5  -0.06354516608751877 
1.6  -0.04527480538999338 
1.7  -0.04750333690150862 
1.8  -0.0539113519723527 
1.9  -0.07785445006393658 
2.0  -0.07539315974476248 
2.1  -0.06660463612317946 
2.2  -0.06466200177961288 
2.3  -0.08567984435264778 
2.4  -0.09165634013201128 
2.5  -0.07455066384418964 
2.6  -0.0754618403898401 
2.7  -0.08597356289624657 
2.8  -0.09498624225927167 
2.9  -0.0856969133918988 
3.0  -0.08604822626010288 
3.1  -0.08455323901386898 
3.2  -0.08312803921761028 
3.3  -0.08493519067840452 
3.4  -0.0811388267044198 
3.5  -0.08200018522223164 
3.6  -0.07895813190382939 
3.7  -0.07840682065237067 
3.8  -0.07816552217901834 
3.9  -0.07735618453838991 
4.0  -0.07746737072629228 
4.1  -0.07686075032524814 
4.2  -0.07707286338861927 
4.3  -0.07651560240072955 
4.4  -0.07660140405218863 
4.5  -0.07624604969418468 
4.6  -0.07638806469526163 
4.7  -0.07623613712392982 
4.8  -0.07620425917600368 
4.9  -0.07632410293655603 
5.0  -0.07584211954490332 
