#mmax= 10
#m-states: all states (FBR)
#Nr. of sites: 44

0.0  -0.0  0.0
0.1  -0.0  3.249576644882468e-19
0.2  -0.0  4.960759196759793e-19
0.3  -0.0  3.0644319909229138e-19
0.4  -0.0  3.029947829561503e-19
0.41  -0.0  3.076955985125217e-19
0.42  -0.0  2.9927817042999976e-19
0.43  -0.0  3.094750953113983e-19
0.44  -0.0  3.0354347715125585e-19
0.45  -0.0  3.009518207299491e-19
0.46  5.00012498083932e-5  2.2361350515662985e-5
0.47  2.0000199993693723e-5  1.4142347752700679e-5
0.48  4.000080002137398e-5  2.0000500014704966e-5
0.49  6.000180007195222e-5  2.4495754786904173e-5
0.5  0.00011000605041899708  3.316823803184858e-5
0.51  0.00020001999184131528  4.472605356676075e-5
0.52  0.0001800161990613405  4.2430437236512294e-5
0.53  0.00017001438501461485  4.1234751357254665e-5
0.54  0.00035005402600434536  5.9170226239932595e-5
0.55  0.00039007594798445226  6.246245409984282e-5
0.56  0.0004500989996162453  6.709713331194667e-5
0.57  0.0005201349069757019  7.213009519312908e-5
0.58  0.0005801634970329231  7.617958117876019e-5
0.59  0.0007602884991777973  8.721151013626758e-5
0.6  0.0007202583875127292  8.488369121829871e-5
0.7  0.0016713836321129792  0.00012933620948193657
0.8  0.0034256937214468745  0.0001852413418488188
0.9  0.005273494868882641  0.00022993673003873525
1.0  0.006387772184564805  0.0002531041365829094
1.1  0.0085447311538197  0.0002929127099194929
1.2  0.010618600867667576  0.0003266472053865058
1.3  0.013619395217703988  0.0003701784877008856
1.4  0.01528279168132898  0.0003922149752948028
1.5  0.017893702985143596  0.00042472361187421867
1.6  0.019195350390901266  0.00044065151977575143
1.7  0.02142520934627084  0.0004689932182521615
1.8  0.024124286797648872  0.0004953610410783229
1.9  0.027445689446785312  0.0005310202097826935
2.0  0.02852993051680498  0.0005475937622070363
2.1  0.03064869920458336  0.000561774328956898
2.2  0.03431714169257405  0.000595335315812065
2.3  0.03729822300194301  0.000618543702876618
2.4  0.038721101514020355  0.0006280433605381565
2.5  0.04100589064401075  0.0006495965878495644
2.6  0.04405270139113379  0.0006825166920213576
2.7  0.04655455347054994  0.00069745121751297
2.8  0.04823403379795205  0.0007071147623737268
2.9  0.05059706988275101  0.0007214722219233843
3.0  0.05221422106911587  0.0007354057357799798
3.1  0.05479910070811723  0.0007517399287821256
3.2  0.056398892756480905  0.0007707784626459213
3.3  0.05971576094637782  0.0007900372048876526
3.4  0.06025102826525396  0.0007949162351753228
3.5  0.06342244448232913  0.000814417759053312
3.6  0.06668499750421215  0.0008394613803157134
3.7  0.0667804085614016  0.0008499179339941082
3.8  0.06927096235094322  0.0008554358368012067
3.9  0.07147062668813955  0.0008659145218595859
4.0  0.07330148864953805  0.0008712506201928678
4.1  0.07522747125634252  0.00089086010482349
4.2  0.0771834224075312  0.0008987107244827381
4.3  0.07875678368246586  0.0009220128428573311
4.4  0.0793805497657411  0.0009213666877388962
4.5  0.08173790350779203  0.0009326617161760769
4.6  0.0843521861716612  0.00094923250958033
4.7  0.08672512421812205  0.0009741186080292883
4.8  0.0871558905615833  0.0009687568820226022
4.9  0.09033440615287276  0.000980764738914799
5.0  0.0929759720846671  0.0009965266776518988
