#mmax= 10
#m-states: all states (FBR)
#Nr. of sites: 44

0.0  1.0  0.0
0.1  1.0  3.249576644882468e-19
0.2  1.0  4.960759196759793e-19
0.3  1.0  3.0644319909229138e-19
0.4  1.0  3.029947829561503e-19
0.41  1.0  3.076955985125217e-19
0.42  1.0  2.9927817042999976e-19
0.43  1.0  3.094750953113983e-19
0.44  1.0  3.0354347715125585e-19
0.45  1.0  3.009518207299491e-19
0.46  0.9999500000002333  2.236023244814242e-5
0.47  0.999980000000009  1.4142064905745752e-5
0.48  0.99996  1.9999699994704378e-5
0.49  0.99994  2.449428504161696e-5
0.5  0.9998900000000247  3.316458952566589e-5
0.51  0.9998000000108236  4.4717108356531496e-5
0.52  0.9998200000028824  4.242279975793202e-5
0.53  0.9998300000666119  4.122774145227066e-5
0.54  0.9996500072357577  5.9149517088890036e-5
0.55  0.9996100001217468  6.24380937503485e-5
0.56  0.9995500022797427  6.70669397549205e-5
0.57  0.9994800003397352  7.209258756813378e-5
0.58  0.9994200047652673  7.613539738469258e-5
0.59  0.9992400004468911  8.714522942753806e-5
0.6  0.9992800009362959  8.482257504009778e-5
0.7  0.9983300123516601  0.00012912021960961864
0.8  0.9965801672727226  0.00018460784744551943
0.9  0.9947403855949464  0.0002287273515011726
1.0  0.9936325862607408  0.00025149251782616804
1.1  0.9914916713045658  0.0002904205123044275
1.2  0.9894375774536387  0.00032319701957962547
1.3  0.9864729291361262  0.0003651710570654741
1.4  0.9848333975279122  0.0003862664066809068
1.5  0.9822654386930912  0.00041719132494094364
1.6  0.9809877071914017  0.000432273724055221
1.7  0.9788026800239908  0.0004590518189382921
1.8  0.976164377873585  0.0004835538024870324
1.9  0.9729275213505112  0.0005166441764909045
2.0  0.9718732050435169  0.0005321917047379899
2.1  0.9698162104455708  0.0005448178508345822
2.2  0.9662650131177206  0.0005752516867425873
2.3  0.9633887878080216  0.0005958980681205901
2.4  0.9620189773710994  0.0006041896314496261
2.5  0.9598234759527361  0.0006234980549168058
2.6  0.956903525997153  0.0006531026291471501
2.7  0.9545124871807322  0.0006657258963155349
2.8  0.9529107476577579  0.0006738172568933857
2.9  0.9506616435790697  0.0006858759682903279
3.0  0.9491255223792038  0.000697992353132836
3.1  0.9466753152510834  0.0007116536340666458
3.2  0.9451620423930528  0.0007285105459869963
3.3  0.9420322578910589  0.0007442405319382565
3.4  0.9415281537373581  0.0007484360152804732
3.5  0.9385469059692745  0.000764369267925916
3.6  0.9354898365622258  0.0007853075894718473
3.7  0.9354005847458022  0.000795013732444033
3.8  0.9330738179463759  0.0007981847822522548
3.9  0.9310236244404962  0.0008061868765973709
4.0  0.9293206081709157  0.0008096711562269234
4.1  0.9275324753525299  0.000826301678219746
4.2  0.925720040234703  0.0008319545280275194
4.3  0.9242646933653914  0.0008521839174824839
4.4  0.9236883481686815  0.0008510556738551904
4.5  0.9215134524910483  0.0008594603180796429
4.6  0.9191075021351152  0.0008724467208258239
4.7  0.9169291026002634  0.000893197701086513
4.8  0.9165342054638272  0.0008878988191522003
4.9  0.9136256121551839  0.0008960517849712524
5.0  0.9112153946394542  0.0009080504498453191
