#mmax= 10
#m-states: all states (FBR)
#Nr. of sites: 44
 
0.0  3.2471023779729126e-28 
0.1  2.170527177437237 
0.2  4.474443043498699 
0.3  7.106149471164569 
0.4  10.474437482074837 
0.41  10.88649830976043 
0.42  11.32002713412548 
0.43  11.778116961552625 
0.44  12.265532533748313 
0.45  12.787581121171874 
0.46  13.35240807844952 
0.47  13.968129640409632 
0.48  14.639347938313728 
0.49  15.354898448687516 
0.5  16.0749417383561 
0.51  16.74890326252327 
0.52  17.348454690358665 
0.53  17.87552590035668 
0.54  18.34484310774032 
0.55  18.76920818057254 
0.56  19.159001306686477 
0.57  19.520716196089868 
0.58  19.857952514385754 
0.59  20.175801539193785 
0.6  20.47483619396298 
0.7  22.799191865328126 
0.8  24.40713118369011 
0.9  25.62980321845726 
1.0  26.611831267482348 
1.1  27.42916833092939 
1.2  28.126583813414243 
1.3  28.732920038658033 
1.4  29.267442355821682 
1.5  29.744013055898645 
1.6  30.17284191794626 
1.7  30.561640063058864 
1.8  30.91658846762395 
1.9  31.242311225746462 
2.0  31.54267833936258 
2.1  31.821008471367023 
2.2  32.07975208029709 
2.3  32.32120579870622 
2.4  32.5472334176051 
2.5  32.759409064332566 
2.6  32.95912156839928 
2.7  33.147522512895605 
2.8  33.32565256820022 
2.9  33.494428728457635 
3.0  33.65464066645299 
3.1  33.806991202750176 
3.2  33.95210322220471 
3.3  34.090479577093426 
3.4  34.22277965538401 
3.5  34.34929783916869 
3.6  34.470480546688236 
3.7  34.58665386227377 
3.8  34.69823665374421 
3.9  34.805481574919824 
4.0  34.90867542545324 
4.1  35.00805599243567 
4.2  35.10386419528147 
4.3  35.19629298441933 
4.4  35.285541637753695 
4.5  35.371799436908994 
4.6  35.45521440096753 
4.7  35.53595256768443 
4.8  35.614140393080085 
4.9  35.68992729737295 
5.0  35.763419524200316 
