#mmax= 10
#m-states: all states (FBR)
#Nr. of sites: 44
 
0.0  0.0 
0.1  -1.0617692185195264 
0.2  -2.041160036207735 
0.3  -2.8388094323561854 
0.4  -3.301865169966069 
0.41  -3.319574900775418 
0.42  -3.3301393107275077 
0.43  -3.3327927431757276 
0.44  -3.3264740193608135 
0.45  -3.309929308002445 
0.46  -3.2813884333906373 
0.47  -3.2389127594951095 
0.48  -3.1810870019933737 
0.49  -3.109349447509388 
0.5  -3.030804520830226 
0.51  -2.9553701019532284 
0.52  -2.889371509405646 
0.53  -2.8334081285933466 
0.54  -2.78535614950304 
0.55  -2.7432159964445715 
0.56  -2.705315883498886 
0.57  -2.6706658821660363 
0.58  -2.638766622092467 
0.59  -2.608839985514152 
0.6  -2.580905021066044 
0.7  -2.3649001492881747 
0.8  -2.2129655705153723 
0.9  -2.0940938127080804 
1.0  -1.9958995610610184 
1.1  -1.9121436926339581 
1.2  -1.8391705208217644 
1.3  -1.7745551149226602 
1.4  -1.7167092453112005 
1.5  -1.6644558690309597 
1.6  -1.6169017228427154 
1.7  -1.5733573890769457 
1.8  -1.5332208903627829 
1.9  -1.4961061096724304 
2.0  -1.461657461053986 
2.1  -1.4294865392474856 
2.2  -1.3994343298015879 
2.3  -1.3712316148601202 
2.4  -1.3446920729128455 
2.5  -1.3196663678170655 
2.6  -1.2960043747194325 
2.7  -1.2736025333377383 
2.8  -1.2523460409615779 
2.9  -1.2321364452343613 
3.0  -1.2128890039599498 
3.1  -1.1945316415993512 
3.2  -1.1769917653549666 
3.3  -1.1602583675036748 
3.4  -1.1441597676665352 
3.5  -1.1287492963673242 
3.6  -1.1139643602625453 
3.7  -1.0997827816520822 
3.8  -1.0861055477929091 
3.9  -1.0729433424131498 
4.0  -1.0602455435920701 
4.1  -1.0479982081344268 
4.2  -1.0361629097855 
4.3  -1.024731911428331 
4.4  -1.0136825321422038 
4.5  -1.002979085630469 
4.6  -0.9926188460403689 
4.7  -0.9825733478709934 
4.8  -0.9728361147934055 
4.9  -0.96337680722379 
5.0  -0.9542055784277865 
