#mmax= 10
#m-states: all states (FBR)
#Nr. of sites: 16
 
0.0  7.999999999999992 0.031250000000000555 
0.1  7.27858832695036 0.025694612559065244 
0.2  6.6242837378187005 0.02081533089427967 
0.3  6.037121099926538 0.016688567659291054 
0.4  5.517251733073878 0.013571530024338752 
0.41  5.46845834617965 0.013329017571093948 
0.42  5.420193537543858 0.013106647489330325 
0.43  5.3723856510068515 0.01289775288951367 
0.44  5.325054741919041 0.012708425532866663 
0.45  5.278171200054278 0.01253384571574434 
0.46  5.23174066911688 0.012383583697087586 
0.47  5.185775980951409 0.012261719599140797 
0.48  5.140287054413067 0.012144776266976187 
0.49  5.0953954770874095 0.01206791424047049 
0.5  5.051158504706951 0.012014467672900264 
0.51  5.007717540829167 0.0119819500362639 
0.52  4.965162975872993 0.011969253061146379 
0.53  4.923670845907163 0.01197195599923273 
0.54  4.883365277028578 0.011986751634514792 
0.55  4.844328438945123 0.012008878333610196 
0.56  4.806616999302923 0.012035223763514846 
0.57  4.770253157533631 0.0120623989309665 
0.58  4.735183537340987 0.012088256901702676 
0.59  4.701370868965432 0.012110381819945726 
0.6  4.668758771139938 0.01212905317892643 
0.7  4.392305304139279 0.012110751244622797 
0.8  4.173991846902577 0.011928987779027511 
0.9  3.991637876163942 0.011719754646734248 
1.0  3.8348732350161314 0.0115218467749858 
1.1  3.6974985750842175 0.011325289178452547 
1.2  3.575413045704164 0.01113125136943971 
1.3  3.4657616119141217 0.010943775464700378 
1.4  3.366421844782744 0.010766713100639036 
1.5  3.2757919234051824 0.010600502283663604 
1.6  3.192599423160868 0.010439874739549992 
1.7  3.115827055840935 0.010285645337193006 
1.8  3.044662294386729 0.010140495395745242 
1.9  2.978439169260879 0.010003189468468232 
2.0  2.9165820917995955 0.009871079505864966 
2.1  2.858621556196353 0.009744240113140235 
2.2  2.804160455850994 0.009622840829039192 
2.3  2.7528583464671583 0.009506537397612536 
2.4  2.7043955073864234 0.009394842353167787 
2.5  2.658522418777291 0.009287606167628026 
2.6  2.61500370174608 0.009184267795019796 
2.7  2.573653736239178 0.00908456174882466 
2.8  2.5342863600463565 0.00898842004390732 
2.9  2.4967508011418365 0.008895622486540189 
3.0  2.460902421001687 0.008805854970169502 
3.1  2.4266219835267915 0.008719035826750043 
3.2  2.393781285317199 0.008635173022720433 
3.3  2.3622994180394943 0.00855144890474313 
3.4  2.3320744822284882 0.008470311422257293 
3.5  2.3030248841468306 0.008395829868185434 
3.6  2.2750789192523975 0.00832150785190311 
3.7  2.2481594936525564 0.008247490356988574 
3.8  2.2222128381261093 0.008177354348269383 
3.9  2.1971780821162596 0.008111273704008215 
4.0  2.172997711704707 0.00804276705075635 
4.1  2.1496304883979023 0.007981987301260318 
4.2  2.1270237282851077 0.007917027938916577 
4.3  2.1051437614909 0.007855705601548246 
4.4  2.083945459408663 0.007795606585893511 
4.5  2.0633995824420577 0.007737308830861989 
4.6  2.0434700933199736 0.007680339110946122 
4.7  2.0241420298409794 0.007626854673807415 
4.8  2.00535351788615 0.007576199683806295 
4.9  1.9870967777348034 0.007523065556670483 
5.0  1.9693449997332713 0.0074695516393320505 
