#mmax= 10
#m-states: all states (FBR)
#Nr. of sites: 16
 
0.0  7.99999999999998 0.031249999999998224 
0.1  9.788799385072538 0.045413964121868045 
0.2  12.522055596437772 0.06864928887045052 
0.3  17.346263534628104 0.11400680502400029 
0.4  28.300031733769714 0.2254375400867935 
0.41  30.157250302242485 0.2435000739073524 
0.42  32.23576388589233 0.2632092678892445 
0.43  34.56166288198814 0.2844419564043731 
0.44  37.17462955424977 0.30720901930059896 
0.45  40.097239860951134 0.3312701970559806 
0.46  43.35220126718652 0.35636420975134364 
0.47  46.9691088041968 0.3822360714027092 
0.48  50.924408578341605 0.4082253907814135 
0.49  55.22358799622644 0.43399312680558166 
0.5  59.806681289834884 0.4588777689355944 
0.51  64.60461303006382 0.482363857654197 
0.52  69.54099377393592 0.5041027433692244 
0.53  74.499529282997 0.5237217325052448 
0.54  79.3772149022742 0.5410878549734172 
0.55  84.08731614304553 0.5562062329650389 
0.56  88.56083324816622 0.5691928989001338 
0.57  92.74630134851452 0.5802209060747184 
0.58  96.63458562943195 0.589551570148664 
0.59  100.21839686190566 0.5974106364222656 
0.6  103.51272882799809 0.6040344549800809 
0.7  125.46336159476205 0.6351388025248876 
0.8  137.93050992420933 0.6450795815864196 
0.9  146.67000266306277 0.6500284977253629 
1.0  153.39071862555173 0.65304580125995 
1.1  158.83448751425914 0.6550977762770511 
1.2  163.397352652805 0.6565942203576998 
1.3  167.31161486741024 0.6577381948289085 
1.4  170.72974565438147 0.658644192334894 
1.5  173.7555061767276 0.6593810750212853 
1.6  176.46292246440552 0.6599930335899581 
1.7  178.9082019697998 0.6605102418155737 
1.8  181.13274714603713 0.6609533651229884 
1.9  183.16910558948405 0.6613374409135651 
2.0  185.04349845484927 0.6616736497799506 
2.1  186.77696453420728 0.661970489602266 
2.2  188.38649670087023 0.6622344789851791 
2.3  189.88582939691506 0.6624706555989734 
2.4  191.2888061884134 0.6626835141033217 
2.5  192.6051207150073 0.6628762861285489 
2.6  193.84345886533163 0.6630516645500002 
2.7  195.01078316962497 0.6632117856617176 
2.8  196.11409135150262 0.6633586274716917 
2.9  197.15902765062953 0.663493762135923 
3.0  198.15068495995624 0.6636185319853823 
3.1  199.09337751967988 0.663734066040232 
3.2  199.99137216811113 0.6638414078285667 
3.3  200.84759503937784 0.6639412934888099 
3.4  201.66546916228117 0.664034513039174 
3.5  202.4477963830138 0.6641217250077457 
3.6  203.19698355268815 0.6642034543374465 
3.7  203.91547306487138 0.6642802192379429 
3.8  204.60512165831062 0.6643524367727894 
3.9  205.26804379376347 0.6644205306872483 
4.0  205.9058037030809 0.6644848052442798 
4.1  206.52007309912423 0.6645456110985258 
4.2  207.11213492532815 0.6646031758048889 
4.3  207.68329456132798 0.6646577640881486 
4.4  208.23487101831319 0.6647096101625216 
4.5  208.76782174112736 0.6647588971633897 
4.6  209.2833067376759 0.6648058238786247 
4.7  209.78117851650302 0.664850422094296 
4.8  210.2643438182675 0.664893095186942 
4.9  210.73267277939175 0.6649338551427179 
5.0  211.1868581086929 0.6649728219863098 
