#mmax= 10
#m-states: all states (FBR)
#Nr. of sites: 16
 
0.0  -1.5815062070950452e-31 
0.1  0.02574850816967112 
0.2  0.05625575754136365 
0.3  0.09780624184668937 
0.4  0.16132307171997912 
0.41  0.16961870673388996 
0.42  0.17839004138740802 
0.43  0.18765491449657806 
0.44  0.19746423064506818 
0.45  0.20783623368778473 
0.46  0.21878387396674684 
0.47  0.23033389307042615 
0.48  0.24242177761055264 
0.49  0.25503213641618583 
0.5  0.2680434207412684 
0.51  0.28131862081418874 
0.52  0.2947123847486799 
0.53  0.30801452812827584 
0.54  0.32104079896037163 
0.55  0.3336350472541323 
0.56  0.3456753867158452 
0.57  0.35707245848247077 
0.58  0.36780993378813504 
0.59  0.37787846192032765 
0.6  0.387306682970235 
0.7  0.45620081044949934 
0.8  0.5007122630285148 
0.9  0.5339287210914023 
1.0  0.5603977766152037 
1.1  0.5823297376010387 
1.2  0.6009986886027066 
1.3  0.6171943501329008 
1.4  0.6314547317329955 
1.5  0.6441586880177906 
1.6  0.6555827444889014 
1.7  0.6659408920414741 
1.8  0.6753936149422898 
1.9  0.6840695751000285 
2.0  0.6920726425583408 
2.1  0.6994874769146152 
2.2  0.7063831889120015 
2.3  0.7128160000441175 
2.4  0.7188418003272453 
2.5  0.7245010565659097 
2.6  0.7298293105525506 
2.7  0.7348564104545748 
2.8  0.7396109884690194 
2.9  0.7441170034974437 
3.0  0.7483956267199404 
3.1  0.7524652569260707 
3.2  0.7563431332217744 
3.3  0.7600428364675746 
3.4  0.763578150591829 
3.5  0.766960635349944 
3.6  0.7702013051533789 
3.7  0.7733099887922138 
3.8  0.7762948168733864 
3.9  0.7791646298177107 
4.0  0.7819263785644436 
4.1  0.7845867656995963 
4.2  0.7871517239062916 
4.3  0.7896266641351797 
4.4  0.7920170678310948 
4.5  0.7943272904049992 
4.6  0.7965621894098409 
4.7  0.7987216084694544 
4.8  0.8008167856796514 
4.9  0.8028481420721458 
5.0  0.804818440711117 
