#mmax= 10
#m-states: all states (FBR)
#Nr. of sites: 16
 
0.0 3.3532143042413773e-28
0.1 -0.09397090923804485
0.2 -0.3787038905207328
0.3 -0.8640628297335025
0.4 -1.5727022289941819
0.41 -1.6574404980789978
0.42 -1.744958338457347
0.43 -1.8353400428585773
0.44 -1.9286756162744643
0.45 -2.0250597798693417
0.46 -2.124591870323622
0.47 -2.22737190436942
0.48 -2.333495497912486
0.49 -2.4430471198161627
0.5 -2.5560933421183734
0.51 -2.672672755100739
0.52 -2.7927894264772988
0.53 -2.916406301664168
0.54 -3.0434455932917643
0.55 -3.1737930603632343
0.56 -3.3073041617035983
0.57 -3.4438152932665815
0.58 -3.583154375302229
0.59 -3.7251478404720033
0.6 -3.8696289014316334
0.7 -5.422756777750891
0.8 -7.117559874081195
0.9 -8.911516311830676
1.0 -10.781869798374515
1.1 -12.714128115945101
1.2 -14.698210679413913
1.3 -16.7266980106249
1.4 -18.793899554803062
1.5 -20.895314916686758
1.6 -23.02729817170622
1.7 -25.18683324131699
1.8 -27.37138974654883
1.9 -29.578813149122354
2.0 -31.80725008469244
2.1 -34.0550901935827
2.2 -36.32092273158787
2.3 -38.60350281670556
2.4 -40.901724867691726
2.5 -43.21460050814939
2.6 -45.541243518148974
2.7 -47.88085479324059
2.8 -50.232708440126295
2.9 -52.596145326553746
3.0 -54.970563779156
3.1 -57.3554124622819
3.2 -59.750184274764024
3.3 -62.154413796397726
3.4 -64.56767012381917
3.5 -66.98955370025695
3.6 -69.41969424079173
3.7 -71.85774707381448
3.8 -74.30339130588376
3.9 -76.75632674452778
4.0 -79.21627255456416
4.1 -81.6829658095306
4.2 -84.15615927117578
4.3 -86.63562112053543
4.4 -89.12113189281123
4.5 -91.61248547402842
4.6 -94.10948730436242
4.7 -96.61195294986044
4.8 -99.11970805494946
4.9 -101.6325873763534
5.0 -104.15043404667773
