0.0  -0.0  0.0
0.1  0.006407042234351929  0.00025346800683989884
0.2  0.02699426734426613  0.0005245588029140242
0.3  0.06551474031089927  0.0008250670384400277
0.4  0.14874491774739942  0.0012757267863390206
0.41  0.1609300364163417  0.001328300563282899
0.42  0.176770069955178  0.001402706546561832
0.43  0.19336787525155288  0.0014689835875044731
0.44  0.2095924790544293  0.0015406316027077446
0.45  0.23497074013914498  0.001635688589028903
0.46  0.2593382606383144  0.0017337982973003822
0.47  0.28376451434762956  0.0018278537951200691
0.48  0.3143871193611826  0.0019397932875755651
0.49  0.34480046237681206  0.002051920942052959
0.5  0.3817168156308212  0.002177992402157109
0.51  0.4176444236104132  0.0023071475820690443
0.52  0.45909535529797024  0.0024508896649365385
0.53  0.4962170351479465  0.002574306076521598
0.54  0.5303739657940637  0.0026876238414659456
0.55  0.5622428122419039  0.0027930514300603783
0.56  0.596774696849316  0.0029047380339104647
0.57  0.6159310545507098  0.002968098911743941
0.58  0.6353637618841111  0.0030358333782313195
0.59  0.6513913677585524  0.0030904265409182952
0.6  0.6670553473658065  0.0031357408909975207
0.7  0.7036679945883945  0.003253100093994937
0.8  0.7102813340824926  0.0032592627315001107
0.9  0.7081568914196888  0.0032497947448282367
1.0  0.7049507144642718  0.0032386542884966017
1.1  0.7085289560780226  0.003249760307136012
1.2  0.7050632406773365  0.0032414149940132478
1.3  0.7071013924091538  0.0032419140916564093
1.4  0.7043790721008043  0.0032315779408747564
1.5  0.6998663387674618  0.003221044026555314
1.6  0.7047826986533211  0.003238682715488502
1.7  0.7075978186562535  0.0032407997721903927
1.8  0.7006662858386243  0.003222144876618548
1.9  0.7059024158249115  0.003237224873107827
2.0  0.704963649324049  0.003229335805874516
2.1  0.7040221527567797  0.0032236695550380574
2.2  0.7039105326450928  0.003232096169514052
2.3  0.7065429156647357  0.003242594879774568
2.4  0.7066713569983594  0.0032404823651312363
2.5  0.6990344832113328  0.003215481301825406
2.6  0.7040158773853429  0.0032325259427507685
2.7  0.7024237397910995  0.0032275877491933147
2.8  0.7007442865108948  0.0032225471945454523
2.9  0.7069587971316983  0.0032376443237619413
3.0  0.7044665877576438  0.0032348374353023198
3.1  0.7008140789594863  0.0032190784735388173
3.2  0.7022582761343655  0.003224494687503548
3.3  0.7041426104552406  0.0032327848927909903
3.4  0.7029738459681197  0.003223539662818237
3.5  0.7085902469854777  0.0032448819239170104
3.6  0.7030300077469859  0.00323080634765422
3.7  0.699445707162447  0.003215160161469652
3.8  0.7077121897239494  0.0032389950122052387
3.9  0.7045769245186788  0.0032306062620923687
4.0  0.7046524084227472  0.0032277913138678304
4.1  0.706834891741149  0.003240337270758177
4.2  0.7028180975524156  0.003223278576391745
4.3  0.7068063440855684  0.0032351619334017568
4.4  0.7045715710904674  0.0032294243299206306
4.5  0.703182372721054  0.0032230729891989563
4.6  0.7009267505580498  0.003219090221286706
4.7  0.7040007295469829  0.003229404332944541
4.8  0.6980495474366132  0.00320929945993774
4.9  0.705332753370248  0.0032321921276664816
5.0  0.7095844008670043  0.003241396246557201
0.0  -0.0  0.0
0.1  0.006128742750023537  0.0002479440074624059
0.2  0.02711285555428106  0.0005242055839408954
0.3  0.06754594453519026  0.0008362471870981164
0.4  0.14814800118064692  0.0012701040972267197
0.41  0.1609758776871673  0.0013295883833271552
0.42  0.1752217836732774  0.0013900809952583123
0.43  0.1955881112684343  0.0014823347290987196
0.44  0.20994950534096746  0.0015438456728339232
0.45  0.23217621664856197  0.0016304476333818486
0.46  0.25344959795737826  0.0017121563151858551
0.47  0.2836557856238413  0.0018265025936573206
0.48  0.3162011619202346  0.0019483920896861886
0.49  0.34272395689472335  0.0020474532909657154
0.5  0.384231760301427  0.0021920139252245368
0.51  0.4203914362664932  0.0023148990779351787
0.52  0.4507996689278744  0.0024250100413115935
0.53  0.498809041552763  0.002577523168984114
0.54  0.5280334247802045  0.002683298969573146
0.55  0.562739459122145  0.002791005505096331
0.56  0.5892106532443854  0.002883560392569975
0.57  0.616800598957811  0.002973294474993527
0.58  0.6422342767699889  0.0030526598476926527
0.59  0.6573301874021307  0.0031050909208704797
0.6  0.669703258026818  0.003145014444562551
0.7  0.70698382361956  0.0032523174854504344
0.8  0.7045041185345376  0.0032442602725778133
0.9  0.7124180765903472  0.003261534742646874
1.0  0.7046915061383163  0.0032387542773587145
1.1  0.7074513401298232  0.0032433672603580095
1.2  0.7132292384641957  0.003263236157569657
1.3  0.7051874802918693  0.003240014354306338
1.4  0.705325583759496  0.003236611437732992
1.5  0.7048160100406069  0.0032318094122913764
1.6  0.7067537603983073  0.0032418773640911546
1.7  0.7013343329247139  0.0032253454432074747
1.8  0.7057202574071193  0.003236532990861503
1.9  0.7043232061278603  0.0032316956681749404
2.0  0.6999313719613461  0.0032201257945107887
2.1  0.7042570549552961  0.003231560587973722
2.2  0.7013051765350525  0.0032224432878751575
2.3  0.6978365439282694  0.00321054964221006
2.4  0.7068244522295559  0.003240195965013866
2.5  0.7060535337813924  0.003241122367184273
2.6  0.7051791405749969  0.003235081045912222
2.7  0.7044415029657648  0.0032331590002728844
2.8  0.7065821114956581  0.003236263369207638
2.9  0.7048235427406387  0.0032339512058805493
3.0  0.6990137355811566  0.0032132095018259925
3.1  0.706371452287777  0.0032369072467554974
3.2  0.7014824323426513  0.0032187151430377384
3.3  0.7011692436365173  0.003221099144635644
3.4  0.6985331062139458  0.0032120668337861933
3.5  0.7007402964542724  0.003219732263109963
3.6  0.7022475983177291  0.003227041000163206
3.7  0.699406551178145  0.0032163467963968314
3.8  0.7068496241919707  0.003240507189675484
3.9  0.7034533680499516  0.0032286597960285547
4.0  0.7080209774118418  0.003241038373946788
4.1  0.7057828971252827  0.0032363460524540335
4.2  0.7051174212547606  0.003232183570360557
4.3  0.710177787080352  0.003250682914401429
4.4  0.708338493600459  0.0032443492784928743
4.5  0.7031486028596939  0.0032232534892016507
4.6  0.7059367674694834  0.0032330984683111817
4.7  0.7027171056369556  0.0032252446238984663
4.8  0.7055917433857432  0.0032280857060666235
4.9  0.70265751792898  0.003229043325205362
5.0  0.7014727298512556  0.00322353780975917
