#mmax= 10
#m-states: all states (FBR)
#Nr. of sites: 16
 
0.0  -0.0 
0.1  0.006345434360391623 
0.2  0.026700928850459105 
0.3  0.06678812324036344 
0.4  0.14885521085492776 
0.41  0.162016635296818 
0.42  0.1767278425898424 
0.43  0.1932119839194771 
0.44  0.21181385688445223 
0.45  0.232812935345354 
0.46  0.25649351128204967 
0.47  0.2832065763218652 
0.48  0.31289594116915115 
0.49  0.3456731840156509 
0.5  0.3810274722496222 
0.51  0.41822625639917776 
0.52  0.4563374041095258 
0.53  0.4939469096018218 
0.54  0.5297230708648635 
0.55  0.5625298539610739 
0.56  0.5915451365098797 
0.57  0.6163071792972555 
0.58  0.6368927386809186 
0.59  0.6535413516784983 
0.6  0.6667330563967905 
0.7  0.7059034692198217 
0.8  0.7069654532180069 
0.9  0.7062636459848284 
1.0  0.7057298967113157 
1.1  0.7053582945129978 
1.2  0.7050857699658399 
1.3  0.7048754492209535 
1.4  0.7047052163319221 
1.5  0.7045660292615262 
1.6  0.7044477210848983 
1.7  0.7043459080168956 
1.8  0.7042574678588571 
1.9  0.7041791218669718 
2.0  0.7041094348429009 
2.1  0.704046873833573 
2.2  0.7039901448032075 
2.3  0.7039386903161057 
2.4  0.7038916628583988 
2.5  0.7038481111885094 
2.6  0.7038081251553162 
2.7  0.7037710132939187 
2.8  0.7037367700780146 
2.9  0.7037046664997144 
3.0  0.7036747194408738 
3.1  0.7036466686184513 
3.2  0.7036202004284108 
3.3  0.7035953372683299 
3.4  0.703571872967828 
3.5  0.703549655344827 
3.6  0.7035285450120031 
3.7  0.7035085950801847 
3.8  0.7034896485375639 
3.9  0.7034716014736428 
4.0  0.7034543949349816 
4.1  0.703437967604354 
4.2  0.7034222622253713 
4.3  0.7034072306599165 
4.4  0.7033928329085449 
4.5  0.7033790193623449 
4.6  0.7033657581658711 
4.7  0.7033530605109839 
4.8  0.7033407891485889 
4.9  0.7033289472617705 
5.0  0.7033175596727923 
