#mmax= 10
#m-states: all states (FBR)
#Nr. of sites: 16
 
0.0  0.0 
0.1  0.02297494464206696 
0.2  0.0770244454032358 
0.3  0.16004862255217409 
0.4  0.29062288264694447 
0.41  0.3086619361152785 
0.42  0.32811519572595677 
0.43  0.3491022887973019 
0.44  0.37184626809713156 
0.45  0.3964159652976118 
0.46  0.4228330601402157 
0.47  0.45114010992509207 
0.48  0.4808691222333748 
0.49  0.5117798718904206 
0.5  0.5430477022787317 
0.51  0.5738189811952481 
0.52  0.6032697694165019 
0.53  0.6304054383704571 
0.54  0.6545326452915744 
0.55  0.6752591020343756 
0.56  0.6924734589212821 
0.57  0.7062861846090114 
0.58  0.7170968370157386 
0.59  0.7253049323183997 
0.6  0.7313858386395378 
0.7  0.7425943889490747 
0.8  0.7383631682196636 
0.9  0.7354639114004107 
1.0  0.7336362575983028 
1.1  0.7323922547756094 
1.2  0.7314843325134218 
1.3  0.730785184438771 
1.4  0.7302242540163453 
1.5  0.7297617659374956 
1.6  0.7293719020707919 
1.7  0.7290365745768244 
1.8  0.7287450949598063 
1.9  0.7284879696987993 
2.0  0.7282591738151406 
2.1  0.7280538804674161 
2.2  0.7278682983312286 
2.3  0.7276997881356105 
2.4  0.7275456751343088 
2.5  0.727403189707293 
2.6  0.7272725755746566 
2.7  0.7271516228020835 
2.8  0.7270394781819673 
2.9  0.7269348681737147 
3.0  0.7268370748111426 
3.1  0.7267455266822147 
3.2  0.7266589859826883 
3.3  0.726577959365286 
3.4  0.7265015086408764 
3.5  0.7264292242308968 
3.6  0.7263607486478093 
3.7  0.7262958024598476 
3.8  0.7262341044212692 
3.9  0.7261753643642688 
4.0  0.7261193791168101 
4.1  0.7260659435824688 
4.2  0.7260148757826055 
4.3  0.7259660125818703 
4.4  0.7259192064195285 
4.5  0.7258743197083445 
4.6  0.725831231268477 
4.7  0.7257899679219398 
4.8  0.7257501381305244 
4.9  0.7257117237474293 
5.0  0.7256747723643069 
