#mmax= 10
#m-states: all states (FBR)
#Nr. of sites: 16

0.0  0.0 0.0 0.0 NaN NaN 0.0 
0.1  0.00022 0.0012935286035347195 0.16732162481624818 0.04631040623948657 23.169383005615362 0.0 
0.2  -0.00158 0.0025868208195426925 0.6691641952419528 0.01266351163889881 5.7005793886922245 0.0 
0.3  -0.00222 0.0038967297264534016 1.5184502561025601 -0.004728376708880628 2.283188081340419 0.0 
0.4  -0.00364 0.005267043280764762 2.7741744921449225 -0.00854145638678786 1.1209949776560517 0.0 
0.41  0.00682 0.005360020725167183 2.872982217422174 0.022905198830123676 0.9818252924895146 0.0 
0.42  0.00046 0.005527956536283066 3.055830346703467 0.0034188865042596487 0.9846296618164336 0.0 
0.43  0.01408 0.00570479999504188 3.2544742983429833 0.013893559311788975 0.8792123129420948 0.0 
0.44  0.01144 0.005820225941860002 3.3875030014300154 0.014791586165938755 0.8495410629253075 0.0 
0.45  -0.0046 0.005986664079557832 3.5840146801468022 0.007548888050726318 0.7376259246816663 0.0 
0.46  -0.00208 0.006119111959370552 3.7443531171311712 -0.005409748749626775 0.7287496491435048 0.0 
0.47  -0.00504 0.006288413267702294 3.954414142541424 -0.0030176999072309353 0.6128001181132356 0.0 
0.48  -0.00424 0.006404079195817572 4.101223034630344 0.00660855956917339 0.592065859069328 0.0 
0.49  0.00234 0.006538499274583401 4.275197276372766 0.0024965666781909127 0.5655569724646825 0.0 
0.5  -0.00188 0.006747890040316303 4.553401999619996 0.0019679392905462686 0.4829197564476937 0.0 
0.51  0.011 0.006881341695384359 4.735286352863528 -0.010568950041728926 0.4428611425561808 0.0 
0.52  0.00154 0.007024362583231095 4.934166970069702 -0.006028746813276818 0.4002160477581036 0.0 
0.53  0.00122 0.007204672385961897 5.190730418904189 0.012931059153147954 0.37973954994390846 0.0 
0.54  0.00186 0.007345100741926491 5.395050490904908 -0.00330252887890501 0.3683913089931745 0.0 
0.55  0.00292 0.007463114076356944 5.569807171671716 0.0013030979803442153 0.3058874458066696 0.0 
0.56  6.0e-5 0.00761142426236989 5.793377930179302 -0.011348348805084507 0.2584561188066461 0.0 
0.57  -0.00472 0.007734052971874043 5.981557537175371 -0.016303352069712854 0.26955971950923185 0.0 
0.58  -0.01346 0.007864553820533492 6.185120679606794 -0.013912588396949645 0.2756938833391058 0.0 
0.59  -0.00506 0.007945110144721225 6.312477521175211 -0.01009464569486606 0.18924344869947607 0.0 
0.6  -0.00794 0.008052851547630843 6.484841804818046 -0.0036147176766798106 0.17939016267639207 0.0 
0.7  -0.00264 0.008835831088421182 7.807191102311026 -0.008013545828070047 0.07625510476507324 0.0 
0.8  -0.00306 0.009421315936531359 8.876119397593975 -0.004642176525325004 0.08580430130274541 0.0 
0.9  0.0036 0.009899820728907402 9.800645046450468 -0.014948654041057502 0.049426339005320674 0.0 
1.0  -0.00692 0.010228145838111269 10.461496728567287 0.004011620905328242 0.0357177516529692 0.0 
1.1  0.00864 0.01063787502971583 11.316438514785156 -0.00133760700613221 0.059231291216424786 0.0 
1.2  0.01502 0.010926597727626795 11.939053790137903 0.004263232691581821 0.0511790645982626 0.0 
1.3  -0.00976 0.01125121830394972 12.658991332313322 -0.0004064781035096905 0.030025427963042084 0.0 
1.4  -0.0052 0.011543944829503572 13.326266222662223 0.0027801872272427844 0.04464496170953236 0.0 
1.5  0.00612 0.011757355476895222 13.823540781007805 -0.004564589085444541 0.010616674151092909 0.0 
1.6  0.00832 0.01198979338134954 14.375514532745326 -0.0018510528131272152 -0.0017946559474104617 0.0 
1.7  -0.0113 0.01219766415876865 14.878301093010931 0.0055588108194641606 0.015178085053439538 0.0 
1.8  0.01686 0.01240689714291882 15.393109671496715 -0.0013316304128763964 0.030782711312388855 0.0 
1.9  0.00141 0.012648876632325917 15.999408005980065 0.001213728973446586 0.0318331884355354 0.0 
2.0  0.01046 0.012809939376494654 16.409454682946826 -0.006315570248208237 0.021623395226584297 0.0 
2.1  -0.0109 0.012966360058433194 16.812649316493165 0.010134716202219066 0.028837184591694154 0.0 
2.2  0.02046 0.013158371681612175 17.31427453114532 -0.0061399415884756834 -0.0010066324545703331 0.0 
2.3  -0.00362 0.013360406204922797 17.850045396053957 0.00744489034202753 0.002256879133282208 0.0 
2.4  -0.0224 0.013475726264360801 18.159519835198353 -0.00707953425442838 0.020818033920616763 0.0 
2.5  -0.01956 0.013646583321709633 18.622923635636354 0.010790680630686281 0.01664921544158604 0.0 
2.6  0.00504 0.01379255046496054 19.02344483284832 -0.00136085502135856 0.026959812029514918 0.0 
2.7  -0.00562 0.013922601141461514 19.383882254422545 0.01519197584595895 0.03317975409789886 0.0 
2.8  -0.00281 0.014141330234854432 19.99772208112081 0.0007224863369315865 0.00896861695262885 0.0 
2.9  0.01282 0.014241347711359566 20.281598463584636 -0.004541692535962944 0.05020123180680924 0.0 
3.0  0.03728 0.014380186713450531 20.678976991369918 -0.00046754634884962876 -0.012077159840713225 0.0 
3.1  -0.01366 0.01447159384153256 20.942702831428313 0.007508273450369401 0.008431651674638996 0.0 
3.2  0.01982 0.014670004218344237 21.52090237662377 0.002193734255798653 0.0005841515301763245 0.0 
3.3  -0.01734 0.014683444734785256 21.560354927949284 0.0008443081022812473 0.009014687414472089 0.0 
3.4  0.03422 0.014890309168350782 22.172130712907133 -0.007921459579762419 0.0028777708276299663 0.0 
3.5  -8.0e-5 0.015010391502373632 22.531185305453054 -0.0016758972430881514 0.025429362027345803 0.0 
3.6  0.00554 0.015180566444634926 23.044959757997585 -0.0126860132493644 0.004538641772301677 0.0 
3.7  -0.00298 0.015202796533737618 23.11250224462245 -0.001608602557273902 0.03361096884346759 0.0 
3.8  0.00098 0.01529665094951515 23.39875302713028 -0.01229926141327683 -0.02181830266284024 0.0 
3.9  -0.01292 0.015483382320645606 23.97351280872809 -0.0032502684279788266 -0.006820865350009253 0.0 
4.0  0.0046 0.015590837666469091 24.307421914219137 -0.00539318353255574 0.008841354846382377 0.0 
4.1  0.01104 0.015702600004472794 24.657164690046898 -0.0004717452310149759 0.002029473370749102 0.0 
4.2  0.0235 0.01577995461240861 24.900696756967573 0.0071565078498413036 0.02352840402127443 0.0 
4.3  -0.02006 0.015884347612948758 25.231249908899088 -0.005134989575309092 0.03316380077544778 0.0 
4.4  0.00794 0.016015590359251375 25.649913455534552 0.006116401375851742 -0.007365020311310033 0.0 
4.5  -0.035 0.01609168541276501 25.894233942339422 -0.0059825700571297874 0.006522277022610101 0.0 
4.6  0.00098 0.016196660572912466 26.233181371413718 0.007207467743294959 0.0016751897686062556 0.0 
4.7  0.00312 0.01631794611492678 26.6275365409654 0.011052382835926586 0.026417352317042564 0.0 
4.8  0.01352 0.016413703609870076 26.9409666192662 0.0194842451123454 0.006852469266731109 0.0 
4.9  0.00264 0.016477434429013928 27.150584536245358 0.0023751404594212675 0.024646004576488245 0.0 
5.0  -0.01432 0.01659286300211709 27.532310260702616 -0.0011303968993727881 -0.020470985470486536 0.0 
