#mmax= 10
#m-states: all states (FBR)
#Nr. of sites: 16
 
0.0  -2.9194242228061545e-61 
0.1  0.002480965770431141 
0.2  0.009690803664994715 
0.3  0.02090108615595927 
0.4  0.034687344037725894 
0.41  0.03611866242274687 
0.42  0.03754533232443372 
0.43  0.03896333336299891 
0.44  0.04036707055399949 
0.45  0.041750825877370626 
0.46  0.04310880715276336 
0.47  0.04443443162847883 
0.48  0.045721151338303644 
0.49  0.046962635549427575 
0.5  0.048153899563687534 
0.51  0.04929114406400005 
0.52  0.050372931613582826 
0.53  0.0514002565412794 
0.54  0.052376524515071736 
0.55  0.053307100656772896 
0.56  0.05419806346811481 
0.57  0.05505585976956584 
0.58  0.055886272563126844 
0.59  0.05669404567615639 
0.6  0.057483810354166436 
0.7  0.06474463303651004 
0.8  0.07115197341946707 
0.9  0.07689910940346173 
1.0  0.08215182197880873 
1.1  0.08702808819546132 
1.2  0.09160660505180797 
1.3  0.09594431708631414 
1.4  0.10008153924623427 
1.5  0.1040470727298063 
1.6  0.10786444214360716 
1.7  0.11154985420271317 
1.8  0.11511886389653259 
1.9  0.11858194088108905 
2.0  0.12194921488905526 
2.1  0.1252284999734287 
2.2  0.12842698870520702 
2.3  0.13155215474890677 
2.4  0.13460633849165113 
2.5  0.13759448226171783 
2.6  0.14052224959703316 
2.7  0.14339313076899843 
2.8  0.14621038599120098 
2.9  0.14897627948342673 
3.0  0.15169400961165316 
3.1  0.1543655143578507 
3.2  0.15699433496779377 
3.3  0.15958060924364245 
3.4  0.16212770519739442 
3.5  0.16463878701779538 
3.6  0.16711276207548106 
3.7  0.16955218750044565 
3.8  0.17195910285221228 
3.9  0.17433435520610124 
4.0  0.17667795116313167 
4.1  0.1789933000121944 
4.2  0.18127940593311365 
4.3  0.18353852065968493 
4.4  0.1857715070611614 
4.5  0.18797904560499726 
4.6  0.19016156459488917 
4.7  0.19232549468749624 
4.8  0.19446361530496445 
4.9  0.19657720579059898 
5.0  0.19866889608040714 
