#mmax= 10
#m-states: all states (FBR)
#Nr. of sites: 16
 
0.0  -8.946668535958069e-15 
0.1  -2.8618084239589407e-9 
0.2  -8.6076290582819e-7 
0.3  -1.15362774728929e-8 
0.4  2.032362215260001e-8 
0.41  8.971641135689865e-6 
0.42  -1.6126530482519942e-6 
0.43  -1.0769448731566488e-5 
0.44  -7.402010879309026e-6 
0.45  -0.00014320464082494302 
0.46  -7.45953554423647e-5 
0.47  -0.00011399118502654526 
0.48  -5.438378524535618e-5 
0.49  -1.065202158713108e-5 
0.5  -3.6107406376682554e-5 
0.51  -5.068146862751497e-5 
0.52  -2.5203398933532234e-5 
0.53  -9.447476224673983e-6 
0.54  9.520625334260724e-5 
0.55  8.986042823928833e-5 
0.56  6.743130895170053e-5 
0.57  0.00010674102093288941 
0.58  0.00013930089143294322 
0.59  0.00011752420579116771 
0.6  0.00012895293454587175 
0.7  0.0012311473523988013 
0.8  0.001468315591484646 
0.9  0.003534235607897749 
1.0  0.002779633856873838 
1.1  -0.006145109682276905 
1.2  -0.009387195110064993 
1.3  -0.010519407623213834 
1.4  -0.018394709063560822 
1.5  -0.01548829183694534 
1.6  -0.016983192957904875 
1.7  -0.017738562759121817 
1.8  -0.016990403489912636 
1.9  -0.017747081707620266 
2.0  -0.01783903619439779 
2.1  -0.017802857029262566 
2.2  -0.018597192581605155 
2.3  -0.018852171055873425 
2.4  -0.01869688679330864 
2.5  -0.019135137909715147 
2.6  -0.01949490010519172 
2.7  -0.02020314156733733 
2.8  -0.01987706966623763 
2.9  -0.020400930509682398 
3.0  -0.020448816315383228 
3.1  -0.02056210137346156 
3.2  -0.020522545942776103 
3.3  -0.0207024014191876 
3.4  -0.02085041910980199 
3.5  -0.021126048462252345 
3.6  -0.021710337733762037 
3.7  -0.0218161579480538 
3.8  -0.021861750105981768 
3.9  -0.021919885772732475 
4.0  -0.02197571599891078 
4.1  -0.022027209609077232 
4.2  -0.022085835834939015 
4.3  -0.02213393779757124 
4.4  -0.022162950689132464 
4.5  -0.0221912922114983 
4.6  -0.022210930304402337 
4.7  -0.022248484010565797 
4.8  -0.022298718021278207 
4.9  -0.022343189296515017 
5.0  -0.02237830332948605 
