#mmax= 10
#m-states: all states (FBR)
#Nr. of sites: 16

0.0  -0.0  0.0
0.1  -0.0  7.643663718981996e-20
0.2  5.99996504388463e-5  2.4494877250399553e-5
0.3  0.0007597756939713966  8.715291557113769e-5
0.4  0.005194223796978653  0.00023482778122005526
0.41  0.005498333172192125  0.0002349346322724512
0.42  0.006171066168904181  0.00025059545145083407
0.43  0.008329894000628932  0.0002885957590849312
0.44  0.009130800293448585  0.0003020832314482977
0.45  0.010740099681973285  0.00033701020332640427
0.46  0.012971652001152736  0.0003730998169682294
0.47  0.014611658633945722  0.0003858479159930765
0.48  0.016890085520712222  0.0004117103643457494
0.49  0.018520425851037876  0.00043536554219730306
0.5  0.02078000943956646  0.0004619962152656084
0.51  0.023080359031295145  0.0004889539402226337
0.52  0.025168837585610084  0.0005076465344584164
0.53  0.029029278812201333  0.0005426494454259748
0.54  0.031287411821414916  0.0005866453023705551
0.55  0.035077111071936964  0.0006114491992948577
0.56  0.038694534055037366  0.0006369153271457843
0.57  0.04087516494071462  0.0006478192546979045
0.58  0.04322532461754326  0.0006844423108712068
0.59  0.045671752354599644  0.0006964396610308106
0.6  0.04844503808337573  0.0007112736504991643
0.7  0.07080547661165414  0.0008933556089264049
0.8  0.08878689421165152  0.0009979386739688329
0.9  0.10401992608500403  0.0010978065336057113
1.0  0.11544708585429668  0.0011389822617731428
1.1  0.12495654471328523  0.00123076758502303
1.2  0.1359279665172813  0.0012941213870989318
1.3  0.1435138722515276  0.0013242795701943538
1.4  0.14939528768536622  0.001363273243969841
1.5  0.1561697066645265  0.001402035202489228
1.6  0.16357867589706068  0.0014314293020984232
1.7  0.16659058551191103  0.0014492800503867313
1.8  0.16990510323473806  0.0014899777147604186
1.9  0.17363679308575447  0.0015376124664020965
2.0  0.18011905913542522  0.0015254648003139774
2.1  0.1780923535530809  0.0015820551975264262
2.2  0.1821938950494892  0.0015782959198322696
2.3  0.1858574331597659  0.001594568814879658
2.4  0.18573717704540116  0.0016284912659171292
2.5  0.18599646346142865  0.001653770417319472
2.6  0.1845657342433246  0.0016677632260566953
2.7  0.18632712441176838  0.0017186855602538012
2.8  0.18650713533180513  0.0017203587318576873
2.9  0.19099417520865683  0.0016909463486903334
3.0  0.19005840439406937  0.0017335544870847978
3.1  0.19161149568271715  0.0017022194425558455
3.2  0.19033979314008162  0.0017701745493372406
3.3  0.1898495160045103  0.0017719501437906664
3.4  0.1899440047344168  0.0017812640111288683
3.5  0.18970320738588164  0.001767749659213952
3.6  0.18575023212860653  0.0017865917900140387
3.7  0.18869992404780245  0.0018054761064499995
3.8  0.18637037832566336  0.0018044185827031044
3.9  0.18977153941948924  0.0018067441520246855
4.0  0.18647421781803278  0.0018231610769961445
4.1  0.18629580345616545  0.001839920080590607
4.2  0.1819649514695058  0.0018526443027303582
4.3  0.18552450650350238  0.001826297569140819
4.4  0.18447936661443085  0.0018476318111188999
4.5  0.18278875174093379  0.001868236412229971
4.6  0.18088188441313346  0.0018669505364045519
4.7  0.1792355718712112  0.001893370634564039
4.8  0.18179055448478715  0.0018600786176591574
4.9  0.18015722979768642  0.0018817696315821118
5.0  0.18303714484128067  0.0018711718865631738
