#mmax= 10
#m-states: all states (FBR)
#Nr. of sites: 16

0.0  1.0  0.0
0.1  1.0  7.643663718981996e-20
0.2  0.9999400021495042  2.449340761041637e-5
0.3  0.9992405128624972  8.708672405276554e-5
0.4  0.9948192428570872  0.0002336111955151451
0.41  0.9945167549957201  0.00023364642812371097
0.42  0.9938479357524623  0.0002490537721333678
0.43  0.9917047034354302  0.00028620177167604455
0.44  0.9909107588778657  0.0002993375241187106
0.45  0.9893173692638727  0.00033341004776996113
0.46  0.9871121172768279  0.0003682913502831059
0.47  0.9854945736109024  0.0003802510274502522
0.48  0.9832517523000631  0.00040481493718305553
0.49  0.9816500233498621  0.0004273765946637079
0.5  0.9794344071950655  0.000452494989225035
0.51  0.9771839550620478  0.0004777979451499253
0.52  0.9751452569579376  0.000495029110288259
0.53  0.9713880229627412  0.0005271231719541656
0.54  0.9691969743739489  0.0005685748520882324
0.55  0.9655309602595785  0.0005903731325451144
0.56  0.9620445361103355  0.0006127409104455286
0.57  0.9599489577533398  0.0006218734183597987
0.58  0.9576955733647445  0.0006554873713448911
0.59  0.9553555039229147  0.0006653474633159939
0.6  0.9527097006180152  0.0006776373066245415
0.7  0.9316431008750622  0.0008322885896843253
0.8  0.9150405532365351  0.000913154356324575
0.9  0.9012073397082346  0.0009893513056651218
1.0  0.8909677157853169  0.001014796424092011
1.1  0.882535252573771  0.00108619578150791
1.2  0.87290550864797  0.0011296456876578095
1.3  0.8663087824505576  0.0011472350220792184
1.4  0.8612286145399799  0.0011740899271435702
1.5  0.8554140085940216  0.0011993205527512413
1.6  0.8490996926935787  0.001215426180524355
1.7  0.8465461286476483  0.001226882415981156
1.8  0.8437448814573321  0.0012571610703145959
1.9  0.8406021547340645  0.0012925203524035618
2.0  0.8351707707818301  0.001274023613078775
2.1  0.8368651324513406  0.0013239668324232846
2.2  0.8334397249113106  0.0013154145172536507
2.3  0.8303919729030816  0.001324117144117648
2.4  0.8304918386197538  0.001352448705607727
2.5  0.8302765312817183  0.001373086765628331
2.6  0.8314652823618011  0.0013866872216658584
2.7  0.8300020366396705  0.0014265125153538481
2.8  0.8298526406562803  0.0014276442365081913
2.9  0.8261374002151562  0.001396954020410343
3.0  0.8269108373066059  0.0014334949924319138
3.1  0.8256275660653368  0.0014053992952664772
3.2  0.8266781866372074  0.0014633646864774458
3.3  0.8270835874218383  0.0014655508816590265
3.4  0.8270054410361708  0.0014731150291254884
3.5  0.8272046057317994  0.0014622906598826
3.6  0.8304809965504715  0.0014837305301997495
3.7  0.8280349427919313  0.0014949973045165243
3.8  0.8299661365794597  0.00149760631985828
3.9  0.8271480830900557  0.0014944449619813868
4.0  0.8298799577916117  0.0015130048376248697
4.1  0.8300280335037317  0.001527185246296649
4.2  0.8336305574297386  0.0015444209028041378
4.3  0.8306684785515048  0.001517047823140516
4.4  0.8315370971479379  0.001536374392815997
4.5  0.8329440951429885  0.0015561364878980764
4.6  0.8345339243388389  0.001558033557692191
4.7  0.8359089595634371  0.0015826854772063906
4.8  0.833775952763209  0.0015508888216532368
4.9  0.8351388923688221  0.0015715390058127713
5.0  0.8327372232706168  0.001558194481078659
