#mmax= 10
#m-states: all states (FBR)
#Nr. of sites: 16
 
0.0  -2.372259310642568e-30 
0.1  0.7567013258393795 
0.2  1.5567008771998447 
0.3  2.461058905219164 
0.4  3.5857184437409484 
0.41  3.7185397044973336 
0.42  3.856449313062757 
0.43  3.999649516703222 
0.44  4.148722701413228 
0.45  4.303843543559626 
0.46  4.465125260116494 
0.47  4.632842811491104 
0.48  4.806125019390938 
0.49  4.984724147858292 
0.5  5.167073553450842 
0.51  5.35142775291293 
0.52  5.535973141684173 
0.53  5.718105624075972 
0.54  5.895584839583132 
0.55  6.066549237729208 
0.56  6.229580247464399 
0.57  6.383675506530533 
0.58  6.528738699170289 
0.59  6.664753954622473 
0.6  6.79216742069712 
0.7  7.727291351847596 
0.8  8.334159229331522 
0.9  8.786534522663864 
1.0  9.146210583452028 
1.1  9.443569094561306 
1.2  9.696156074163094 
1.3  9.914893604099014 
1.4  10.10719848266262 
1.5  10.278281379268599 
1.6  10.431950465647523 
1.7  10.571126916413798 
1.8  10.698020117617466 
1.9  10.814384906329064 
2.0  10.921642132543422 
2.1  11.020945381397173 
2.2  11.113238813354563 
2.3  11.199297454486809 
2.4  11.279857815135026 
2.5  11.355474543803647 
2.6  11.426636323053405 
2.7  11.493749555885973 
2.8  11.557199442542009 
2.9  11.617307998365153 
3.0  11.674362540662498 
3.1  11.728610696122631 
3.2  11.780287627999801 
3.3  11.829573419051771 
3.4  11.87665642154428 
3.5  11.921696441882897 
3.6  11.964834474485455 
3.7  12.00620539192933 
3.8  12.045920852222451 
3.9  12.08409686404766 
4.0  12.120825438400818 
4.1  12.156200662854367 
4.2  12.190298637702007 
4.3  12.223194785189985 
4.4  12.254961690601784 
4.5  12.285658098109858 
4.6  12.31534745431726 
4.7  12.344045709340618 
4.8  12.371874736277816 
4.9  12.398847419807682 
5.0  12.425005044685957 
