#mmax= 10
#m-states: all states (FBR)
#Nr. of sites: 16
 
0.0  0.0 
0.1  -0.37047370329431273 
0.2  -0.71286451407939 
0.3  -0.9939652775188235 
0.4  -1.1658723679412617 
0.41  -1.1742591034889844 
0.42  -1.1805986922516367 
0.43  -1.1848257992545512 
0.44  -1.1867592417372053 
0.45  -1.186300038242855 
0.46  -1.1833671506152916 
0.47  -1.1778344154347113 
0.48  -1.1697983552326487 
0.49  -1.1592421016155046 
0.5  -1.1464222423318156 
0.51  -1.1316484407000993 
0.52  -1.1152873704539745 
0.53  -1.0978877021518345 
0.54  -1.079972855177558 
0.55  -1.0620235289172237 
0.56  -1.0444494467267211 
0.57  -1.0275886292934726 
0.58  -1.0115896923482635 
0.59  -0.9965770258175586 
0.6  -0.9825671761435943 
0.7  -0.8842791951051059 
0.8  -0.8234752839038003 
0.9  -0.7776037062928299 
1.0  -0.7402439342239722 
1.1  -0.708623030545727 
1.2  -0.6811757451224946 
1.3  -0.6569783521055004 
1.4  -0.6353775066676877 
1.5  -0.6159010590017395 
1.6  -0.5982092983140015 
1.7  -0.5820135357916865 
1.8  -0.5671158934831202 
1.9  -0.5533412798286372 
2.0  -0.5405524941683093 
2.1  -0.5286332276779452 
2.2  -0.5174909796745417 
2.3  -0.507057453825046 
2.4  -0.4972308102263465 
2.5  -0.4879586953150007 
2.6  -0.47919666476514683 
2.7  -0.4709033990673488 
2.8  -0.46303461550671726 
2.9  -0.45555294590349754 
3.0  -0.4484281398633918 
3.1  -0.4416318422315704 
3.2  -0.4351406296731858 
3.3  -0.42893087203815106 
3.4  -0.4229841626668456 
3.5  -0.41728691163373843 
3.6  -0.41181489718477127 
3.7  -0.40655556004612314 
3.8  -0.4014985991216548 
3.9  -0.39662741678199936 
4.0  -0.39192975993416496 
4.1  -0.38739917736042395 
4.2  -0.38302277910763144 
4.3  -0.3787948231622892 
4.4  -0.37470567313536207 
4.5  -0.37074874203486924 
4.6  -0.36691461316964563 
4.7  -0.3632215822988031 
4.8  -0.35962295108304543 
4.9  -0.35612528872549415 
5.0  -0.35272843401920106 
