#mmax= 10
#m-states: all states (FBR)
#Nr. of sites: 32
 
0.0  15.999999999999961 0.015624999999997224 
0.1  19.721273727249947 0.022960801980925427 
0.2  25.526555737785813 0.0351985352560652 
0.3  36.23563650031221 0.060320425635691066 
0.4  64.76962612942815 0.14055244146156132 
0.41  70.58434995319924 0.15812377488832208 
0.42  77.57480969281757 0.17945066450745395 
0.43  86.03466178756722 0.2049885075723309 
0.44  96.62436912344197 0.23621938134374432 
0.45  109.8159247589377 0.2731593869291987 
0.46  126.46382848673191 0.31626952252382434 
0.47  147.40640251534145 0.3646548572793934 
0.48  173.21777857247554 0.415826615341629 
0.49  203.6930332809162 0.46595961857664614 
0.5  237.4053255883585 0.5109141911507541 
0.51  271.5335197505275 0.5474678445868226 
0.52  303.49183133701564 0.5750766914150565 
0.53  331.4976248965088 0.5947624796204222 
0.54  355.4628725698158 0.6086443334560908 
0.55  375.6981354533051 0.6183868133956996 
0.56  393.0206970477564 0.6254203342816982 
0.57  408.09092845929666 0.6306540582398004 
0.58  421.3878133766008 0.6346570061849517 
0.59  433.2995935069116 0.6378114466088569 
0.6  444.1361209822999 0.640375688371031 
0.7  518.88300033001 0.6523813464321154 
0.8  564.6604736476245 0.656646754701864 
0.9  597.5743653617482 0.6588656693273044 
1.0  623.1956612261861 0.6602428914269292 
1.1  644.1167776901981 0.6611902734667913 
1.2  661.7398279165573 0.6618861596956989 
1.3  676.9305374014937 0.662422101264168 
1.4  690.2344463097924 0.6628484956420735 
1.5  702.0384784023414 0.663196638131637 
1.6  712.6205208248929 0.6634866501222555 
1.7  722.1912609114593 0.6637323611559258 
1.8  730.905254552837 0.6639431654380961 
1.9  738.8851438097238 0.6641260359501854 
2.0  746.2363130355889 0.6642863507353876 
2.1  753.0380721865523 0.6644280320661509 
2.2  759.3557261192234 0.6645541072100936 
2.3  765.2462020724419 0.6646670470094082 
2.4  770.7558287145716 0.664768793304479 
2.5  775.9245805002354 0.6648609311902471 
2.6  780.7861655883415 0.6649447354269231 
2.7  785.3700303622311 0.6650212772791209 
2.8  789.7037230686218 0.6650915010447123 
2.9  793.8064324394127 0.6651560847103481 
3.0  797.7005819125723 0.6652157301483271 
3.1  801.402748506919 0.6652709665627297 
3.2  804.9273097468515 0.6653222505472938 
3.3  808.288962881752 0.665369983843167 
3.4  811.4998968583334 0.6654145328588965 
3.5  814.5707760067892 0.665456191666518 
3.6  817.5117964408638 0.6654952376828616 
3.7  820.3295795757331 0.6655318655108563 
3.8  823.0364022398772 0.6655663563560362 
3.9  825.6378207558125 0.6655988650827271 
4.0  828.1403899830098 0.6656295551440395 
4.1  830.5507281984164 0.6656585788420089 
4.2  832.8736158087908 0.6656860553923224 
4.3  835.1147507331948 0.6657121127252836 
4.4  837.2787897680657 0.6657368562752702 
4.5  839.3695070231979 0.6657603729305985 
4.6  841.3915545649584 0.665782759409295 
4.7  843.3482330881856 0.665804090257387 
4.8  845.2429709714702 0.665824436315648 
4.9  847.0792966394305 0.6658438684808856 
5.0  848.8603588199295 0.6658624485755011 
