#mmax= 10
#m-states: all states (FBR)
#Nr. of sites: 32
 
0.0  15.999999999999975 0.01562499999999778 
0.1  14.512706898705147 0.012754242540052751 
0.2  13.169266849074605 0.010227670881530093 
0.3  11.967418698954129 0.008084664477252868 
0.4  10.903245244236274 0.006469830784331165 
0.41  10.802830476410303 0.0063463519426729675 
0.42  10.703340579917205 0.006232588733036226 
0.43  10.604500979938654 0.006130006472072069 
0.44  10.506076494001487 0.006034753706690155 
0.45  10.40812652260275 0.005957358641290655 
0.46  10.310362691691225 0.005895440998598289 
0.47  10.21265193893505 0.0058509583001865595 
0.48  10.115003955747852 0.005823793609324834 
0.49  10.017826868651111 0.005814511626687446 
0.5  9.921975638324422 0.0058251363896851815 
0.51  9.829033886912088 0.005846707273719165 
0.52  9.740072518973435 0.005873193936073551 
0.53  9.65575025499367 0.005897517074039849 
0.54  9.57584224483038 0.005915926148218342 
0.55  9.500006853863242 0.0059280158041025155 
0.56  9.427646913138636 0.005934735824661419 
0.57  9.35830831770395 0.005937210161652717 
0.58  9.291581958911825 0.005936627270197503 
0.59  9.227214617469837 0.005933628447405304 
0.6  9.16494502249825 0.0059288495372967764 
0.7  8.62809744934012 0.005841094959389115 
0.8  8.197987825435806 0.005724281104224849 
0.9  7.837564383113339 0.005608853544858627 
1.0  7.527282097629091 0.005499756349405582 
1.1  7.255200094245975 0.005394512353467551 
1.2  7.013339085328718 0.005290588844931277 
1.3  6.796102534127529 0.005192129790555833 
1.4  6.599328979296128 0.00509985747488928 
1.5  6.419844479847959 0.005012290795856744 
1.6  6.255129996544272 0.004929448565984651 
1.7  6.10317476436451 0.004850912824655107 
1.8  5.962382076981464 0.00477627031554495 
1.9  5.831417641360645 0.004706148221057749 
2.0  5.709134342394726 0.004639159078371535 
2.1  5.5946060030157465 0.004575743179915159 
2.2  5.48702173950979 0.004514749510909022 
2.3  5.385685293215843 0.004456453272082772 
2.4  5.2900071026853945 0.004400603948186976 
2.5  5.199483445045723 0.0043473222372854 
2.6  5.113644986379409 0.004296090604794522 
2.7  5.032097190917426 0.004246717944756506 
2.8  4.954477568809896 0.0041991321509049495 
2.9  4.880498679366596 0.0041533475369902595 
3.0  4.80985596656124 0.004109137454475942 
3.1  4.742314902509603 0.0040664860961244775 
3.2  4.677655672529537 0.00402546678169402 
3.3  4.615666926737542 0.0039844266359861935 
3.4  4.556167061825358 0.003946447571559819 
3.5  4.498995269679885 0.0039085690528173345 
3.6  4.444002623675259 0.0038724086499495325 
3.7  4.391066050976573 0.0038382970280139705 
3.8  4.3400300755543775 0.0038036696527817826 
3.9  4.290786517138059 0.003770451305504241 
4.0  4.24325804452755 0.003738861035218033 
4.1  4.197313433598855 0.003707538633367813 
4.2  4.152885153519734 0.0036770547194447945 
4.3  4.10988367377455 0.003647396925651303 
4.4  4.068233783073532 0.003618494397153893 
4.5  4.027868689124104 0.0035903595022515056 
4.6  3.9887230251511645 0.0035624304370954762 
4.7  3.950727885632818 0.0035361703349214846 
4.8  3.9138363582406135 0.0035105161690274223 
4.9  3.8779904766568825 0.0034854781752235997 
5.0  3.843143098536154 0.003460557803754871 
