#mmax= 10
#m-states: all states (FBR)
#Nr. of sites: 32
 
0.0  -1.359404284909619e-31 
0.1  0.025777521322735416 
0.2  0.05651899621662527 
0.3  0.09894225996340154 
0.4  0.16566607829133306 
0.41  0.1746459840564505 
0.42  0.1842609831577481 
0.43  0.19455876702097277 
0.44  0.2056884809368016 
0.45  0.217716439444161 
0.46  0.2307946773403017 
0.47  0.24503816968939252 
0.48  0.260472007179665 
0.49  0.2769170321681525 
0.5  0.2939049882114834 
0.51  0.3106499711682215 
0.52  0.3264552824231349 
0.53  0.34085525432306696 
0.54  0.3538377238481887 
0.55  0.3655004700560017 
0.56  0.3760837076000079 
0.57  0.3857872033781487 
0.58  0.3947583253274407 
0.59  0.40312112444489817 
0.6  0.4109803180535139 
0.7  0.4713745449538385 
0.8  0.5129546251965488 
0.9  0.5445613831914939 
1.0  0.5699599076336533 
1.1  0.5911193300348081 
1.2  0.6091897073488086 
1.3  0.6249178551319592 
1.4  0.6387942263652067 
1.5  0.651176504064887 
1.6  0.6623263650726756 
1.7  0.6724460968471277 
1.8  0.6816878534470093 
1.9  0.6901726536930991 
2.0  0.6980049638718148 
2.1  0.7052650923748996 
2.2  0.7120192566195324 
2.3  0.7183252175156846 
2.4  0.724230556684831 
2.5  0.7297768689991301 
2.6  0.7349986451992591 
2.7  0.7399265705250374 
2.8  0.7445888509889693 
2.9  0.7490063566618221 
3.0  0.7532017488617728 
3.1  0.7571928154734248 
3.2  0.7609947411125971 
3.3  0.7646229836582482 
3.4  0.7680899075101043 
3.5  0.7714073587649976 
3.6  0.774585845803342 
3.7  0.7776326626930251 
3.8  0.7805604256751694 
3.9  0.7833749348967783 
4.0  0.7860838213343952 
4.1  0.7886933294743175 
4.2  0.7912090907271748 
4.3  0.7936369679606196 
4.4  0.7959818924008136 
4.5  0.7982480431779161 
4.6  0.8004404139653586 
4.7  0.8025621603414753 
4.8  0.8046173639996196 
4.9  0.8066095645578829 
5.0  0.8085422555804151 
