#mmax= 10
#m-states: all states (FBR)
#Nr. of sites: 32
 
0.0 1.4210854715202004e-14
0.1 -0.19423992084381042
0.2 -0.7832339146622702
0.3 -1.789143581407775
0.4 -3.2645665060200875
0.41 -3.4418504848248315
0.42 -3.6252335042343438
0.43 -3.8149702223794253
0.44 -4.011354998321934
0.45 -4.2147275429880295
0.46 -4.425483070357094
0.47 -4.644069844047409
0.48 -4.870969853920968
0.49 -5.106626316457707
0.5 -5.351319930477345
0.51 -5.605026734099281
0.52 -5.867363967559669
0.53 -6.137681699602359
0.54 -6.415233920571261
0.55 -6.699313817814982
0.56 -6.989313402533148
0.57 -7.284729879354202
0.58 -7.5851498902175125
0.59 -7.890227546946609
0.6 -8.1996702062103
0.7 -11.4901413073288
0.8 -15.049485648639758
0.9 -18.803348917558456
1.0 -22.708808470544753
1.1 -26.737901001768407
1.2 -30.870964797326167
1.3 -35.093415107686
1.4 -39.393998266386674
1.5 -43.763766924876684
1.6 -48.195444822595064
1.7 -52.68298971948761
1.8 -57.221319712770786
1.9 -61.80609630935282
2.0 -66.43358078749027
2.1 -71.10051944123217
2.2 -75.80405837465355
2.3 -80.54167624977342
2.4 -85.31113167830918
2.5 -90.11041842515385
2.6 -94.93773940406801
2.7 -99.7914707277073
2.8 -104.67013714322775
2.9 -109.5723989418878
3.0 -114.49703199437803
3.1 -119.44291507013872
3.2 -124.40901509687416
3.3 -129.39438810567634
3.4 -134.39815481617282
3.5 -139.4195020740102
3.6 -144.45767629731873
3.7 -149.5119752359707
3.8 -154.5817453532768
3.9 -159.66637557747845
4.0 -164.76529370586377
4.1 -169.87796414742826
4.2 -175.0038838278074
4.3 -180.14257900453703
4.4 -185.29360424787504
4.5 -190.45653904957413
4.6 -195.63098685560357
4.7 -200.8165719456882
4.8 -206.01293880527493
4.9 -211.21975097290147
5.0 -216.43668860401613
