0.0  -0.0  0.0
0.1  0.006360178344047651  0.0002525968308797599
0.2  0.027644560114744594  0.0005294401131981521
0.3  0.06673551768980163  0.0008349313205604386
0.4  0.14949016918728997  0.001276470109795462
0.41  0.16609766073734536  0.0013474617893631594
0.42  0.1806896879171196  0.0014163969219171803
0.43  0.19755865697814248  0.0014887110842647406
0.44  0.21866185768253085  0.001577315888185612
0.45  0.2489100776821086  0.0016949842855397712
0.46  0.2798754529490164  0.0018206235380894729
0.47  0.3193315457280046  0.0019591536856974736
0.48  0.37636835916248734  0.0021697104265464284
0.49  0.4367741762176822  0.0023929865979513084
0.5  0.5115028163728624  0.0026406254706802692
0.51  0.5791384385643545  0.0028765565120170635
0.52  0.6303110757811476  0.0030392165313066523
0.53  0.6706546954761086  0.0031803380739908573
0.54  0.6913319871819606  0.0032379776743634587
0.55  0.6986298155700665  0.0032676701736664986
0.56  0.7101984107018506  0.0032926868485829907
0.57  0.7138506511702721  0.0033029354184666935
0.58  0.7131939357016893  0.0032992399130602726
0.59  0.7152141172993395  0.003304044493887374
0.6  0.7091812366676692  0.0032808504529797974
0.7  0.7099013202892077  0.0032648663257644466
0.8  0.7106353674398965  0.0032643335485466737
0.9  0.7074470588025966  0.0032509092129574656
1.0  0.7051957089028966  0.0032374849995752478
1.1  0.7052377473321473  0.0032418981224761534
1.2  0.7065430906444627  0.0032459322605506817
1.3  0.7027835164590117  0.0032295095915535854
1.4  0.7024781889133719  0.0032328428445649823
1.5  0.7013000271348462  0.003222611097634242
1.6  0.7042759394063509  0.003232247558885641
1.7  0.7051564197391068  0.00323287219632695
1.8  0.7014326403463539  0.0032216596489896797
1.9  0.705527990572996  0.0032297948358196993
2.0  0.6990640742867231  0.0032114119439375015
2.1  0.6995290477092696  0.003220172987908117
2.2  0.7062344189438754  0.003235903933020231
2.3  0.7030859854832104  0.0032302219505366903
2.4  0.7058789988044994  0.0032364822501460833
2.5  0.6992201511368841  0.003215414675979386
2.6  0.7024216898593951  0.003224011715954861
2.7  0.7010024907743784  0.003220981417756403
2.8  0.7004994596586482  0.003221930343848693
2.9  0.7037815232885819  0.003231072633273839
3.0  0.7025814378076906  0.0032283057755409647
3.1  0.7012272050919497  0.003219458336970118
3.2  0.6994896410812654  0.003210754871102821
3.3  0.7028129629706577  0.0032265920318985345
3.4  0.7085416589788603  0.003243535032161975
3.5  0.7066871047625486  0.0032373354131318833
3.6  0.6999557160402398  0.0032215004904135682
3.7  0.6987784700913658  0.0032124683202934684
3.8  0.7029340247262283  0.003225506239018701
3.9  0.7041142632276346  0.003227266442122744
4.0  0.7061264298227564  0.003239569293376741
4.1  0.7061261211822086  0.003237604684066713
4.2  0.701584666210277  0.003219778809647322
4.3  0.7052045060122992  0.0032317918958049223
4.4  0.6991434097755238  0.0032133725352503826
4.5  0.7056736772855506  0.003235165692109831
4.6  0.7023487610452429  0.00321992242541578
4.7  0.7018420575952095  0.003222214077514117
4.8  0.7038922114648228  0.003228148717604343
4.9  0.7031910945812809  0.003223748840208717
5.0  0.7075893804291284  0.0032388491347496527
0.0  -0.0  0.0
0.1  0.006380279936144897  0.00025299748149984204
0.2  0.026386766587221836  0.0005170830933487167
0.3  0.06682836755442896  0.0008389884874406495
0.4  0.14771433308780113  0.0012664222094380224
0.41  0.1635328352356394  0.00133871205963591
0.42  0.18041968488072901  0.0014248823145865228
0.43  0.196816144766981  0.001486119452173175
0.44  0.22170784603426946  0.0015893281895260198
0.45  0.24647456565743853  0.0016834500734241816
0.46  0.2810229265984659  0.0018211055098173174
0.47  0.32171539988797615  0.0019748964610251224
0.48  0.3772320183414381  0.0021746095223046406
0.49  0.44306946938853764  0.002403818415997392
0.5  0.5136763619417106  0.002647391801604737
0.51  0.5767261996334161  0.0028594096751652456
0.52  0.629073062594066  0.0030420614492509567
0.53  0.6684925170368404  0.0031751841307235107
0.54  0.689877102016044  0.0032435006023008774
0.55  0.7032621963222195  0.0032721347803188715
0.56  0.713091463243384  0.0033167995609022977
0.57  0.7124743425946704  0.0033087767192936973
0.58  0.7132114179335808  0.003289028936121827
0.59  0.71380576391888  0.0032957544674457506
0.6  0.7144580372991982  0.0032968904234533967
0.7  0.7137108595588805  0.0032749817405830725
0.8  0.7058926708698886  0.0032439042887337623
0.9  0.705293536880338  0.0032446202888791794
1.0  0.7086004417360382  0.0032499477162547335
1.1  0.7110392832774495  0.003256856305753232
1.2  0.7084914752036181  0.003247636719738727
1.3  0.7101609452152967  0.003250007784805478
1.4  0.7086677124879686  0.00324722143065694
1.5  0.7067882114833027  0.0032403224588908584
1.6  0.701765773144671  0.0032234638344979818
1.7  0.7061458491740136  0.003238461841858733
1.8  0.7074655332340101  0.0032371272991424515
1.9  0.7059910723874674  0.003237422398483392
2.0  0.6963705189036888  0.0032094374657626796
2.1  0.7025864277179389  0.003228697640128651
2.2  0.7047576170511008  0.003230162799695113
2.3  0.7037623770252611  0.0032290474464656176
2.4  0.701690074002383  0.00322287735392301
2.5  0.6980736034972439  0.003212261039318403
2.6  0.7022071183624975  0.003221392425031557
2.7  0.7000798028714472  0.0032191478486125187
2.8  0.7025685203687256  0.003228256005410346
2.9  0.6998141660369868  0.003219365443293793
3.0  0.7027064447536288  0.0032309444255855953
3.1  0.7034560384504784  0.0032296595128615394
3.2  0.7042718774748606  0.0032299832907527128
3.3  0.6950547712272354  0.0032019583763420153
3.4  0.706100404090834  0.0032380388128073322
3.5  0.7030493952950654  0.0032272087826667475
3.6  0.7063665461981724  0.003236131513414067
3.7  0.6984333265128899  0.0032086494077628158
3.8  0.7055821191383217  0.0032322318348125467
3.9  0.6998491292357929  0.003215909168980929
4.0  0.7026223550582  0.003225881644309148
4.1  0.7083246062778834  0.003236578305741885
4.2  0.701835551676298  0.0032245379340795776
4.3  0.70626755383419  0.003232107447415679
4.4  0.703341390520644  0.0032271791121585274
4.5  0.7016180697337202  0.0032171244103898233
4.6  0.705947048075652  0.003233236173538505
4.7  0.7042502996194822  0.0032292097322860385
4.8  0.6972914069797876  0.0032099905295584364
4.9  0.7023449698990963  0.0032251584961871063
5.0  0.6994961295848137  0.0032139574182398468
