#mmax= 10
#m-states: all states (FBR)
#Nr. of sites: 32
 
0.0  -4.440892098500627e-16 
0.1  0.02297530736606634 
0.2  0.07702090947841972 
0.3  0.16004825441421905 
0.4  0.29193681040084396 
0.41  0.3109070596189927 
0.42  0.33199240855929874 
0.43  0.35563645038288244 
0.44  0.3829762200119709 
0.45  0.4147970101782968 
0.46  0.4525128470853325 
0.47  0.4972266217579535 
0.48  0.5487833828042274 
0.49  0.6044572790756322 
0.5  0.6584955238652256 
0.51  0.703450196588325 
0.52  0.7353115760622124 
0.53  0.7541193914351599 
0.54  0.7634373315084781 
0.55  0.7666900572060573 
0.56  0.7667201383097613 
0.57  0.7651951704159125 
0.58  0.7630303901313966 
0.59  0.7607031374938911 
0.6  0.7584299549902562 
0.7  0.7442756127926614 
0.8  0.7384837147245226 
0.9  0.7354630856099013 
1.0  0.7336346649450946 
1.1  0.7323881871566345 
1.2  0.7314834780906108 
1.3  0.7307680774115531 
1.4  0.7302103594459602 
1.5  0.7297600847267214 
1.6  0.7293727083234316 
1.7  0.7290367217524889 
1.8  0.7287449138504987 
1.9  0.7284886456988617 
2.0  0.7282585840950417 
2.1  0.7280536409809079 
2.2  0.7278681528497754 
2.3  0.727699962652598 
2.4  0.7275463267081747 
2.5  0.7274041029075609 
2.6  0.727273594317344 
2.7  0.7271525855973224 
2.8  0.7270402807490327 
2.9  0.7269356600082548 
3.0  0.7268377969198868 
3.1  0.7267462078340894 
3.2  0.726659622089733 
3.3  0.7265785452583542 
3.4  0.7265020614826416 
3.5  0.726429691161411 
3.6  0.7263612112772553 
3.7  0.7262965026686004 
3.8  0.7262348101631629 
3.9  0.726176048250288 
4.0  0.726119948610568 
4.1  0.7260665471475231 
4.2  0.7260154135665378 
4.3  0.7259665500191005 
4.4  0.725919736991891 
4.5  0.7258748134788914 
4.6  0.7258317062610679 
4.7  0.7257902416885315 
4.8  0.7257504003100982 
4.9  0.7257120487548893 
5.0  0.7256751023197218 
