#mmax= 10
#m-states: all states (FBR)
#Nr. of sites: 32
 
0.0  -8.881784197001248e-16 
0.1  0.0063455541911066615 
0.2  0.02669945363954576 
0.3  0.06678804136466518 
0.4  0.149696541381125 
0.41  0.16348890236843258 
0.42  0.17934069342373582 
0.43  0.19777706564351155 
0.44  0.21988320970764272 
0.45  0.24676802150974858 
0.46  0.28032338657920974 
0.47  0.32277836573700497 
0.48  0.3760172530056488 
0.49  0.43982169440147 
0.5  0.5097528742307255 
0.51  0.5761878105258043 
0.52  0.6302189157194877 
0.53  0.667531528559971 
0.54  0.6904761516492354 
0.55  0.7030447931085437 
0.56  0.7094224856877054 
0.57  0.7123396101546507 
0.58  0.7134166448787744 
0.59  0.7135727825103032 
0.6  0.7132985276538188 
0.7  0.7090592433365388 
0.8  0.7072105371773706 
0.9  0.7062672120891309 
1.0  0.7057309303885334 
1.1  0.7053507987131549 
1.2  0.705083192107993 
1.3  0.7048414405509891 
1.4  0.7046787940088387 
1.5  0.7045631222921594 
1.6  0.7044493393923325 
1.7  0.7043462980163597 
1.8  0.7042571563579999 
1.9  0.7041799280061054 
2.0  0.7041076817923054 
2.1  0.704045943577344 
2.2  0.7039896250230651 
2.3  0.7039391070616107 
2.4  0.7038930434286581 
2.5  0.7038497755275132 
2.6  0.7038101038527527 
2.7  0.7037729175538072 
2.8  0.7037384414769182 
2.9  0.7037062728592935 
3.0  0.7036761044415023 
3.1  0.7036480385835887 
3.2  0.7036214687016719 
3.3  0.7035965163590846 
3.4  0.7035729833648203 
3.5  0.7035506040010391 
3.6  0.7035294879279159 
3.7  0.7035096045197501 
3.8  0.703490637200074 
3.9  0.7034725727236836 
4.0  0.7034552616967186 
4.1  0.7034388244631529 
4.2  0.7034230608429702 
4.3  0.7034080151047738 
4.4  0.7033935981617974 
4.5  0.7033797689607247 
4.6  0.7033664882621959 
4.7  0.7033537146752353 
4.8  0.7033414275137688 
4.9  0.7033296085638803 
5.0  0.7033182137977663 
