#mmax= 10
#m-states: all states (FBR)
#Nr. of sites: 32

0.0  0.0 0.0 0.0 NaN NaN 0.0 
0.1  0.00082 0.0018479251673902393 0.3414827424274244 -0.023854150130156723 11.331884220941026 0.0 
0.2  0.0011 0.003715228920168889 1.3802925929259289 0.05170438238686138 2.6661524577276303 0.0 
0.3  0.00308 0.005639665166854497 3.1805823194231952 -0.011132900488281684 1.0861090502988962 0.0 
0.4  0.00366 0.007549359971041237 5.699283597235975 -0.0008068295928569042 0.5625260163493206 0.0 
0.41  0.0028 0.0077661138753721114 6.031252472524723 -0.003215164598083292 0.47112911787633616 0.0 
0.42  0.00906 0.008008908826438588 6.414262059020592 -0.010392185027842091 0.44438634900280105 0.0 
0.43  -0.00276 0.008221277255876801 6.758939971799718 0.013428683279730652 0.4456589000480271 0.0 
0.44  -0.00194 0.008463963536711836 7.163867875078752 0.009855657748664311 0.3805881537476128 0.0 
0.45  0.00312 0.008660568844511723 7.500545271052712 0.018173700247111048 0.3432597138890774 0.0 
0.46  0.00438 0.008898011008197228 7.917459990199905 0.004325630531297822 0.37217888730691673 0.0 
0.47  -0.0035 0.00914073919500662 8.355311303113028 -0.010203666465487477 0.29757934351217674 0.0 
0.48  0.01068 0.009396496278795793 8.829414231742318 0.020338272495237085 0.2373207520636651 0.0 
0.49  0.00972 0.009700762664036402 9.410479626396262 0.007022129731517451 0.24299464344249166 0.0 
0.5  -0.00796 0.009953630349353511 9.907475713157131 0.004226102507968627 0.19822396925049057 0.0 
0.51  0.00058 0.010178321699490844 10.35982326183262 0.00816612843784407 0.22682438348831724 0.0 
0.52  -0.00646 0.010439131785676643 10.897547243872442 -0.013327672752102783 0.14102950092300182 0.0 
0.53  0.0072 0.010651488916680206 11.345421614216129 0.002430013986206408 0.19015865736401372 0.0 
0.54  -0.01776 0.010837842055141982 11.745882041220415 0.017931100148237653 0.151622785585809 0.0 
0.55  -0.00168 0.011059963607713635 12.232279500395 0.0022600982880331224 0.14596155241774644 0.0 
0.56  0.02914 0.011204729539959485 12.554596406364068 0.0009527924591650268 0.12054913452145843 0.0 
0.57  -0.01744 0.011294982701639799 12.75766342303423 -0.003768527998828888 0.09252558998603888 0.0 
0.58  -0.0034 0.011499930733881348 13.22484068840688 0.006993412011702528 0.08919993717724628 0.0 
0.59  0.00808 0.011634393010682049 13.53591007270073 0.005462956158588652 0.08671104030239452 0.0 
0.6  0.0095 0.011766532284952102 13.845128201282012 0.013474299481840186 0.11610552912233363 0.0 
0.7  0.0179 0.012779594245526374 16.33180290802908 0.004822192007076993 0.060379994216334776 0.0 
0.8  0.00094 0.01358678170761464 18.460063717037176 0.006980249643677201 0.04059150085860619 0.0 
0.9  0.00848 0.014111940772435366 19.914687236472364 -0.0040390052100443535 0.041367070125437166 0.0 
1.0  -0.00718 0.014745753926082872 21.743725884858847 -0.001330749309836768 0.021026518038055997 0.0 
1.1  0.002 0.015196363686576238 23.092946929469296 0.0060599527476011715 0.0003234909007079345 0.0 
1.2  0.02722 0.01564427812813303 24.47434381503815 0.006442740913123903 0.02325775998870494 0.0 
1.3  -0.03346 0.01611155486307889 25.958220010600105 -0.012743916901139 0.034589579750039956 0.0 
1.4  0.01063 0.016464655504437643 27.10848808798088 0.011102614466816102 0.028763309083527755 0.0 
1.5  0.02562 0.01681170611480658 28.26334624906249 -0.012235707427398834 -0.016265879321888832 0.0 
1.6  0.00076 0.017136362822177516 29.365493077330772 -0.005252043726345448 0.02799611433007465 0.0 
1.7  -0.00538 0.017459781184069576 30.484395899558997 0.003591072708568255 -0.014620041709751064 0.0 
1.8  -0.0201 0.017779030368363972 31.609392083920834 -0.014892178528462943 0.04812803618011108 0.0 
1.9  -0.01116 0.017987206285021012 32.35395899398994 0.0021014218436078255 0.013535037269147843 0.0 
2.0  -0.00722 0.018275317195282435 33.39872185881858 0.004471232970107262 0.009360956359587558 0.0 
2.1  0.0297 0.01856094351551779 34.45086241862419 -0.0007392831239275579 0.023524213446030284 0.0 
2.2  -0.01116 0.01875745912875008 35.18422729667297 -0.007316084563982564 0.023755386397390943 0.0 
2.3  -0.0455 0.01913965936911124 36.632656076560764 -0.017844841071215877 -0.02031526006443718 0.0 
2.4  0.0404 0.01931706525044886 37.31490098900989 -0.0013422359490885666 0.010442808473970722 0.0 
2.5  -0.00392 0.01946867321181303 37.902923662836635 -0.000857889164120449 0.004289047075644703 0.0 
2.6  -0.02166 0.01972976434425943 38.92636010800108 -0.004407199182925822 0.01564861708448051 0.0 
2.7  0.02238 0.01991721261395738 39.66953583095831 0.0044758186036899855 -0.014556513962500794 0.0 
2.8  0.02122 0.02016234019938219 40.65199623156231 -0.00011593769232579238 0.019258387895855655 0.0 
2.9  0.01044 0.020452068182336212 41.828709293492935 0.006963742489792019 0.014003810849565035 0.0 
3.0  -0.01464 0.020566606102049644 42.29852865568657 0.003888035733550922 0.010843690942071493 0.0 
3.1  -0.03004 0.020677641345968747 42.756485163251625 0.0016124651444379718 -0.004620275411222785 0.0 
3.2  0.00544 0.020983996457897947 44.03281073450735 0.0024267887033257154 0.010105281443214764 0.0 
3.3  0.04508 0.021076738842268797 44.42289202252022 0.00892383497027483 -0.003132621935813873 4.08440006653e-312 
3.4  -0.00114 0.021299204763681565 45.36561235652355 -0.009738641178645317 0.013874032322576113 4.95401627e-315 
3.5  -0.01598 0.021429438597508475 45.9220838604386 0.01226300559261147 0.012747379892334543 9.620224777909581e-304 
3.6  -0.02392 0.021539947029395875 46.39693180291802 0.012904069159362798 -0.011456045362200573 1.879650661094686e-307 
3.7  0.0308 0.021825418142358027 47.634887708877095 -0.0069891623566488955 0.0029514721447005954 6.072572681722483e-292 
3.8  0.00618 0.021942981406826427 48.14944330203302 0.002525322974544068 0.046741822680673284 1.2245849983458888e-295 
3.9  -0.01124 0.02209118414273369 48.802041682816835 0.0027633291181168116 0.0077168069940078965 8.031676306539823e-297 
4.0  0.01028 0.022205221771798168 49.30718739347393 0.009906671238745519 -0.008585589925988124 2.751150541830329e-283 
4.1  0.01882 0.022434747407869618 50.331789125491255 -0.00521224218065584 -0.009066311402468052 5.98417032883145e-286 
4.2  -0.0304 0.022581493698127595 50.99238576385763 -0.005067019959504706 0.007264555784269877 7.373238869457478e-275 
4.3  -0.0205 0.022789642190651258 51.936779117791176 -0.008101757735504287 -0.006628208350856202 4.017216057163857e-271 
4.4  0.02594 0.022886968110632153 52.38133092970931 -0.0012194330785132432 0.017666582529169528 1.0423149417616607e-264 
4.5  0.00176 0.02300517466581408 52.9238061404614 0.012586339335612701 0.011807827261027803 3.4731716362047094e-262 
4.6  0.05534 0.023184252197116464 53.750954993949954 -0.021791219517365432 0.016603334740062703 9.160852504083211e-275 
4.7  0.00902 0.02327199609517891 54.15858022540224 0.004217583558057642 0.015510078527653626 4.623094405084292e-266 
4.8  0.00303 0.02336215456873918 54.57902660936609 -0.005044826129212284 -0.016486086400607558 3.885243747573584e-255 
4.9  0.03302 0.02348922762106371 55.17438142341423 0.016762141646815318 -0.0021939515007973753 6.4370884656802014e-254 
5.0  0.01706 0.02361922666478906 55.78678682426826 0.0004227243058462337 0.029928331201724667 1.2166635735052817e-263 
