#mmax= 10
#m-states: all states (FBR)
#Nr. of sites: 32
 
0.0  1.1547987196778516e-59 
0.1  0.0024810235023815753 
0.2  0.009691398728060437 
0.3  0.020902150791514643 
0.4  0.034673637778934806 
0.41  0.03610035631838726 
0.42  0.037520601331454725 
0.43  0.03892975319266549 
0.44  0.040321418938878625 
0.45  0.04168840171539936 
0.46  0.043021883621185954 
0.47  0.04431137751611986 
0.48  0.0455454144659974 
0.49  0.046713097100812444 
0.5  0.04780917174400861 
0.51  0.04883816141600938 
0.52  0.049812799122600455 
0.53  0.050749097591067965 
0.54  0.05165803624529554 
0.55  0.052546901089812845 
0.56  0.05341812198415297 
0.57  0.0542725342666971 
0.58  0.055110868094115084 
0.59  0.05593303935349061 
0.6  0.056739269941837686 
0.7  0.0640554408054328 
0.8  0.07035999804300518 
0.9  0.07598813055962386 
1.0  0.08113413711603988 
1.1  0.08591713874159874 
1.2  0.09041585548509212 
1.3  0.09468116321306323 
1.4  0.09875364644094978 
1.5  0.10265981720509293 
1.6  0.10642276861546555 
1.7  0.11005782477057133 
1.8  0.11357867208655967 
1.9  0.11699778904612372 
2.0  0.12032225669282696 
2.1  0.12355992975539719 
2.2  0.12671847642950243 
2.3  0.12980347709166254 
2.4  0.13282036318778742 
2.5  0.13577212329809443 
2.6  0.1386645143038965 
2.7  0.1415009862365879 
2.8  0.1442838298734022 
2.9  0.14701701656416077 
3.0  0.14970259411650388 
3.1  0.1523425107763573 
3.2  0.154939765804868 
3.3  0.15749548183265452 
3.4  0.16001366393291863 
3.5  0.1624939558499058 
3.6  0.16493875066482014 
3.7  0.1673518988632338 
3.8  0.1697300033880424 
3.9  0.17207784484975425 
4.0  0.17439342604730232 
4.1  0.1766809451480093 
4.2  0.17894030923962378 
4.3  0.18117248931085844 
4.4  0.1833785878503748 
4.5  0.18555997163262147 
4.6  0.18771587574705517 
4.7  0.18985028638096726 
4.8  0.1919616151175181 
4.9  0.19405097511905964 
5.0  0.19611782259882488 
