#mmax= 10
#m-states: all states (FBR)
#Nr. of sites: 32
 
0.0  7.753143031451634e-8 
0.1  2.359472333455704e-9 
0.2  1.7076943533768065e-8 
0.3  1.0433724831453865e-6 
0.4  -1.6882515611170894e-7 
0.41  -5.741653823282777e-6 
0.42  3.9640908759173476e-5 
0.43  5.68683856662531e-5 
0.44  5.730345890924833e-6 
0.45  4.250597538615337e-5 
0.46  3.6549486397449795e-5 
0.47  2.742169056298161e-5 
0.48  5.352131478272613e-5 
0.49  -0.00027962799973778416 
0.5  -0.00011139559405765468 
0.51  3.601153714963209e-5 
0.52  0.0008093561967345141 
0.53  0.0005674464077724542 
0.54  0.0006480188822568678 
0.55  0.0008721747069588777 
0.56  0.0015170872908355302 
0.57  0.005841929500462067 
0.58  0.004958570564815306 
0.59  0.005850434437274424 
0.6  0.005611970595285127 
0.7  0.011622418431794472 
0.8  -0.022401450124456077 
0.9  0.10768733150844072 
1.0  0.025432745559508453 
1.1  0.07154422263596637 
1.2  0.04715387816895076 
1.3  0.1528752268517251 
1.4  0.13948114652205232 
1.5  0.05419342818988244 
1.6  0.004178506117910324 
1.7  -0.031300589631617665 
1.8  -0.037246737913158016 
1.9  -0.027748479969855917 
2.0  -0.05185361289449783 
2.1  -0.04535388350897584 
2.2  -0.04278360942906293 
2.3  -0.033238373471210385 
2.4  -0.018293095937723484 
2.5  -0.014753886133013754 
2.6  -0.00028172536534358224 
2.7  0.01251555484363765 
2.8  0.0161877122188988 
2.9  0.02004810176055397 
3.0  0.02435982399281994 
3.1  0.02462044316402824 
3.2  0.026039789782376116 
3.3  0.027800888396878342 
3.4  0.029132461509329816 
3.5  0.03198679014868567 
3.6  0.03354765738896311 
3.7  0.034075926434960366 
3.8  0.034480928317609086 
3.9  0.034732721829306284 
4.0  0.03573569964699868 
4.1  0.0361295759835757 
4.2  0.03675179147683901 
4.3  0.03702271764936012 
4.4  0.037305979109422564 
4.5  0.037375160495227974 
4.6  0.03758695414252424 
4.7  0.03766939696937267 
4.8  0.03794545748854964 
4.9  0.03804064144489157 
5.0  0.03820458382305925 
