#mmax= 10
#m-states: all states (FBR)
#Nr. of sites: 32

0.0  -0.0  0.0
0.1  -0.0  6.575946741390903e-19
0.2  -0.0  2.554056647988203e-19
0.3  -0.0  2.187488408838554e-19
0.4  1.999713908457176e-5  1.4140183496397571e-5
0.41  7.000224952442333e-5  2.6458495647144302e-5
0.42  0.00010998317764545486  3.316134821065921e-5
0.43  0.00010000456957980476  3.162437976092147e-5
0.44  0.0002500129349675138  5.000283838886255e-5
0.45  0.00020001886543766242  4.47258016716994e-5
0.46  0.0003295361114196582  5.736639083565731e-5
0.47  0.0004200456951667431  6.481478509293379e-5
0.48  0.0005600352139756952  7.483826097054119e-5
0.49  0.0006383624524480723  7.980233642919382e-5
0.5  0.0010800827569670006  0.00010393174856824755
0.51  0.0012099143117052969  0.00010999354389681635
0.52  0.0014846334997496856  0.00012167235181655561
0.53  0.002105521025797739  0.00014497736033371194
0.54  0.002339917347860838  0.0001530696632102295
0.55  0.0027575321080730367  0.0001658540000895098
0.56  0.0027918077879947123  0.00016700099863182794
0.57  0.0031891072923787437  0.00017857279472821807
0.58  0.0034869959618376734  0.00018670426146430517
0.59  0.004322776000150014  0.00020785166553881435
0.6  0.004311852170915273  0.0002076663140213646
0.7  0.008478739446391036  0.0002912944697471878
0.8  0.013699495890858218  0.0003702230303023885
0.9  0.01738216875472798  0.00041752094377583217
1.0  0.02285300663376148  0.00047905583694577146
1.1  0.026850604962565264  0.0005202950758613563
1.2  0.03133941614976167  0.0005611772422579795
1.3  0.03599285982710393  0.000605762333255326
1.4  0.0412690420838997  0.0006438531757989631
1.5  0.044277446911001356  0.0006675838639821102
1.6  0.04977913978269739  0.0007235676448479725
1.7  0.05254433406867208  0.000739508306088385
1.8  0.05805785952235173  0.0007789057004775151
1.9  0.06123570296279512  0.0007937165646283219
2.0  0.06560364571910078  0.000820545771867707
2.1  0.0679027075583553  0.0008579708196054569
2.2  0.0723926717090003  0.000883982654472028
2.3  0.0752187627221234  0.0009078830408440498
2.4  0.07894038895599922  0.0009333897921785832
2.5  0.08211453428385414  0.000934639463643895
2.6  0.08457554777829938  0.000954912783509403
2.7  0.08811341402834756  0.0009921851032467853
2.8  0.09192486931267028  0.0010206440447482236
2.9  0.09525581987136092  0.0010312728355908682
3.0  0.09767305174738034  0.0010427800935087854
3.1  0.09982406678796726  0.0010511593600883557
3.2  0.10529373883590011  0.0010681619657132238
3.3  0.10470218740372042  0.0010848418049866524
3.4  0.10727127753329785  0.001111990397663252
3.5  0.11184784804389715  0.0011052941294534956
3.6  0.11250157763388871  0.0011260763463539904
3.7  0.1150520081202261  0.0011438884598613916
3.8  0.11804003012362912  0.0011665109386600682
3.9  0.11753793789590566  0.0011838193873009615
4.0  0.12235364874220386  0.001190189908823337
4.1  0.1239591566460777  0.0012002852387942408
4.2  0.12597242058006286  0.0012135627714206399
4.3  0.12724808340832794  0.0012267497784750729
4.4  0.12831884564959734  0.0012357825692351197
4.5  0.13153559122257427  0.001231170651359965
4.6  0.13496133828007126  0.0012665293296316056
4.7  0.13340615691387656  0.0012629766867332166
4.8  0.13408663693967646  0.0012725790085732543
4.9  0.14135256338704813  0.0012793413927171084
5.0  0.13994181523383487  0.001310376710608301
