#mmax= 10
#m-states: all states (FBR)
#Nr. of sites: 32

0.0  1.0  0.0
0.1  1.0  6.575946741390903e-19
0.2  1.0  2.554056647988203e-19
0.3  1.0  2.187488408838554e-19
0.4  0.9999800030608569  1.413990073600872e-5
0.41  0.9999300002005759  2.6456643557755937e-5
0.42  0.9998900228702825  3.315770122076544e-5
0.43  0.9999000004307105  3.162121733656633e-5
0.44  0.9997500183156619  4.999033859510042e-5
0.45  0.999800001137002  4.471685656221838e-5
0.46  0.9996705181796409  5.734748965277735e-5
0.47  0.9995800425116755  6.478756563857987e-5
0.48  0.999440121576474  7.479636064296957e-5
0.49  0.999361841257513  7.975140987053065e-5
0.5  0.9989205003224704  0.00010381955427918305
0.51  0.9987908173395074  0.00010986054161077018
0.52  0.9985164680233778  0.00012149184699196492
0.53  0.99789669402871  0.00014467242858602018
0.54  0.9976628181247273  0.00015271191156772046
0.55  0.9972462663912937  0.00016539728235532493
0.56  0.9972120856832506  0.0001665354141568308
0.57  0.9968159725088372  0.00017800421404062967
0.58  0.996519076548258  0.0001860543582220339
0.59  0.9956865537477123  0.0002069551085510642
0.6  0.9956974305170047  0.00020677281527601015
0.7  0.9915571036918303  0.00028883510074396903
0.8  0.9863939151550327  0.0003651857443405333
0.9  0.9827680296236101  0.0004103262352411647
1.0  0.9774061454338624  0.00046823211903675936
1.1  0.9735066677261578  0.0005065107255361175
1.2  0.9691465732468106  0.0005438630013184161
1.3  0.9646471812061908  0.0005843469272556354
1.4  0.9595709302533395  0.0006178227908479779
1.5  0.9566884903817904  0.0006386697990362875
1.6  0.9514395364399441  0.000688430864597097
1.7  0.9488122554156492  0.0007016545437983269
1.8  0.9435953498810821  0.0007349717969664501
1.9  0.9406015110830095  0.0007465710000610148
2.0  0.9365019773084208  0.0007684427378261719
2.1  0.9343513744817338  0.0008016462145635783
2.2  0.9301655743844586  0.0008222502335428723
2.3  0.9275405528360023  0.0008420983376149208
2.4  0.9240950090714911  0.0008625408484705051
2.5  0.9211664475147636  0.0008609585144319508
2.6  0.918902231732382  0.0008774714878765713
2.7  0.9156570224826686  0.0009085012573906105
2.8  0.9121736792062007  0.0009310046334578854
2.9  0.9091403285549926  0.0009375717245789208
3.0  0.9069453794922141  0.000945744587634252
3.1  0.9049966229935912  0.0009512956711080662
3.2  0.900060101146393  0.0009614099669005741
3.3  0.9005926904997404  0.000977000599919524
3.4  0.8982819562210685  0.00099888090971199
3.5  0.894180298432163  0.0009883322345300444
3.6  0.8935959373401701  0.001006257248236788
3.7  0.8913197868347361  0.0010195704182063702
3.8  0.8886604787137811  0.0010366321691745184
3.9  0.8891067802661227  0.001052541843859772
4.0  0.884835392240535  0.001053122154814424
4.1  0.883415921815068  0.0010603510906704334
4.2  0.8816391615447903  0.001069924464277265
4.3  0.880515204286132  0.001080171831801946
4.4  0.8795728864417354  0.001086960841436518
4.5  0.8767480700467838  0.0010794264924780912
4.6  0.8737496917009019  0.0011066296112957653
4.7  0.8751095881088444  0.0011052430081181781
4.8  0.8745142960788893  0.0011128885358872103
4.9  0.8681831681349975  0.0011107026634553793
5.0  0.8694088202760666  0.0011392530700871956
