#mmax= 10
#m-states: all states (FBR)
#Nr. of sites: 32
 
0.0  -4.214153283219819e-30 
0.1  1.5646029182232257 
0.2  3.2239803751028657 
0.3  5.115372674176745 
0.4  7.522091463533535 
0.41  7.814246961136091 
0.42  8.121051380926431 
0.43  8.443700807456437 
0.44  8.785946424154124 
0.45  9.149393099855114 
0.46  9.537839173241956 
0.47  9.954066781728205 
0.48  10.39847258890803 
0.49  10.866107759744166 
0.5  11.344587940895487 
0.51  11.813456109084838 
0.52  12.254870948089346 
0.53  12.657174389729288 
0.54  13.02050829748769 
0.55  13.347780560785994 
0.56  13.645494758797442 
0.57  13.919024975368263 
0.58  14.17234595448081 
0.59  14.408783069885754 
0.6  14.631154949733165 
0.7  16.342237262972603 
0.8  17.518975192710958 
0.9  18.41127671976619 
1.0  19.12652968925582 
1.1  19.721048337323563 
1.2  20.227790464125242 
1.3  20.668045036273405 
1.4  21.055905231636284 
1.5  21.40154671244294 
1.6  21.712440653319543 
1.7  21.994313273243147 
1.8  22.25149568621512 
1.9  22.48744123825791 
2.0  22.705066871409915 
2.1  22.906648552571355 
2.2  23.094070253508058 
2.3  23.26895425895276 
2.4  23.432644842755053 
2.5  23.586300586641293 
2.6  23.730905543229767 
2.7  23.86731919920164 
2.8  23.99632143958196 
2.9  24.118513857463444 
3.0  24.234519393975148 
3.1  24.344834865056 
3.2  24.449894832478304 
3.3  24.55012068502651 
3.4  24.645871649603414 
3.5  24.737467224953228 
3.6  24.825204326776838 
3.7  24.909306279872236 
3.8  24.990086044826494 
3.9  25.067730067997882 
4.0  25.142434578594955 
4.1  25.214387567419237 
4.2  25.283742660201316 
4.3  25.350661100396295 
4.4  25.415281294425387 
4.5  25.477723119166015 
4.6  25.538116552538504 
4.7  25.596564359575474 
4.8  25.653169418191695 
4.9  25.708031226715185 
5.0  25.761241269398372 
