#mmax= 10
#m-states: all states (FBR)
#Nr. of sites: 32
 
0.0  1.9446922743316068e-62 
0.1  -0.7654997572184278 
0.2  -1.4718914923874824 
0.3  -2.0481626153112975 
0.4  -2.38644303650221 
0.41  -2.400221455386126 
0.42  -2.40896090303624 
0.43  -2.412379029806282 
0.44  -2.4096035151132753 
0.45  -2.4001834770861232 
0.46  -2.383204175692603 
0.47  -2.357883521357037 
0.48  -2.3238403663384144 
0.49  -2.2816797625314384 
0.5  -2.233533306339501 
0.51  -2.1833070028699706 
0.52  -2.134757192972166 
0.53  -2.0906615057142126 
0.54  -2.05153885819384 
0.55  -2.017265989049941 
0.56  -1.9868998231971966 
0.57  -1.9596216706456537 
0.58  -1.9348378693301496 
0.59  -1.9120282120939105 
0.6  -1.8907650900742348 
0.7  -1.7296263694036094 
0.8  -1.6173818116179446 
0.9  -1.529873840829877 
1.0  -1.4577725526125636 
1.1  -1.3963491062445117 
1.2  -1.3429095363121728 
1.3  -1.2955915271826692 
1.4  -1.2532842143148786 
1.5  -1.2150750864314412 
1.6  -1.1803233360666008 
1.7  -1.1484842709821865 
1.8  -1.1191722293578303 
1.9  -1.0920889737718404 
2.0  -1.0669129913836564 
2.1  -1.0434306889494667 
2.2  -1.0214732983025545 
2.3  -1.0008725159665388 
2.4  -0.9814975855252899 
2.5  -0.9632176476682623 
2.6  -0.9459475420527337 
2.7  -0.9295955129254762 
2.8  -0.9140670589239087 
2.9  -0.8993168009469583 
3.0  -0.8852651792601909 
3.1  -0.8718575853798324 
3.2  -0.8590578579877919 
3.3  -0.846808191620817 
3.4  -0.8350845167901807 
3.5  -0.8238391032383027 
3.6  -0.8130431068732353 
3.7  -0.8026937363884603 
3.8  -0.7927128488962427 
3.9  -0.7831070861977515 
4.0  -0.7738361172287005 
4.1  -0.7648943537153963 
4.2  -0.756260847658898 
4.3  -0.7479150936170874 
4.4  -0.7398426300001638 
4.5  -0.732033780650617 
4.6  -0.7244637196123874 
4.7  -0.7171373889897424 
4.8  -0.7100311342034856 
4.9  -0.703134725420814 
5.0  -0.6964313464055024 
