#mmax= 10
#m-states: all states (FBR)
#Nr. of sites: 15
 
0.0  7.499999999999989 0.033333333333333215 
0.1  9.16800461805265 0.04836760535978035 
0.2  11.70897242034755 0.07295712225163764 
0.3  16.16466399996781 0.12053214204838336 
0.4  26.067466400021175 0.23326094883809534 
0.41  27.709894024445127 0.25098206499048115 
0.42  29.535613363864496 0.2701102233530627 
0.43  31.565988868779183 0.2906006448209625 
0.44  33.826038075719794 0.31236270765771823 
0.45  36.33823641629653 0.33526974855225056 
0.46  39.107929853506235 0.3589575710308244 
0.47  42.1633006466973 0.38330184900296116 
0.48  45.48861661908723 0.4077483766888125 
0.49  49.065262849636476 0.4318707627655278 
0.5  52.87824828439297 0.4553377768895783 
0.51  56.86486535491106 0.4776087620083044 
0.52  60.95909634802065 0.4983295956191903 
0.53  65.09881651179208 0.5172959783808746 
0.54  69.19903862386991 0.5343063399790551 
0.55  73.18523861143943 0.5493036862288105 
0.56  77.0136911246711 0.5624118292914527 
0.57  80.63180016347503 0.573710587123223 
0.58  84.01997890072644 0.5833910060574776 
0.59  87.16238104441848 0.5916254499053166 
0.6  90.08113292269616 0.5986758717312619 
0.7  109.74936093245863 0.6325693783392583 
0.8  120.86141055936307 0.6434333173565516 
0.9  128.60232912829946 0.648785655218882 
1.0  134.54575153465439 0.6520390205893596 
1.1  139.35444567263752 0.6542476266382664 
1.2  143.3802678286666 0.655855883074618 
1.3  146.8326165581273 0.657084880662242 
1.4  149.846781733934 0.6580579654147483 
1.5  152.51450262400306 0.6588492097645506 
1.6  154.90085234532143 0.6595060412769147 
1.7  157.0560560436031 0.6600611438679207 
1.8  159.01617404558155 0.6605365283028888 
1.9  160.81042868001794 0.6609485663641297 
2.0  162.4618443112745 0.6613092373183256 
2.1  163.98887583098644 0.6616275871247964 
2.2  165.40696266348044 0.6619107639314727 
2.3  166.7288262330991 0.662164322948384 
2.4  167.96488803390122 0.6623926375282552 
2.5  169.123483835696 0.6625991452973461 
2.6  170.21408006050905 0.6627871635018534 
2.7  171.24262348921422 0.6629589373957687 
2.8  172.2146289760071 0.6631164432446762 
2.9  173.1352299779241 0.6632613887581587 
3.0  174.0089190772198 0.6633952266367313 
3.1  174.83939381161844 0.6635191356227228 
3.2  175.6302907547223 0.6636342398529046 
3.3  176.38467982031906 0.6637413898988282 
3.4  177.10525437605287 0.6638413950388806 
3.5  177.79441583616483 0.6639349181462557 
3.6  178.45447804879825 0.6640225899315002 
3.7  179.0874945709011 0.6641049462986255 
3.8  179.6951666281089 0.6641824290355601 
3.9  180.27928449221034 0.664255480313394 
4.0  180.8411832364733 0.6643244400199384 
4.1  181.38233661160882 0.6643896602759052 
4.2  181.9039543827199 0.6644514233890777 
4.3  182.4072291852924 0.664509988331285 
4.4  182.8932206094359 0.6645656147760031 
4.5  183.3627838142992 0.6646184959502057 
4.6  183.81696153257565 0.664668837689381 
4.7  184.25648153389687 0.6647168209604486 
4.8  184.6822177499474 0.6647626024271771 
4.9  185.09483143941708 0.6648063289718178 
5.0  185.49502070423637 0.6648481358594303 
