#mmax= 10
#m-states: all states (FBR)
#Nr. of sites: 15
 
0.0  7.499999999999991 0.033333333333334214 
0.1  6.826454953958423 0.027433832208524245 
0.2  6.2150226317146275 0.022251868919722195 
0.3  5.666478851132467 0.017873471953710363 
0.4  5.180631288124609 0.014563385431124343 
0.41  5.135058536541509 0.01430542955981784 
0.42  5.089986856813119 0.014067976212524536 
0.43  5.045370835791132 0.013847343508055943 
0.44  5.001215332388674 0.013642237312680217 
0.45  4.957475706935829 0.013458407293117203 
0.46  4.914194102085909 0.013286412988215313 
0.47  4.871383390114133 0.01315234430009149 
0.48  4.829052830441838 0.013034555192394826 
0.49  4.787283666586298 0.012947430759217338 
0.5  4.746122210794935 0.01287642953071455 
0.51  4.705678519674711 0.01283464518551114 
0.52  4.66606823473642 0.012812923443527136 
0.53  4.6273783829858015 0.012808250667457277 
0.54  4.589727682122864 0.01281710845133277 
0.55  4.5532069153876495 0.012835187382049695 
0.56  4.5178436245135 0.01285962101675897 
0.57  4.483682694018132 0.012886682985614573 
0.58  4.450683357968097 0.012914237777307713 
0.59  4.418865580664977 0.012938244919440511 
0.6  4.38812734749397 0.012960056670589526 
0.7  4.127680980082242 0.012969278082074487 
0.8  3.9225046700184794 0.012787854631967854 
0.9  3.751271940516897 0.012568357226239835 
1.0  3.6040968580211383 0.012360876682536603 
1.1  3.4751295902995247 0.012149039168478426 
1.2  3.3605375816905947 0.01194581573354847 
1.3  3.2576144906693996 0.011748833621521348 
1.4  3.164371631336237 0.011561212652916875 
1.5  3.0792895229355532 0.01138438009344811 
1.6  3.0011874813658745 0.011213912232371448 
1.7  2.929112848063604 0.011049970491746497 
1.8  2.862303939670661 0.010893839116544068 
1.9  2.800123541302478 0.010747546680411113 
2.0  2.7420480804895404 0.010608624002314104 
2.1  2.687626875528134 0.010473443713381325 
2.2  2.6364840437648724 0.010343979346365773 
2.3  2.5882945549967826 0.010219741437689778 
2.4  2.542779711139822 0.010100424375566797 
2.5  2.4997090232632613 0.00998620774933856 
2.6  2.4588436116532604 0.009875926621092823 
2.7  2.4199999980807014 0.009769349910290326 
2.8  2.383025215074987 0.009666658486816693 
2.9  2.347765975418735 0.009567419341696248 
3.0  2.31409012771639 0.009471364191154685 
3.1  2.2818846007008524 0.009376254505493398 
3.2  2.2510407823357816 0.009289039632128682 
3.3  2.2214646457589566 0.0091993672337225 
3.4  2.1930692358946193 0.00911494980304317 
3.5  2.1657773906388513 0.009030446292839778 
3.6  2.1395187896150025 0.008950902180402287 
3.7  2.114229795867611 0.008873857288145937 
3.8  2.089849227879141 0.008798742670836912 
3.9  2.0663243638062 0.008725692134111118 
4.0  2.0436060723744633 0.008654608000581043 
4.1  2.0216493308712384 0.00858765187614885 
4.2  2.000411410946502 0.008522925025356343 
4.3  1.9798478994298054 0.008454097836035568 
4.4  1.9599290051468998 0.00838997394125196 
4.5  1.9406233536008195 0.0083295795737377 
4.6  1.9218929105356366 0.008266458988542058 
4.7  1.9037191884676796 0.008211036910650726 
4.8  1.886064499695911 0.008152789956543338 
4.9  1.8689081040820892 0.008095861970572327 
5.0  1.8522249126210315 0.008038136910297533 
