#mmax= 10
#m-states: all states (FBR)
#Nr. of sites: 15
 
0.0  -5.7997948277876065e-33 
0.1  0.02574438891509318 
0.2  0.05621820630754476 
0.3  0.09764852337725181 
0.4  0.16072460529983568 
0.41  0.1689291724723394 
0.42  0.17758620826760954 
0.43  0.18672039791941433 
0.44  0.19636658969954882 
0.45  0.20654913934947375 
0.46  0.21726125316263117 
0.47  0.22853999182670512 
0.48  0.24032988061588031 
0.49  0.25257592138372403 
0.5  0.26523003480918944 
0.51  0.2781471968257915 
0.52  0.2911818432982431 
0.53  0.30419577756162003 
0.54  0.3170082708826247 
0.55  0.3294601838783232 
0.56  0.34145874350139477 
0.57  0.352893282993327 
0.58  0.3637221876768405 
0.59  0.3739131382315183 
0.6  0.38351643784089007 
0.7  0.45390126361045 
0.8  0.4989824059578254 
0.9  0.5324454492642474 
1.0  0.5590742695996838 
1.1  0.5811184129609961 
1.2  0.5998655344347888 
1.3  0.6161240078344333 
1.4  0.630437737826008 
1.5  0.6431870149159076 
1.6  0.654648887382883 
1.7  0.6650410583514347 
1.8  0.6745229820503615 
1.9  0.6832248952797257 
2.0  0.6912514589676698 
2.1  0.698687084635435 
2.2  0.7056028371251368 
2.3  0.7120577863444577 
2.4  0.7181006941792683 
2.5  0.7237713085671118 
2.6  0.729113141297549 
2.7  0.734154505913487 
2.8  0.7389223075499556 
2.9  0.7434406934229008 
3.0  0.7477310788491348 
3.1  0.7518115744714503 
3.2  0.7556989810449056 
3.3  0.7594088582374143 
3.4  0.7629535585787961 
3.5  0.7663450627509055 
3.6  0.7695942200249031 
3.7  0.7727112193809856 
3.8  0.7757041988748091 
3.9  0.7785819439800862 
4.0  0.7813509055854911 
4.1  0.7840181584763422 
4.2  0.7865896807731609 
4.3  0.789071351753287 
4.4  0.7914681215613834 
4.5  0.7937842878221995 
4.6  0.7960250186598167 
4.7  0.7981936849925858 
4.8  0.8002946799422147 
4.9  0.8023312027733137 
5.0  0.8043066899549076 
