#mmax= 10
#m-states: all states (FBR)
#Nr. of sites: 15
 
0.0 1.4210854715202004e-14
0.1 -0.08770409568843715
0.2 -0.353420799467769
0.3 -0.8062451197751778
0.4 -1.4669613343896077
0.41 -1.5459161137772262
0.42 -1.6274440141996394
0.43 -1.7116192095854819
0.44 -1.7985201827605977
0.45 -1.8882301721775718
0.46 -1.9808338299972519
0.47 -2.0764164460430075
0.48 -2.175059578197697
0.49 -2.2768346807925415
0.5 -2.3817979346579565
0.51 -2.4899844335504326
0.52 -2.6014003720853367
0.53 -2.7160203555102385
0.54 -2.833785179556811
0.55 -2.9546046241610364
0.56 -3.078362058073111
0.57 -3.2049218771132195
0.58 -3.3341375963750317
0.59 -3.4658580523852662
0.6 -3.5999346665619867
0.7 -5.043751760933873
0.8 -6.621849474367579
0.9 -8.293282782900391
1.0 -10.03643722684135
1.1 -11.837642698120902
1.2 -13.687413678149355
1.3 -15.578778202293819
1.4 -17.50639362750782
1.5 -19.466036665582124
1.6 -21.4542889096347
1.7 -23.46832346775207
1.8 -25.505769236201772
1.9 -27.564608062629105
2.0 -29.643104410221753
2.1 -31.739750859060777
2.2 -33.85322674694639
2.3 -35.9823670059306
2.4 -38.126136975536994
2.5 -40.28361160644093
2.6 -42.453962515162246
2.7 -44.63644129666375
2.8 -46.830368971243765
2.9 -49.0351294769326
3.0 -51.25015952713157
3.1 -53.47494347977705
3.2 -55.70900709266515
3.3 -57.951915391901906
3.4 -60.20326476243906
3.5 -62.46268186809464
3.6 -64.72982047658594
3.7 -67.00435781968277
3.8 -69.28599418175953
3.9 -71.5744486595076
4.0 -73.86945873408874
4.1 -76.17077838510411
4.2 -78.47817654207404
4.3 -80.79143624925626
4.4 -83.11035237579057
4.5 -85.4347321581128
4.6 -87.76439357993766
4.7 -90.09916422331155
4.8 -92.43888115553281
4.9 -94.7833896739383
5.0 -97.13254317822816
