0.0  -0.0  0.0
0.1  0.0062986223118017695  0.0002513476877628619
0.2  0.027406320309143955  0.0005271608418182253
0.3  0.0668891983575091  0.0008369301190844062
0.4  0.14790949605752457  0.0012698914238242227
0.41  0.16292180439873669  0.0013433638842351948
0.42  0.17423426345215123  0.0013851394270695532
0.43  0.19235451782115215  0.00146804290333586
0.44  0.21123799986500452  0.001538665575101103
0.45  0.2316452885459269  0.0016367071053731527
0.46  0.25611862306989397  0.0017194016267836508
0.47  0.27694911749241824  0.0018057798923158004
0.48  0.305307233088387  0.0019113085744807614
0.49  0.33879592674203596  0.0020291672708054927
0.5  0.3672863280605164  0.0021330591437303944
0.51  0.40148969826608244  0.0022567342854209436
0.52  0.4406031897265873  0.0023826219255178318
0.53  0.47790066381519614  0.0025107431575464665
0.54  0.5122065445791523  0.002631606560524553
0.55  0.5428978194066744  0.0027302812839297753
0.56  0.5731056041874363  0.0028339151161039934
0.57  0.5965238833422442  0.0029010008953934178
0.58  0.6216009233915295  0.002997801725484856
0.59  0.6389364094733895  0.0030470885974660227
0.6  0.6523840815965797  0.0030808587787155904
0.7  0.7066303418252016  0.0032525702912117485
0.8  0.7051255190626474  0.0032437440512655216
0.9  0.7061148806869648  0.0032464683219505953
1.0  0.7050458080684302  0.00323950133513202
1.1  0.7067191377401415  0.0032370540114523383
1.2  0.7003963898241172  0.0032226291812205367
1.3  0.7057663994883536  0.00323821862350857
1.4  0.7105404007703273  0.0032479947694749774
1.5  0.7032634459609377  0.0032308812039973703
1.6  0.7019218349145271  0.003229119755162705
1.7  0.7028073137039004  0.0032283015260438095
1.8  0.6974224014348938  0.003213138880064145
1.9  0.7038948020426091  0.003232217772749835
2.0  0.6982714473950817  0.003216553947902387
2.1  0.7040023020977338  0.0032292416148712783
2.2  0.7026762216844074  0.0032281058003454655
2.3  0.697094733520911  0.0032115309225238496
2.4  0.7109145296641257  0.0032550716682132382
2.5  0.7018047112545771  0.0032242024569808093
2.6  0.7038431437568875  0.0032303347278323778
2.7  0.705818793364554  0.0032327885457662923
2.8  0.7039824022645763  0.003230403342102209
2.9  0.7069741960633941  0.003243264670929268
3.0  0.7038572810244296  0.0032278262231838955
3.1  0.7077136658023753  0.0032335048949693078
3.2  0.701107300627942  0.0032188200156956118
3.3  0.7035740172625492  0.0032269140704353997
3.4  0.7038212740233651  0.003232866285316703
3.5  0.7018428444199144  0.003227201639007472
3.6  0.7008611545715426  0.003220596637218484
3.7  0.7035731305437282  0.0032304052423101247
3.8  0.704662702871841  0.003232328103353917
3.9  0.7012016764214776  0.0032184661101380195
4.0  0.7029127199953924  0.0032287784337026557
4.1  0.7087048102981287  0.003243067021141738
4.2  0.7055771391434451  0.003231245773335308
4.3  0.7049401544185635  0.0032301112695018903
4.4  0.705818829368918  0.0032345131520178194
4.5  0.7054451880106389  0.003231417226390748
4.6  0.7017477979674254  0.003221958411398906
4.7  0.7089533997139377  0.003246026803702833
4.8  0.7071306667603204  0.00323763402775107
4.9  0.6964208754352407  0.00320712987991135
5.0  0.7031999646978042  0.00322687963670975
0.0  -0.0  0.0
0.1  0.006770580402170368  0.00026060633729542795
0.2  0.026200496572183204  0.0005151518544515476
0.3  0.06662505736746384  0.0008297685263377335
0.4  0.147482634899751  0.0012688742952591695
0.41  0.16155857074327137  0.0013304779567514752
0.42  0.17463281432252017  0.0013882943036162773
0.43  0.19069548012363297  0.0014579896719902278
0.44  0.20619680740597535  0.001524874604758052
0.45  0.2297535856591757  0.001619131745929725
0.46  0.25275724351399137  0.0017104100720598332
0.47  0.2780958238346114  0.001807645238948984
0.48  0.30608513452850994  0.001910499330296689
0.49  0.3396453372960893  0.0020345333414400193
0.5  0.3734200042214643  0.002154076129998365
0.51  0.4035809049889898  0.002254763470824967
0.52  0.44138859152395415  0.0023877231054366776
0.53  0.48004040454288255  0.002520569141406675
0.54  0.5100395247155434  0.0026163776596814436
0.55  0.5443281140405479  0.0027310305311448965
0.56  0.5714520388220068  0.002824486043988173
0.57  0.5976972674497952  0.0029063752822763656
0.58  0.6209583616775629  0.0029838670769497173
0.59  0.6392844082838911  0.0030483776748200593
0.6  0.654797067854316  0.003098050714564732
0.7  0.7051405818765396  0.0032476657023000643
0.8  0.7137361973244635  0.0032770626275402132
0.9  0.7025203885572635  0.003233906625761598
1.0  0.7055978034592612  0.003243021820174889
1.1  0.7076958931780393  0.0032438968245023466
1.2  0.7058999246950268  0.003239790474184838
1.3  0.7080770719719869  0.003247659306501478
1.4  0.7064270014332514  0.0032365443107659183
1.5  0.7059338852230389  0.0032438851076998718
1.6  0.7034674456961991  0.003229035134221404
1.7  0.7064101501580725  0.003239589247615789
1.8  0.7042601267117611  0.0032284904576194867
1.9  0.7058489295402346  0.0032373653382700256
2.0  0.7052279460872746  0.0032369308047983368
2.1  0.7042853651975924  0.0032336511371984754
2.2  0.7086510285331358  0.0032453343202383284
2.3  0.7083585176830961  0.0032454216704336314
2.4  0.6991782737736202  0.0032167972308314963
2.5  0.7021814442966712  0.003225870593872839
2.6  0.7081278297794931  0.003240566601660936
2.7  0.7046239598154086  0.003228502840265618
2.8  0.7072009848694238  0.0032417696050848844
2.9  0.7016399281156984  0.0032196456082343953
3.0  0.6992755524644816  0.0032154241326039887
3.1  0.7063412644817092  0.0032406905424418697
3.2  0.7073748673616372  0.0032382168786177345
3.3  0.7032155215609444  0.0032260748059147514
3.4  0.7033541715887034  0.0032289005190158054
3.5  0.7000941830668633  0.0032187874332798615
3.6  0.703649818308033  0.0032325023855171663
3.7  0.7019362492148303  0.0032238940015342616
3.8  0.7038518886316646  0.0032249459738577127
3.9  0.7035349471412854  0.0032252918747433497
4.0  0.7034953760131193  0.003227280804250297
4.1  0.7047583347294922  0.0032314725936365787
4.2  0.7097666819289039  0.0032470732984685212
4.3  0.7052604736542242  0.0032320245618363843
4.4  0.700437596161993  0.0032215054447617486
4.5  0.7049471754019998  0.003229758051834575
4.6  0.702642796161458  0.003221960575537857
4.7  0.7061006828851228  0.003236167115742242
4.8  0.7024455531489232  0.003224172792640319
4.9  0.6955062686483898  0.003199967157700407
5.0  0.7009520612145326  0.0032187079342098192
