#mmax= 10
#m-states: all states (FBR)
#Nr. of sites: 15
 
0.0  0.0 
0.1  0.022974764537700226 
0.2  0.07702320195039683 
0.3  0.16004337791156512 
0.4  0.2901689671534149 
0.41  0.3079824101043223 
0.42  0.32709717905699154 
0.43  0.3476362231383544 
0.44  0.3697392519624684 
0.45  0.3935018348474833 
0.46  0.41882934758380297 
0.47  0.4458161146515242 
0.48  0.474088732631747 
0.49  0.5032325760450501 
0.5  0.5328507233795516 
0.51  0.5621255925238361 
0.52  0.5902815249817809 
0.53  0.6166807087414958 
0.54  0.6406156227072282 
0.55  0.661631901777805 
0.56  0.679636846263191 
0.57  0.6945670924030191 
0.58  0.7066535657998516 
0.59  0.7161688486957555 
0.6  0.7235813773870498 
0.7  0.7415469166375651 
0.8  0.7382415308524567 
0.9  0.7354488904622158 
1.0  0.7336337852062208 
1.1  0.7323923230721454 
1.2  0.7314842012131495 
1.3  0.7307846522122855 
1.4  0.7302236139332025 
1.5  0.7297606073903434 
1.6  0.7293709601044255 
1.7  0.7290355762666797 
1.8  0.7287441143781179 
1.9  0.7284870445765136 
2.0  0.7282584869399482 
2.1  0.7280533921160267 
2.2  0.727867536991787 
2.3  0.7276988107997703 
2.4  0.7275448032003854 
2.5  0.727402805160918 
2.6  0.7272720066028471 
2.7  0.7271510979953307 
2.8  0.7270387826830663 
2.9  0.7269341074125416 
3.0  0.7268363077285489 
3.1  0.7267446967758843 
3.2  0.7266581167666486 
3.3  0.7265772212932563 
3.4  0.7265007693608002 
3.5  0.7264286160272034 
3.6  0.7263602222754706 
3.7  0.7262952863116103 
3.8  0.7262336002919321 
3.9  0.7261748669361461 
4.0  0.7261188848792361 
4.1  0.7260654508220863 
4.2  0.7260143896283503 
4.3  0.7259655253917726 
4.4  0.7259187237106939 
4.5  0.7258738332330451 
4.6  0.725830744143803 
4.7  0.7257893365124675 
4.8  0.725749506081024 
4.9  0.7257111632851975 
5.0  0.7256742186556119 
