#mmax= 10
#m-states: all states (FBR)
#Nr. of sites: 15
 
0.0  -0.0 
0.1  0.0063453743628349175 
0.2  0.026700368649160068 
0.3  0.06678549993001356 
0.4  0.1485553163982136 
0.41  0.16155605520295457 
0.42  0.17601436958988623 
0.43  0.19214589306406263 
0.44  0.21021962099604466 
0.45  0.2305003972634286 
0.46  0.2531555630003262 
0.47  0.27852483811043655 
0.48  0.30657546660065643 
0.49  0.3372043549211056 
0.5  0.37026133660153315 
0.51  0.40506041407855997 
0.52  0.4407549810666518 
0.53  0.4764425782436015 
0.54  0.5109278240583622 
0.55  0.5431448114837426 
0.56  0.5724292733564063 
0.57  0.5981506666090554 
0.58  0.6201602572088991 
0.59  0.6384811755099646 
0.6  0.6535682046584602 
0.7  0.7039364022004707 
0.8  0.7067197723589217 
0.9  0.7062289435068809 
1.0  0.705723755675035 
1.1  0.7053573119015973 
1.2  0.7050847743791291 
1.3  0.7048738949423842 
1.4  0.7047032629030817 
1.5  0.7045635186769634 
1.6  0.7044456375256599 
1.7  0.7043438268800207 
1.8  0.7042553721185321 
1.9  0.7041771813996035 
2.0  0.7041079484603021 
2.1  0.7040457842097083 
2.2  0.7039885224911842 
2.3  0.7039369011654719 
2.4  0.7038901291467615 
2.5  0.7038470001469789 
2.6  0.7038068470743247 
2.7  0.7037697152938315 
2.8  0.7037353089770152 
2.9  0.703703073494429 
3.0  0.7036730955517622 
3.1  0.7036450792587634 
3.2  0.7036185881192079 
3.3  0.7035937831067961 
3.4  0.703570365596118 
3.5  0.7035483857631268 
3.6  0.7035274767789029 
3.7  0.7035075443808201 
3.8  0.7034886053090018 
3.9  0.7034705668873749 
4.0  0.7034533692732565 
4.1  0.7034369473800048 
4.2  0.7034212552786966 
4.3  0.7034062245838499 
4.4  0.7033918358186644 
4.5  0.7033780172424479 
4.6  0.7033647587394368 
4.7  0.7033520107559176 
4.8  0.7033397418373981 
4.9  0.7033279313230867 
5.0  0.7033165490236515 
