#mmax= 10
#m-states: all states (FBR)
#Nr. of sites: 15

0.0  0.0 0.0 0.0 NaN NaN 0.0 
0.1  -0.00146 0.0012510772701729337 0.15651943359433595 -0.10649582986859246 26.23847143840448 0.0 
0.2  -0.00228 0.0025099822740629386 0.6300011016110161 0.01821686577916522 5.985946796260469 0.0 
0.3  0.00462 0.003758553953753788 1.4126727823278233 -0.005514852677814418 2.5360820883434396 0.0 
0.4  -0.00486 0.005071845920393324 2.5723621040210403 -0.02342791702603957 1.1664610701201727 0.0 
0.41  -0.01496 0.005201349106176709 2.705403252432525 -0.020571521460553185 1.1350676014245762 0.0 
0.42  -0.00262 0.005358117062008304 2.8709418450184496 -0.010540767713467136 0.9985119731281058 0.0 
0.43  -0.00264 0.005469719323904547 2.991782948229481 -0.012303088954843883 0.8947530169935867 0.0 
0.44  -0.00922 0.005591838928530224 3.1268662602626045 -0.008390269638666023 0.8738752413011164 0.0 
0.45  0.00716 0.005748375229765177 3.3043817782177856 0.012450005762011019 0.7898984241038622 0.0 
0.46  0.0056 0.005911145051202699 3.494163581635816 -0.00879157076935934 0.7251921614595678 0.0 
0.47  0.01248 0.006042880741838003 3.651640766007661 0.0022129815806528294 0.6825071329557284 0.0 
0.48  0.00396 0.006177202017276723 3.815782476224762 0.009888968728896726 0.6548421513062457 0.0 
0.49  -0.00574 0.00634460976457423 4.025407306473066 0.013525756726061886 0.5585785768401466 0.0 
0.5  0.00026 0.006500524739759008 4.225682189221892 0.001232274332076651 0.5550913088478837 0.0 
0.51  0.0033 0.006616821663252625 4.378232892328923 -0.010416368485541316 0.551795491105024 0.0 
0.52  0.00856 0.006767904055854595 4.580452530925308 0.007407428247850978 0.4237039706830594 0.0 
0.53  -0.00128 0.00692581138095984 4.796686328463284 -0.007049909782396034 0.39164711992567236 0.0 
0.54  -0.00812 0.0070739975311284 5.00414410704107 -0.0014025038888379954 0.3616378564773819 0.0 
0.55  -0.00708 0.007174734385615613 5.147681350413505 -0.005844948358649243 0.350135329030258 0.0 
0.56  0.00054 0.007342869756529981 5.391773626136266 0.014120675378023462 0.3007516877186176 0.0 
0.57  -0.00036 0.007458348005661157 5.5626954973549765 -0.0029080365755469934 0.25511241193403356 0.0 
0.58  0.00286 0.00754342675691044 5.690328723687236 -0.007032885345833396 0.2704957023192569 0.0 
0.59  -0.0083 0.00763729627439867 5.832829438294381 -0.0031549693468671414 0.25291913073439654 0.0 
0.6  -0.00288 0.007765186413551213 6.029812003720035 -0.02303214716952408 0.2299047290588505 0.0 
0.7  0.00252 0.008551155928801513 7.312226771867725 0.0071330398732447195 0.1334282429082121 0.0 
0.8  -0.00544 0.009086370545234047 8.256212968529686 0.008526006041566284 0.09960299124171001 0.0 
0.9  -0.00092 0.009567575812141193 9.153850692106921 0.002651191156689401 0.07989067192251875 0.0 
1.0  -0.00228 0.009901683111940339 9.804332844928451 -0.009276570275076864 0.044857900641875226 0.0 
1.1  -0.00408 0.01026516864317741 10.537368727287276 0.0012868280303488164 0.012121601773579016 0.0 
1.2  0.0036 0.010581918076128809 11.197699016990162 -0.0017414875724048534 0.03921302316047903 0.0 
1.3  0.00404 0.010858628637270858 11.790981588215876 0.0029158469899494863 0.072823000041915 0.0 
1.4  0.00729 0.011121744714344729 12.369320549105492 -0.007340409550279616 0.026738589657997025 0.0 
1.5  -0.00704 0.011373126125387807 12.934799786397868 -0.008249898791513138 0.0299127188190611 0.0 
1.6  0.00312 0.011598157087592766 13.45172478284783 0.006719955995079818 0.04229098851766144 0.0 
1.7  0.0114 0.011811727035829929 13.951689556895568 0.025265347402261346 0.04169625055374304 0.0 
1.8  0.0068 0.011999674058980737 14.399217752177524 0.0031424246366634867 -0.00842392567183925 0.0 
1.9  0.00577 0.012185780730159232 14.849325200352006 -0.0016250999365853328 0.028155547669385772 0.0 
2.0  4.0e-5 0.012382468786123887 15.332553323933237 0.0016110224021518133 0.018712219911345862 0.0 
2.1  -0.01256 0.012550728969744216 15.752079767197671 -0.010074417898888672 0.03672744015252105 0.0 
2.2  -0.0025 0.012710041422101248 16.15451529515295 0.01062767869409159 -0.007701089942875772 0.0 
2.3  0.00081 0.012894190786573636 16.626015604056043 -0.009530251496135926 0.03942016962729333 0.0 
2.4  0.00052 0.013062591764616854 17.063130360903607 -0.017271486117285472 0.023745452616116935 0.0 
2.5  -0.01746 0.013216531248817992 17.46766982509825 -0.01238957809179357 0.022949895278319588 0.0 
2.6  -0.00662 0.013386416761685598 17.919615371753714 0.018675008840221254 0.03306513983461068 0.0 
2.7  -0.00115 0.013520529383946036 18.28047148221482 0.0011353510216308854 -0.0012866224010044114 0.0 
2.8  0.01662 0.013597863316523951 18.490188677486774 -0.006545285568642276 -0.003405541501632303 0.0 
2.9  -0.00124 0.013742906290109564 18.8867473298733 0.0029067062969794976 0.004744848687185943 0.0 
3.0  0.01282 0.013938288963678158 19.427589923499234 0.004003543928175479 0.021062793713691796 0.0 
3.1  0.00992 0.014006918928650183 19.61937778737788 -0.015127538738695882 0.008570575233397548 0.0 
3.2  -0.01836 0.014171896045708749 20.08426375303753 0.01058399924873517 0.021447209029693326 0.0 
3.3  0.0027 0.014281847457933032 20.397116681166818 -0.006053238725087943 -0.010415816293833924 0.0 
3.4  -0.00836 0.014431624434617133 20.827178382183828 0.002618710511553601 0.043844476430619395 0.0 
3.5  0.01194 0.014576292362840096 21.246829904699048 0.0006124971400617346 0.010949265316799739 0.0 
3.6  -0.01618 0.01463291916533516 21.412232329923306 -0.004556479371938932 -0.023993007129480937 0.0 
3.7  -0.0251 0.014720960123805435 21.67066669666697 0.0052645180925863285 -0.00459524103621245 0.0 
3.8  0.00308 0.014823619751363879 21.973970253302532 0.008041613256918526 0.020769966911462934 0.0 
3.9  -0.00124 0.015001381104363372 22.50414350383504 0.00501818013318618 0.0338078205742125 0.0 
4.0  0.00144 0.015121027270614167 22.86454657186573 -0.007787594655484506 0.016296808005292984 0.0 
4.1  -0.00335 0.015174501323928382 23.02654904299042 -0.004064451019901232 0.004660730639538979 0.0 
4.2  -0.01332 0.015248388469261567 23.251335090950914 0.0015355285667337647 0.0017510239149696183 0.0 
4.3  0.01146 0.015359786649379578 23.592304591445913 -0.0033941421743132454 0.012462925885545761 0.0 
4.4  -0.0011 0.015471224304747663 23.935878148781484 -0.006011572556939463 0.011457472984770511 0.0 
4.5  0.02438 0.015603566607314774 24.34712908689087 -0.0012814523262307466 -0.004761120778786765 0.0 
4.6  0.01548 0.015673546513045575 24.566006029660308 -0.0032158839228229046 0.008186924738560641 0.0 
4.7  0.0004 0.015739354360098663 24.772727567275673 0.021273045262190024 0.04641647799086179 0.0 
4.8  0.01082 0.015881641966166954 25.22265515415154 0.006326269944032783 0.035925846498086056 0.0 
4.9  -0.01546 0.016029216426319548 25.693577924179245 0.01230921136769579 0.046091296664336756 0.0 
5.0  -0.0113 0.016010699126673553 25.63424865248653 -0.0015894462231693595 0.019653265376497586 0.0 
