#mmax= 10
#m-states: all states (FBR)
#Nr. of sites: 15
 
0.0  -4.9153412298762353e-60 
0.1  0.0024809532282423904 
0.2  0.009690707615705197 
0.3  0.02090090401561392 
0.4  0.034689262336276984 
0.41  0.036121209777648836 
0.42  0.037548908398416674 
0.43  0.03896812234553645 
0.44  0.04037348219256297 
0.45  0.04175989930488871 
0.46  0.043121269734293866 
0.47  0.04445149293318899 
0.48  0.04574434808788782 
0.49  0.04699425947575569 
0.5  0.04819564903589891 
0.51  0.04934515051439493 
0.52  0.05044091281960676 
0.53  0.05148296290044612 
0.54  0.052473810400695216 
0.55  0.0534178435608248 
0.56  0.054319913850168954 
0.57  0.05518637248408241 
0.58  0.05602290387312473 
0.59  0.056834870818103 
0.6  0.05762553938700369 
0.7  0.06486277659361359 
0.8  0.07126763018782055 
0.9  0.077027158821609 
1.0  0.08229283007579816 
1.1  0.08718091803338253 
1.2  0.09177134422084775 
1.3  0.0961196587134279 
1.4  0.10026545317694542 
1.5  0.10423909034046505 
1.6  0.10806444182639395 
1.7  0.11175661588199064 
1.8  0.11533150558980246 
1.9  0.1188012323506774 
2.0  0.1221744188695946 
2.1  0.12545955746092477 
2.2  0.12866345576209046 
2.3  0.1317920853783067 
2.4  0.13485135505718987 
2.5  0.13784681877153307 
2.6  0.14077946883538142 
2.7  0.1436553323044405 
2.8  0.14647664792936546 
2.9  0.14924714371290734 
3.0  0.151969314503725 
3.1  0.15464520732660866 
3.2  0.15727889342508578 
3.3  0.15986922549486474 
3.4  0.16242120183159292 
3.5  0.16493508110329375 
3.6  0.16741372882061464 
3.7  0.16985723141825448 
3.8  0.17226808082398562 
3.9  0.17464634456036063 
4.0  0.17699441778463224 
4.1  0.17931339960668757 
4.2  0.18160410784102735 
4.3  0.1838663737477739 
4.4  0.18610286686628502 
4.5  0.18831466772530017 
4.6  0.19050064449439033 
4.7  0.1926641593337474 
4.8  0.19480360714717157 
4.9  0.19692071944508954 
5.0  0.19901548920979475 
