#mmax= 10
#m-states: all states (FBR)
#Nr. of sites: 15
 
0.0  4.368324476049582e-8 
0.1  -4.4667719331648625e-9 
0.2  -3.1113381593213084e-9 
0.3  -8.474861812115133e-7 
0.4  3.36723939472101e-6 
0.41  1.918951155429495e-5 
0.42  -1.0104476973653543e-7 
0.43  8.757993954763818e-6 
0.44  1.0138787683495945e-5 
0.45  6.741127594356832e-6 
0.46  -5.894306732800277e-7 
0.47  1.2355689708798584e-6 
0.48  5.7158663132092865e-6 
0.49  -2.580627465977485e-5 
0.5  -3.656426979386672e-5 
0.51  -2.0540209832603644e-5 
0.52  -1.2456072980365943e-5 
0.53  -2.6595358508689514e-5 
0.54  -9.33610174535964e-6 
0.55  -1.1095182987580163e-5 
0.56  -4.677785312624372e-5 
0.57  -1.5993564172488085e-5 
0.58  -2.7714840511898308e-5 
0.59  -0.0001042055599681607 
0.6  -0.0001018054514789467 
0.7  -8.37569552549869e-5 
0.8  -0.0036015154114210253 
0.9  -0.012812703259127561 
1.0  -0.011788030686379493 
1.1  -0.008379470163593961 
1.2  -0.01466966395795414 
1.3  -0.01824745120730748 
1.4  -0.024609685363451442 
1.5  -0.0244359035118053 
1.6  -0.02409377764570752 
1.7  -0.02458904161219635 
1.8  -0.024280875946513257 
1.9  -0.024296061594538943 
2.0  -0.022886503960125777 
2.1  -0.021454525401068757 
2.2  -0.02397042597132154 
2.3  -0.02455421007033082 
2.4  -0.02356983062198953 
2.5  -0.02282528882663034 
2.6  -0.023575084300144596 
2.7  -0.02428364794335814 
2.8  -0.02450068094456812 
2.9  -0.025362406999283632 
3.0  -0.02554613948934715 
3.1  -0.025410884529267964 
3.2  -0.02544886201472237 
3.3  -0.025548549787066735 
3.4  -0.025478965612406083 
3.5  -0.02488481232297373 
3.6  -0.02459389445054273 
3.7  -0.02462997238856006 
3.8  -0.02466371326882968 
3.9  -0.024691417206673102 
4.0  -0.024713875973236918 
4.1  -0.024744134275556846 
4.2  -0.024745806513051218 
4.3  -0.024799266886493868 
4.4  -0.02478796248358953 
4.5  -0.024847996007498874 
4.6  -0.024852287181831165 
4.7  -0.024883665090308295 
4.8  -0.024918567449378815 
4.9  -0.024941078300625034 
5.0  -0.02495976875443716 
