#mmax= 10
#m-states: all states (FBR)
#Nr. of sites: 15

0.0  -0.0  0.0
0.1  -0.0  3.5144127300139577e-19
0.2  3.0000450008974692e-5  1.73208544936447e-5
0.3  0.0005401458525092518  7.350490871504309e-5
0.4  0.0036867878579952278  0.00019218817227913774
0.41  0.004851750731024322  0.00022053544311999635
0.42  0.005826943710512732  0.00024174391014444217
0.43  0.006511151615657344  0.00025558678701659564
0.44  0.007346922663053444  0.00027155204392391116
0.45  0.009030653885704865  0.00030119169942549454
0.46  0.010272582770740283  0.00032133518545381367
0.47  0.01186005321266174  0.00034540963823875744
0.48  0.013409506909933873  0.00036742281597035493
0.49  0.014991817819237056  0.00038865035520642313
0.5  0.017980688035949488  0.0004259518199023296
0.51  0.02016189182395229  0.00045129501791638744
0.52  0.02101936722407523  0.00046089090342275256
0.53  0.02447713580716106  0.000497789191175131
0.54  0.02663149100091757  0.0005195146593448204
0.55  0.02902724354390467  0.0005427055791185579
0.56  0.032791822824990595  0.0005773710536688374
0.57  0.03514024957974022  0.0005980411513227082
0.58  0.03730734481051408  0.0006165418034692227
0.59  0.03998900821636005  0.000638746756436685
0.6  0.04325202799479765  0.0006648418729060612
0.7  0.06580866075679297  0.0008247607123134005
0.8  0.08738963028842142  0.0009556292277715072
0.9  0.10193306144502057  0.0010359074244846464
1.0  0.11670236849832921  0.0011125922098220342
1.1  0.1326860346969572  0.0011911878335433375
1.2  0.14411288972086686  0.0012450543585967222
1.3  0.15712174522108027  0.001304376299225376
1.4  0.17145224224514174  0.0013675841809517514
1.5  0.1812340863424387  0.0014096015664719678
1.6  0.1914869719623485  0.0014527581417242493
1.7  0.20067264608344193  0.0014907263373776472
1.8  0.20920359631759344  0.001525444814690868
1.9  0.21972392387964632  0.0015675925481821679
2.0  0.2289301140129453  0.001603907328186387
2.1  0.23215879191547667  0.001616546526553677
2.2  0.2469366595940395  0.0016736204667526355
2.3  0.24998217443481505  0.001685232043167716
2.4  0.2588860004200708  0.0017189747463808803
2.5  0.2657099472207279  0.0017445842473378373
2.6  0.27437595988915764  0.0017768147327003022
2.7  0.2773077317148098  0.0017876618178878187
2.8  0.28464572563340945  0.0018146433548248662
2.9  0.2906963817652723  0.001836728763225491
3.0  0.3024691983062557  0.0018793543034382324
3.1  0.3026299699054662  0.0018799273664749107
3.2  0.31225333546668077  0.001914402648653894
3.3  0.3148745260732236  0.001923730327293525
3.4  0.3215973095343414  0.0019476919022648536
3.5  0.328286595097209  0.001971239219736695
3.6  0.33106366330668796  0.001982223676059151
3.7  0.33793868576950603  0.00200507435183391
3.8  0.3411711997190397  0.0020163676243405764
3.9  0.3503258544169959  0.0020481111134450438
4.0  0.3483063845334038  0.0020413828335402355
4.1  0.3621616620191646  0.002089069031659011
4.2  0.3590519255000056  0.002079664501951617
4.3  0.3625331158479503  0.002090223759283094
4.4  0.37295223089996976  0.002125884705631489
4.5  0.3736560299295215  0.0021291971087906716
4.6  0.3799944576234593  0.002150518135536794
4.7  0.3801617624681268  0.002151656929875408
4.8  0.3881603311055689  0.002177541566036626
4.9  0.39236179387404463  0.0021957757865462115
5.0  0.39585053905740913  0.002203478786118161
