#mmax= 10
#m-states: all states (FBR)
#Nr. of sites: 15

0.0  1.0  0.0
0.1  1.0  3.5144127300139577e-19
0.2  0.99997  1.732033486800989e-5
0.3  0.99946  7.346521606433697e-5
0.4  0.99632  0.0001914809198051505
0.41  0.99516  0.00021946805157529558
0.42  0.99419  0.00024033937802650298
0.43  0.99351  0.00025392802876885795
0.44  0.99268  0.00026956428296238814
0.45  0.99101  0.0002984839860476593
0.46  0.98978  0.0003180511398584757
0.47  0.98821  0.0003413372586039225
0.48  0.98668  0.0003625287440616298
0.49  0.98512  0.00038286723792095155
0.5  0.98218  0.0004183613584716701
0.51  0.9800400000000001  0.00044228716935877644
0.52  0.9792000000000002  0.00045130437263155937
0.53  0.97582  0.0004857526485325163
0.54  0.97372  0.0005058618140972385
0.55  0.97139  0.000527178772499976
0.56  0.9677400000000003  0.0005587450634774809
0.57  0.96547  0.0005773907903675351
0.58  0.9633800000000001  0.0005939640426261798
0.59  0.9608000000000031  0.000613707883584369
0.6  0.9576700000000032  0.0006366991164259498
0.7  0.9363100000000341  0.0007722317025461882
0.8  0.9163200000441377  0.0008756621740337668
0.9  0.9030900011853483  0.0009355176372057504
1.0  0.8898500011459606  0.000990040179185124
1.1  0.8757400009253752  0.001043170834449538
1.2  0.8657900037502922  0.0010779556177987737
1.3  0.8546000090169976  0.0011147199970795642
1.4  0.8424405001262067  0.0011521083013656824
1.5  0.8342400516349205  0.0011759460835982392
1.6  0.8257303826829232  0.0011995865363116968
1.7  0.8181802222205005  0.0012196828059855961
1.8  0.8112300553769392  0.0012374866814961376
1.9  0.8027403848247441  0.0012583698453761546
2.0  0.7953841177669486  0.001275722415209473
2.1  0.7928202198693826  0.0012816307726113728
2.2  0.7811901728670211  0.0013074158617362758
2.3  0.7788146657592626  0.001312483430426464
2.4  0.7719110155595698  0.0013268955422001192
2.5  0.7666614675437086  0.0013375055193176626
2.6  0.7600462746262978  0.0013504614182899858
2.7  0.7578212555899404  0.0013547281234019422
2.8  0.7522807208913497  0.0013651212111283476
2.9  0.7477426718666742  0.0013734004729086006
3.0  0.738991250090556  0.0013888263860608854
3.1  0.7388724508355053  0.0013890265406600545
3.2  0.7317961148331433  0.0014009524205111988
3.3  0.7298804494898602  0.001404093155982274
3.4  0.7249900781479051  0.001412057304431038
3.5  0.7201565967769556  0.0014196009279188399
3.6  0.7181594471800467  0.0014235526593858396
3.7  0.7132390182591847  0.001430097262238689
3.8  0.7109371855408445  0.0014335107238643682
3.9  0.7044585014002895  0.0014428092856787738
4.0  0.7058825715775482  0.0014409765641136434
4.1  0.6961698145263202  0.0014543468003027332
4.2  0.6983380888556708  0.0014523089337538729
4.3  0.6959112676053241  0.0014546102659014637
4.4  0.6886981305480915  0.0014640928225291864
4.5  0.6882135959996306  0.0014653423988328447
4.6  0.6838651994402908  0.001470664513658832
4.7  0.6837507950497962  0.0014711971364767139
4.8  0.6783035813822663  0.001477034242851392
4.9  0.6754596925692755  0.0014831580377315631
5.0  0.6731072916699105  0.0014831776379760973
