#mmax= 10
#m-states: all states (FBR)
#Nr. of sites: 15
 
0.0  -8.119712758902649e-32 
0.1  0.7062059171824999 
0.2  1.452483406861176 
0.3  2.2951574804619748 
0.4  3.3397262574313813 
0.41  3.462630530615833 
0.42  3.5900178158633076 
0.43  3.7221480218069116 
0.44  3.8593819750839504 
0.45  4.001961174406585 
0.46  4.149753823325401 
0.47  4.303144799698297 
0.48  4.461431928889463 
0.49  4.623926440581871 
0.5  4.790022969673626 
0.51  4.958009346352288 
0.52  5.126181538869691 
0.53  5.292951155461589 
0.54  5.456256099132215 
0.55  5.614313053971403 
0.56  5.76612758040204 
0.57  5.91050783240071 
0.58  6.047066662067224 
0.59  6.175521667931683 
0.6  6.29653428938374 
0.7  7.1867072239804255 
0.8  7.7597378631407565 
0.9  8.184867177871759 
1.0  8.522439102169766 
1.1  8.801277181963188 
1.2  9.037933399390171 
1.3  9.242808855470063 
1.4  9.422891051947934 
1.5  9.583072494336767 
1.6  9.726915855756149 
1.7  9.857183926104199 
1.8  9.97593054604445 
1.9  10.084818545587614 
2.0  10.185176167744128 
2.1  10.278080547839874 
2.2  10.364432950608583 
2.3  10.4449826720251 
2.4  10.520352118596797 
2.5  10.59105259782331 
2.6  10.657611476866238 
2.7  10.720399932338664 
2.8  10.77975576816236 
2.9  10.835985491637755 
3.0  10.889358279923107 
3.1  10.940102348601286 
3.2  10.98843348804025 
3.3  11.034538008727244 
3.4  11.078580384625875 
3.5  11.120707720042923 
3.6  11.161058571871534 
3.7  11.199756896022231 
3.8  11.236908409887636 
3.9  11.27261925045005 
4.0  11.306974256500485 
4.1  11.340061092717269 
4.2  11.3719544111724 
4.3  11.402725512855303 
4.4  11.432439430670122 
4.5  11.461151120771268 
4.6  11.48892056632018 
4.7  11.51579519016158 
4.8  11.541825162857702 
4.9  11.567052533554692 
5.0  11.591518885013613 
