#mmax= 10
#m-states: all states (FBR)
#Nr. of sites: 15
 
0.0  0.0 
0.1  -0.3457844723711954 
0.2  -0.6654285185555494 
0.3  -0.9280781531804495 
0.4  -1.089581783233682 
0.41  -1.0976221160030812 
0.42  -1.1038109001167742 
0.43  -1.1080624509351111 
0.44  -1.1102497192902667 
0.45  -1.1102732235139523 
0.46  -1.108096279048565 
0.47  -1.1035849141244254 
0.48  -1.0968136002671387 
0.49  -1.0878635412097355 
0.5  -1.0768024823449742 
0.51  -1.0639485907912067 
0.52  -1.0496357326942878 
0.53  -1.034210269598908 
0.54  -1.0181403067754702 
0.55  -1.0018704796748774 
0.56  -0.9857051713825137 
0.57  -0.970001870494132 
0.58  -0.9549560345914572 
0.59  -0.940737732690427 
0.6  -0.9273041596112792 
0.7  -0.8320895334341251 
0.8  -0.7739841797312011 
0.9  -0.7306308881722946 
1.0  -0.6953993277741941 
1.1  -0.665619400509243 
1.2  -0.6398159173031279 
1.3  -0.6170727457879973 
1.4  -0.5967627223838222 
1.5  -0.5784542855140604 
1.6  -0.5618314323957856 
1.7  -0.546609109184113 
1.8  -0.5326087973393887 
1.9  -0.519670011671454 
2.0  -0.5076557421967499 
2.1  -0.4964613629437832 
2.2  -0.4859932308566681 
2.3  -0.47617366320269117 
2.4  -0.4669424000870429 
2.5  -0.45825427788374484 
2.6  -0.45002749870055114 
2.7  -0.44223684954984743 
2.8  -0.43484346246298244 
2.9  -0.427815783717146 
3.0  -0.4211231760352191 
3.1  -0.41474030600098055 
3.2  -0.40864775341157245 
3.3  -0.4028139934034431 
3.4  -0.39723056452272987 
3.5  -0.3918768415302437 
3.6  -0.38673949152289117 
3.7  -0.3817998246884317 
3.8  -0.377049625640309 
3.9  -0.3724720347288433 
4.0  -0.3680615783036083 
4.1  -0.36380687404847856 
4.2  -0.3596988803481455 
4.3  -0.3557265883092846 
4.4  -0.3518857288107555 
4.5  -0.34817109126047563 
4.6  -0.3445703050827477 
4.7  -0.3410836002653789 
4.8  -0.3376996436666961 
4.9  -0.33441569472829963 
5.0  -0.33122522564490736 
