#mmax= 10
#m-states: all states (FBR)
#Nr. of sites: 28
 
0.0  14.000000000000009 0.017857142857141683 
0.1  12.704181150141848 0.01459157414006984 
0.2  11.532752653376509 0.011717949284313689 
0.3  10.484842332404327 0.009282709449038085 
0.4  9.556681242898403 0.007446020919772756 
0.41  9.469302878543417 0.00730699449317751 
0.42  9.382552232431797 0.00717631617291159 
0.43  9.296469587511291 0.0070587873334890805 
0.44  9.21087839126287 0.006949985999239017 
0.45  9.125730379522995 0.006862643856802908 
0.46  9.04087379215627 0.006784247899878859 
0.47  8.956263228574876 0.0067302573869757465 
0.48  8.871934653198325 0.006693342359693433 
0.49  8.78820236375072 0.00667759404828161 
0.5  8.705631970829717 0.006681271083112783 
0.51  8.625038371059434 0.006698306314474545 
0.52  8.547398384791943 0.006724065670660084 
0.53  8.473222665173102 0.006750638599233194 
0.54  8.402752155603984 0.006773395004765925 
0.55  8.33576431082495 0.006790332552730205 
0.56  8.271764620882372 0.006802060699259482 
0.57  8.210535639367961 0.006808481992537141 
0.58  8.151769170482538 0.006810450622304343 
0.59  8.095016464563555 0.006809682075652357 
0.6  8.040245777009265 0.006806153505325985 
0.7  7.569095152233247 0.006712727064606683 
0.8  7.191989069382639 0.006583782871320443 
0.9  6.87607766016923 0.006451802551273644 
1.0  6.604182336961269 0.006329492686301119 
1.1  6.365768264241363 0.006209777180041898 
1.2  6.15385655165473 0.006092745923174214 
1.3  5.9635134929051645 0.005981451127196613 
1.4  5.791107893083861 0.005875956985449515 
1.5  5.633839629307706 0.005777684279786088 
1.6  5.489484738186937 0.005683021396688526 
1.7  5.356339375236223 0.005593538945455445 
1.8  5.232952479798586 0.005508524745047039 
1.9  5.118182996130136 0.005429396280442478 
2.0  5.0110152853596475 0.0053529485945309485 
2.1  4.9106008332625155 0.005279885671402251 
2.2  4.816306517746669 0.005210298993439388 
2.3  4.7274653690408 0.00514364962705216 
2.4  4.643604756205437 0.00507990255089763 
2.5  4.564245197099423 0.005018971498859659 
2.6  4.488981455346413 0.004960350471058139 
2.7  4.4174840792505465 0.004903827822430706 
2.8  4.349430223739448 0.004849403718870771 
2.9  4.284557467173003 0.004796964910305457 
3.0  4.222613807245645 0.004746351842121244 
3.1  4.163394710475479 0.004697479772118318 
3.2  4.106713055470434 0.004650497585578228 
3.3  4.05234786276521 0.004604036310209891 
3.4  4.000145964020513 0.0045601598729320125 
3.5  3.950006553717776 0.004517079014335401 
3.6  3.9017738214660653 0.004474659923204061 
3.7  3.85532677423421 0.004434378136176975 
3.8  3.810561116576969 0.004395241361875413 
3.9  3.767375910723302 0.004357233877847144 
4.0  3.7256867644192635 0.00432034494211353 
4.1  3.6853937856340107 0.004284995866746577 
4.2  3.6464101267640645 0.004250663021106216 
4.3  3.6087018119874164 0.0042166336033165885 
4.4  3.5721650276534156 0.004183438174285348 
4.5  3.5367555573277545 0.004151102566749887 
4.6  3.5024115279805317 0.004119581464846589 
4.7  3.4690838354633806 0.004088828723158189 
4.8  3.436714615263573 0.004058780079788882 
4.9  3.4052651680990262 0.004029644933812193 
5.0  3.3746987291981316 0.0040014474571704595 
