#mmax= 10
#m-states: all states (FBR)
#Nr. of sites: 28
 
0.0  14.00000000000002 0.01785714285714357 
0.1  17.238196941351486 0.026200294680618796 
0.2  22.275723804183837 0.040091965144601005 
0.3  31.51516194393992 0.06845804096229524 
0.4  55.615373229598674 0.15615624923011628 
0.41  60.40492374727583 0.17457094157135666 
0.42  66.05679322624228 0.19623567436760092 
0.43  72.85769668643174 0.22188757330442554 
0.44  81.08854252118181 0.2518600334889979 
0.45  91.19116319504128 0.286724882927327 
0.46  103.52310970651735 0.32597087186697804 
0.47  118.58797743109949 0.36906412913271036 
0.48  136.62031142218345 0.4140528368732941 
0.49  157.46408686850944 0.45821893995455165 
0.5  180.36980447132498 0.49869766622118494 
0.51  204.07011780306323 0.5333399411314867 
0.52  226.9859259430034 0.5610404099437412 
0.53  248.01915645970274 0.5822138783205958 
0.54  266.4786766388969 0.5977914154170031 
0.55  282.39815858776643 0.6091564841702797 
0.56  296.3100530055086 0.6176851427120622 
0.57  308.34922142708797 0.6240326687792035 
0.58  318.9590759489377 0.6289106153062962 
0.59  328.4694719555363 0.6327751179835286 
0.6  337.01780124466006 0.6358614345051323 
0.7  395.3598129267767 0.6500897771459088 
0.8  430.8450508592302 0.655076753227648 
0.9  456.28029016465814 0.657658452554731 
1.0  476.04610794028133 0.6592569465722271 
1.1  492.16495705559464 0.6603541430806036 
1.2  505.73246067583136 0.6611590743138381 
1.3  517.4149551309291 0.6617778716226674 
1.4  527.641780613145 0.6622698233218238 
1.5  536.7143874473086 0.6626713281475288 
1.6  544.8476940575925 0.6630057452854952 
1.7  552.1978938321513 0.6632887358870032 
1.8  558.8904514659415 0.663531518924444 
1.9  565.0180634722892 0.6637420797656004 
2.0  570.6624053519988 0.6639266152884313 
2.1  575.8882990435347 0.6640898395200536 
2.2  580.7371379722592 0.6642348679602988 
2.3  585.2612922917676 0.6643649127355418 
2.4  589.4893966141428 0.6644819283055341 
2.5  593.4570280830524 0.6645879330031568 
2.6  597.1902759245454 0.6646844025488521 
2.7  600.7095796634409 0.664772483617724 
2.8  604.0359682637259 0.664853262021415 
2.9  607.1862470450666 0.6649275959401912 
3.0  610.1759809466178 0.6649962314185985 
3.1  613.0173304167741 0.6650597628912178 
3.2  615.7210085668513 0.6651187016189188 
3.3  618.3024355447346 0.6651736516956102 
3.4  620.7698954432001 0.6652249840897533 
3.5  623.1276612430518 0.6652729255862327 
3.6  625.3853956590117 0.6653178483391474 
3.7  627.5508293014643 0.6653600526973364 
3.8  629.629285374971 0.6653997509843489 
3.9  631.6266477644621 0.6654371630265474 
4.0  633.5459462123735 0.6654724236252129 
4.1  635.3961688951388 0.665505817393564 
4.2  637.1820498241402 0.6655374995824375 
4.3  638.9006434448667 0.6655674336498707 
4.4  640.5621683876818 0.6655959092703723 
4.5  642.1675825079925 0.665622978024302 
4.6  643.7200999876063 0.6656487429290165 
4.7  645.2224017455958 0.6656732911134142 
4.8  646.6776979064641 0.665696718254374 
4.9  648.0877298189575 0.6657190847411086 
5.0  649.4550281394681 0.6657404647916776 
