#mmax= 10
#m-states: all states (FBR)
#Nr. of sites: 28
 
0.0  9.324051950144701e-32 
0.1  0.025773584128840767 
0.2  0.05648296696126152 
0.3  0.09878485856981757 
0.4  0.16506320412667866 
0.41  0.1739567434711278 
0.42  0.18344163931696603 
0.43  0.19360467775217646 
0.44  0.20452075263000646 
0.45  0.21629916484941372 
0.46  0.2290173702498574 
0.47  0.24277773632551375 
0.48  0.2575758075387698 
0.49  0.27326106375206466 
0.5  0.28947673141596125 
0.51  0.30569981843796235 
0.52  0.3213163072518715 
0.53  0.33590767594819015 
0.54  0.3492147233176802 
0.55  0.36125757085297416 
0.56  0.3722619278955913 
0.57  0.3822884537585768 
0.58  0.3915279463342109 
0.59  0.40012736571542673 
0.6  0.4081492487000904 
0.7  0.4693231356639191 
0.8  0.511261371314508 
0.9  0.5430838284230999 
1.0  0.5686313285842222 
1.1  0.5898987829332621 
1.2  0.6080540267990884 
1.3  0.6238447953188035 
1.4  0.6377730720425058 
1.5  0.6502005994727461 
1.6  0.6613914990646089 
1.7  0.671542941584178 
1.8  0.680813703314032 
1.9  0.689324011671278 
2.0  0.6971796163246485 
2.1  0.7044646440432911 
2.2  0.7112363484595399 
2.3  0.717562287957327 
2.4  0.7234824038415896 
2.5  0.7290436384315925 
2.6  0.7342809518029875 
2.7  0.7392228290439962 
2.8  0.7438972558286978 
2.9  0.7483275199474895 
3.0  0.7525346316225535 
3.1  0.7565356791460471 
3.2  0.7603455961113278 
3.3  0.7639842262840831 
3.4  0.7674632381451985 
3.5  0.7707898490249613 
3.6  0.7739766808886777 
3.7  0.777034239106227 
3.8  0.7799701534865529 
3.9  0.7827925599319266 
4.0  0.7855057705070284 
4.1  0.7881219216710709 
4.2  0.7906474792090572 
4.3  0.7930792389571653 
4.4  0.7954304571054821 
4.5  0.7977029144812321 
4.6  0.7999009845201506 
4.7  0.8020285174482038 
4.8  0.8040897624073674 
4.9  0.8060873355567608 
5.0  0.8080249843857944 
