#mmax= 10
#m-states: all states (FBR)
#Nr. of sites: 28
 
0.0 6.9184179238794165e-28
0.1 -0.1691726668646079
0.2 -0.6821014590065662
0.3 -1.5578735484404114
0.4 -2.8416007504323764
0.41 -2.9957472016773234
0.42 -3.1551630052378905
0.43 -3.3200590929589504
0.44 -3.4906742865697855
0.45 -3.6672858068273397
0.46 -3.8502043236185077
0.47 -4.039774667765741
0.48 -4.23635543685215
0.49 -4.440275563131259
0.5 -4.6517564938894
0.51 -4.8708280587917505
0.52 -5.09727966504247
0.53 -5.3306894484976866
0.54 -5.570513730845786
0.55 -5.816185319596918
0.56 -6.067179643776096
0.57 -6.323040087334905
0.58 -6.583380791056413
0.59 -6.847879795822126
0.6 -7.116260560756036
0.7 -9.973191349545942
0.8 -13.066492492951298
0.9 -16.330389484731924
1.0 -19.72707362037179
1.1 -23.231957883323958
1.2 -26.827776375233668
1.3 -30.501735811675076
1.4 -34.24397296854667
1.5 -38.04665404361164
1.6 -41.90340833488429
1.7 -45.80895048303155
1.8 -49.758837247263784
1.9 -53.749275357294536
2.0 -57.77699798328753
2.1 -61.8391621624931
2.2 -65.93327447063976
2.3 -70.05713292630179
2.4 -74.208779979989
2.5 -78.38646420185577
2.6 -82.58861543650478
2.7 -86.8138167589275
2.8 -91.06078008242238
2.9 -95.32833554507195
3.0 -99.61541494551724
3.1 -103.9210394120511
3.2 -108.24430799697811
3.3 -112.5843944952673
3.4 -116.94053369253697
3.5 -121.31201501595336
3.6 -125.69818080124196
3.7 -130.09841817007052
3.8 -134.51215685220802
3.9 -138.93886326061178
4.0 -143.37803831792226
4.1 -147.8292144641796
4.2 -152.2919525193351
4.3 -156.76583955626893
4.4 -161.25048614093612
4.5 -165.74552577814922
4.6 -170.25061186487068
4.7 -174.76541709252703
4.8 -179.28963110074062
4.9 -183.8229601172074
5.0 -188.36512491527256
