0.0  -0.0  0.0
0.1  0.006028089292556844  0.00024589426909007745
0.2  0.026029957705837624  0.0005133821213465599
0.3  0.06612171125844984  0.0008313358011078645
0.4  0.15055893165255038  0.0012815137432685658
0.41  0.16470636482549803  0.001345751272962431
0.42  0.17921247019591982  0.0014065518713285478
0.43  0.19895740959171487  0.0014942269294236556
0.44  0.21696267035664726  0.001570167280435186
0.45  0.24435576621723235  0.0016770278937084915
0.46  0.2758598943017784  0.0017946702061058107
0.47  0.31564811887781796  0.0019534564315432873
0.48  0.36419754200281673  0.002123477912354377
0.49  0.4181244818355386  0.0023234097374745587
0.5  0.4822376847601765  0.0025421953164996088
0.51  0.5457877975338004  0.0027510925695680417
0.52  0.5959002864572689  0.0029251753186494383
0.53  0.6453278683414299  0.0030869383080178426
0.54  0.6687490265541427  0.003161650902643546
0.55  0.6823743033334745  0.003193347481486147
0.56  0.6977806082607326  0.003247776792948014
0.57  0.7062711091576094  0.0032760640271781755
0.58  0.7101312792875585  0.0032915832511362184
0.59  0.7071002580092485  0.00328083672901421
0.6  0.7094875874760004  0.003277530623983799
0.7  0.7137479219629809  0.003275225669316256
0.8  0.7089659986731301  0.00325698374187327
0.9  0.7016175601175324  0.0032330464106473168
1.0  0.7095128319735937  0.003246322325171307
1.1  0.7011989405338385  0.0032244056454247567
1.2  0.69874359178181  0.0032158260370350623
1.3  0.7035301513535724  0.003230657357794325
1.4  0.7028828101575711  0.0032303128579587712
1.5  0.7050666556780326  0.003234529411080195
1.6  0.7091724142118838  0.003246179077697876
1.7  0.7092098523142837  0.003250720942721329
1.8  0.7071526202888444  0.003244282877439378
1.9  0.7043003361797997  0.003228480739574694
2.0  0.7025923953870855  0.0032281860873023165
2.1  0.704889306778508  0.003236805652286452
2.2  0.703752923306069  0.0032284734302227064
2.3  0.7000527485382353  0.0032190319320324332
2.4  0.7079452822818165  0.003244714933355604
2.5  0.7075632461412009  0.003241566253973653
2.6  0.70256406029166  0.0032271675298646716
2.7  0.7096292103945697  0.003247547123123308
2.8  0.7002857843112608  0.003221540606409845
2.9  0.7023066300077109  0.0032235315727842805
3.0  0.7058626167449025  0.0032343463544311484
3.1  0.7029112947885883  0.003224832948381569
3.2  0.7003877834751527  0.003222387606898547
3.3  0.7040452114013986  0.0032320535299989067
3.4  0.709267679598868  0.003247684552025831
3.5  0.7032184702541503  0.003223649583292223
3.6  0.7042620032751828  0.0032294174736124505
3.7  0.7019022348888699  0.0032277291611866364
3.8  0.7021917760349431  0.0032227236439309817
3.9  0.70206874200467  0.0032275784088929386
4.0  0.7052888726919075  0.0032330564081762517
4.1  0.7009023703191409  0.003219535837829134
4.2  0.6981639844954991  0.0032125324935566124
4.3  0.703447296170377  0.003228912025604537
4.4  0.7096276153278844  0.0032461449134446522
4.5  0.6996597060889611  0.0032111105344453353
4.6  0.7041218168731368  0.003224051375578355
4.7  0.6995722379141344  0.0032151193273363588
4.8  0.7033328969170798  0.0032268448636822026
4.9  0.7023943559182177  0.0032217681803257577
5.0  0.704280113817692  0.0032289844972857567
0.0  -0.0  0.0
0.1  0.006289692326302089  0.00025118965410618986
0.2  0.026512942735355403  0.0005240047016612943
0.3  0.06634807696094353  0.0008287071723333512
0.4  0.15068585819489277  0.0012809091161517631
0.41  0.16293889522078353  0.0013324493464823629
0.42  0.17890185785360568  0.001407299877728749
0.43  0.1958987976119445  0.001483004618286373
0.44  0.21874113448328525  0.0015745746346386418
0.45  0.24492863108364016  0.0016881087273473711
0.46  0.27426294197317713  0.0017919298650353418
0.47  0.3143030081460375  0.0019423060102939983
0.48  0.3670991358871787  0.0021319449434386295
0.49  0.4193430556524202  0.002322774657586489
0.5  0.4799327870712204  0.0025282069575946727
0.51  0.542313776786457  0.00273780186174694
0.52  0.5960053716078987  0.0029297279597802627
0.53  0.6411370308905522  0.0030769572645746638
0.54  0.6649038385440083  0.003155705707247838
0.55  0.6958643859220518  0.0032425524393484275
0.56  0.6975211395984083  0.0032562109751367017
0.57  0.7047958833404228  0.003277995583640803
0.58  0.7100357586338448  0.0032839509841815218
0.59  0.7157254887469252  0.003298701801493452
0.6  0.7129972271552166  0.0032959513091996282
0.7  0.7172436709392074  0.0032849265424907013
0.8  0.7005903276861004  0.003232625761935552
0.9  0.7076620179237386  0.003246655626847926
1.0  0.7065681684092256  0.003243067101617666
1.1  0.7023148357886071  0.0032304688415330574
1.2  0.7041101073843967  0.0032348937702903614
1.3  0.7095112173422461  0.003248040218965462
1.4  0.6967062093966063  0.0032133113671906593
1.5  0.7025424451336445  0.003226845411731194
1.6  0.7119689769855498  0.0032560819518841315
1.7  0.7032864025361594  0.003233604393162009
1.8  0.7060463575098281  0.003238943265167519
1.9  0.7028575795901201  0.0032278619547669424
2.0  0.7015379291961628  0.003222408545723773
2.1  0.7040408342003986  0.0032278657807500192
2.2  0.7077802680934185  0.0032460341389274616
2.3  0.7028321910464987  0.003227081254505012
2.4  0.7102961839250462  0.0032465819300530416
2.5  0.7013942692699587  0.0032197975295419744
2.6  0.7002010261619701  0.0032190619332202837
2.7  0.6978991046457067  0.0032133336944651764
2.8  0.7031976928328971  0.003226341013833474
2.9  0.7042573100694334  0.003226606989711548
3.0  0.7002892774473696  0.0032163116548147293
3.1  0.7056637972911192  0.0032400262731029383
3.2  0.7023706660680383  0.003225109526425371
3.3  0.7065968056168995  0.0032357022385713368
3.4  0.6997126670209735  0.0032200051625527444
3.5  0.7059303405083482  0.0032348622202292947
3.6  0.7063296406092978  0.003239781776466893
3.7  0.7066641659245866  0.003238382149010337
3.8  0.7062916588310344  0.0032384409289406032
3.9  0.704732947352742  0.0032332620337428616
4.0  0.7035516415013915  0.0032282974973611724
4.1  0.7041954556212184  0.003229706865429601
4.2  0.7086548281541859  0.0032437805240471203
4.3  0.705023447786914  0.003225380285806656
4.4  0.7041410304841611  0.0032315710876009308
4.5  0.6965196096803961  0.003206531567917754
4.6  0.7037264029884194  0.00322928161224166
4.7  0.6951263222634126  0.003203689483415194
4.8  0.7059331238276731  0.0032343865544532725
4.9  0.6996211371403028  0.003211299572287277
5.0  0.7026353625233251  0.0032211947740529863
