#mmax= 10
#m-states: all states (FBR)
#Nr. of sites: 28
 
0.0  0.0 
0.1  0.022975278317788193 
0.2  0.0770260654035931 
0.3  0.16005158295405827 
0.4  0.29190195272986325 
0.41  0.3108561670332683 
0.42  0.33176783427382045 
0.43  0.355241574508123 
0.44  0.3818763903017937 
0.45  0.4126387327731436 
0.46  0.4481688385871615 
0.47  0.48929124790153816 
0.48  0.5356318044641027 
0.49  0.5851673969696877 
0.5  0.6340259718839281 
0.51  0.6775281076719335 
0.52  0.7116807935196627 
0.53  0.7354550700622293 
0.54  0.7498313723256089 
0.55  0.757376016361899 
0.56  0.7607243893085273 
0.57  0.7613875850394489 
0.58  0.7606483325652604 
0.59  0.7592356284825804 
0.6  0.7575227950240007 
0.7  0.7442686545639887 
0.8  0.7384778216797523 
0.9  0.7354621592362626 
1.0  0.7336361544715314 
1.1  0.7323872224460405 
1.2  0.7314825562758266 
1.3  0.7307854284255155 
1.4  0.7302249578776394 
1.5  0.7297623184193937 
1.6  0.7293712337521554 
1.7  0.7290365392064787 
1.8  0.7287454965473211 
1.9  0.7284887061600883 
2.0  0.7282596034760883 
2.1  0.7280541371655568 
2.2  0.7278688020383006 
2.3  0.7276999526786606 
2.4  0.7275455618967219 
2.5  0.7274040731933448 
2.6  0.7272727334803358 
2.7  0.7271518033583632 
2.8  0.7270395919825908 
2.9  0.7269347153850129 
3.0  0.7268369693875087 
3.1  0.7267454715154734 
3.2  0.7266589797008136 
3.3  0.7265781245811491 
3.4  0.7265017268262879 
3.5  0.7264294723129727 
3.6  0.7263609776740303 
3.7  0.7262960499942824 
3.8  0.7262343608732451 
3.9  0.7261756317692163 
4.0  0.7261198741420881 
4.1  0.7260664569084176 
4.2  0.7260151383699359 
4.3  0.7259664551410027 
4.4  0.7259196360892888 
4.5  0.7258746405365835 
4.6  0.725831558682432 
4.7  0.7257901105128045 
4.8  0.7257503586643234 
4.9  0.7257119649235948 
5.0  0.7256750060737952 
