#mmax= 10
#m-states: all states (FBR)
#Nr. of sites: 28
 
0.0  -0.0 
0.1  0.00634554436617108 
0.2  0.02670159455961274 
0.3  0.0667894023397525 
0.4  0.14967497357587856 
0.41  0.16345570869809614 
0.42  0.17919778472133888 
0.43  0.19751048283448552 
0.44  0.21913344144073008 
0.45  0.24521216396405107 
0.46  0.27697545671887314 
0.47  0.316131001057171 
0.48  0.3638337021422323 
0.49  0.4198354691013891 
0.5  0.4812873415619784 
0.51  0.5426254446918636 
0.52  0.596823351251972 
0.53  0.639419341837956 
0.54  0.6690671214210603 
0.55  0.6879521071937301 
0.56  0.6995305276678436 
0.57  0.7059712543861988 
0.58  0.7093950020944388 
0.59  0.7110875353928136 
0.6  0.7117502895485077 
0.7  0.7090431126803111 
0.8  0.707203816261991 
0.9  0.7062680809365097 
1.0  0.7057322299682524 
1.1  0.7053492711013499 
1.2  0.7050824644442054 
1.3  0.7048760790327729 
1.4  0.7047069584435605 
1.5  0.7045672732763978 
1.6  0.704446394416328 
1.7  0.7043459496381722 
1.8  0.7042583276541097 
1.9  0.7041799707617644 
2.0  0.7041101729034694 
2.1  0.7040474160222988 
2.2  0.7039909247744478 
2.3  0.7039392854992051 
2.4  0.7038915515874564 
2.5  0.7038486224088916 
2.6  0.7038082934608924 
2.7  0.7037712680709673 
2.8  0.7037369678225591 
2.9  0.703704378037501 
3.0  0.7036745473538961 
3.1  0.7036465977655626 
3.2  0.7036202153682217 
3.3  0.703595481796631 
3.4  0.7035723206243406 
3.5  0.703550121467455 
3.6  0.703529021754682 
3.7  0.7035091012272415 
3.8  0.7034901734862476 
3.9  0.7034721420310657 
4.0  0.7034550298304276 
4.1  0.7034386154731822 
4.2  0.7034227882815413 
4.3  0.7034078157267908 
4.4  0.7033933702934632 
4.5  0.7033795137979623 
4.6  0.703366229017125 
4.7  0.7033534646069254 
4.8  0.703341240976663 
4.9  0.7033294167381382 
5.0  0.7033180217654066 
