#mmax= 10
#m-states: all states (FBR)
#Nr. of sites: 28

0.0  0.0 0.0 0.0 NaN NaN 0.0 
0.1  -0.00206 0.0017429824852474673 0.30379879438794377 -0.01793144566789076 13.349518773509882 0.0 
0.2  0.0025 0.003512329834256549 1.2336460864608638 0.0029979380784859932 3.1655872243859164 0.0 
0.3  -0.00436 0.005249389056343095 2.755608546485465 -0.018074425724824806 1.216874528910079 0.0 
0.4  -0.00128 0.007076417481525784 5.007568437284372 0.002201483711664235 0.6309569345692103 0.0 
0.41  -0.00612 0.007285118817532205 5.307295618556184 0.0053785640103727215 0.5934054608156814 0.0 
0.42  -0.01348 0.007452109649983846 5.5533938235382365 0.0011568549250828013 0.4596038459496903 0.0 
0.43  -0.002 0.007647518868590549 5.848454484544847 0.007379418220714774 0.5084744952604079 0.0 
0.44  0.01038 0.007870193260360227 6.193994195541955 0.006839983046210654 0.4292880185989749 0.0 
0.45  0.00518 0.008085888045963469 6.538158549185491 0.002052787340175639 0.4129784314088112 0.0 
0.46  -0.0014 0.008305074963099455 6.897427014270143 0.00865658445244361 0.3617033828483187 0.0 
0.47  0.00196 0.00857437442516758 7.351989678296784 -0.0010770021024240077 0.3505803876102802 0.0 
0.48  0.00692 0.008741183284822037 7.6408285218852185 -0.01740405627811736 0.30871468621980824 0.0 
0.49  0.00124 0.009030570310672597 8.155120013600136 -0.0101998029198401 0.2844496635440983 0.0 
0.5  -0.0113 0.009226959112716641 8.513677446774468 0.0025527230438334584 0.22013004280047976 0.0 
0.51  -0.00902 0.00942985024360176 8.892207561675619 0.003496058743341245 0.21192121003285003 0.0 
0.52  0.00204 0.009675913115409118 9.36232946169462 -0.01863891224282504 0.17527036618537561 0.0 
0.53  0.00802 0.009924431557495747 9.849434173941745 -0.01394254985548199 0.14726348849084703 0.0 
0.54  0.01432 0.010090459233834479 10.181736754967549 -0.0025106301585402983 0.18692274006752596 0.0 
0.55  0.00752 0.010206766200749517 10.417807627676273 0.0003573622033358812 0.11088463674318838 0.0 
0.56  -0.02366 0.010400609778798437 10.817268377083769 -0.0015994785786908794 0.17430280086212013 0.0 
0.57  0.0013 0.010561017870024864 11.153509845098451 -0.005976541745986309 0.1218145560083248 0.0 
0.58  0.01768 0.010695364326855859 11.439081808418088 -0.004264031634382667 0.07903987720746608 0.0 
0.59  0.02658 0.01085095905757296 11.77433124691247 0.014618886249488951 0.12720475431816203 0.0 
0.6  -0.00224 0.010918330546535914 11.920994192341924 0.008399387066830476 0.09941334164585891 0.0 
0.7  -0.0051 0.01194242714508492 14.262156611566116 -0.01180734909606594 0.07297789421744882 0.0 
0.8  -0.00998 0.012653260648783398 16.010500504605048 0.010942992912138499 0.052780421389772236 0.0 
0.9  0.02464 0.013266698487449225 17.60052887568876 0.00409444280563823 0.03392433899755298 0.0 
1.0  0.02344 0.0137606540258809 18.935559921999225 -0.0038606823052463584 0.037598028617839674 0.0 
1.1  -0.00354 0.014211231272305114 20.195909427494282 0.007289636574067799 0.0021839721098415588 0.0 
1.2  0.02096 0.014637436569614685 21.425454932949332 0.0013162163777341244 0.0004527836350245451 0.0 
1.3  -0.01812 0.014973408385721228 22.420295868558682 -0.007035119320746041 0.03125387523987433 0.0 
1.4  0.00798 0.015339560496218988 23.530211621716212 0.003948639429784598 0.00750205600479914 0.0 
1.5  0.02566 0.015655652865296497 24.50994666386664 -0.0017601139346454433 0.03237905005085828 0.0 
1.6  0.02746 0.016080952877689014 25.859704545445457 -0.0003443463370520143 0.008886982968718371 0.0 
1.7  0.02282 0.016358247717854258 26.7592268398684 0.006604676189642476 0.027429288757696124 0.0 
1.8  -0.00514 0.016621278484911586 27.626689847298476 0.0029772684434195627 0.022148313010600162 0.0 
1.9  0.00664 0.01684994950473096 28.392079831198316 0.0044517653800648805 0.01463994974443894 0.0 
2.0  0.00068 0.017070832127025766 29.14133095090951 0.0020560127369259433 0.005938862834130809 0.0 
2.1  -0.01902 0.017303380492428775 29.940697646576464 0.0021613365710066667 0.007294835757062135 0.0 
2.2  0.01102 0.017558971176315764 30.831746877068774 -0.016151939012550617 0.04802676880470669 0.0 
2.3  -0.02322 0.017802869929811237 31.694217773777723 -0.00116455989428536 0.011852822864153012 0.0 
2.4  0.00847 0.01813747149604163 32.896787226972265 0.007344060092016786 -0.015333827226613028 0.0 
2.5  0.00648 0.01826188147642927 33.34963150591505 -0.008570043316201285 0.001579899155310649 0.0 
2.6  -0.00532 0.01841177631058636 33.8993506911069 0.005031310315027439 0.005552235808411243 0.0 
2.7  0.00876 0.018686046245989095 34.91683243072431 0.004467549332919756 0.01581449714561778 0.0 
2.8  0.03083 0.01886052364873582 35.571935230452304 0.01277083378019247 0.03130094806712158 0.0 
2.9  0.02718 0.019037348467745362 36.242063668236675 -0.00042042733957599283 0.0040329805818153375 0.0 
3.0  0.00552 0.01923491084237073 36.99817951139511 0.009170705989839927 0.011850064400408922 0.0 
3.1  -0.01522 0.019361101002740532 37.48522320383204 0.0018800904580477387 -0.015030724390479477 0.0 
3.2  0.00198 0.01954846751594155 38.2142582221822 0.0018177748105344782 0.013300171738847233 0.0 
3.3  -0.02692 0.0197834442649067 39.13846669826698 0.0006502381254142506 0.009589094252759889 0.0 
3.4  0.0159 0.019881695720391838 39.52818247182472 -0.001751034422475731 -0.00559558709730501 0.0 
3.5  0.00322 0.019999267387155965 39.99706960229602 0.009992591240695091 0.018949287168402495 0.0 
3.6  -0.03698 0.02023576091122339 40.94860196561965 -0.001505613737992252 0.02665645750872736 0.0 
3.7  -0.00794 0.02035569485689769 41.435431310713106 0.01416519204362987 0.008505587740108123 0.0 
3.8  -0.0158 0.020498529349615668 42.0189705497055 -0.006036450267327803 0.022884808062276996 0.0 
3.9  -0.01562 0.020617890559659863 42.50974111301113 -0.0070317119431108285 0.025228987827946803 0.0 
4.0  0.02802 0.020775352342346676 43.161526494864944 0.0014149463062507097 0.014728257247646592 0.0 
4.1  -0.00146 0.020937181337028713 43.83655623396234 -0.0015581839669473816 -0.01753193138215403 1.4969320810071e-310 
4.2  -0.0069 0.02103867748123683 44.26259501595017 -0.007683406825864284 0.029741213980520875 0.0 
4.3  -0.01214 0.021297893374853348 45.36002622066221 -0.010983642272805702 -0.007189891434632223 9.86958025646687e-310 
4.4  0.0077 0.021394886877752945 45.77411845118451 -0.007757023333475531 0.0198377174992741 1.2050691896345686e-305 
4.5  -0.008 0.021507951690476226 46.259198591985914 0.0034452971968736454 0.003376724996214886 1.5357258713855593e-306 
4.6  0.03172 0.021673362354797592 46.97346357623575 -0.002868818699967213 0.008074082805599847 8.272852897888394e-292 
4.7  -0.00836 0.021687526474728415 47.034880459204594 -0.011726013217640715 -0.009661453167552736 5.1517195983262e-310 
4.8  -0.01455 0.021864481780518728 47.805556353063544 0.0026335413213870273 0.016538622180179985 2.7083891884774003e-296 
4.9  0.02114 0.021990069727849122 48.356316663566645 -0.0069316201741488 0.030666612072277832 2.922098244740071e-301 
5.0  -0.01296 0.022112060279768104 48.89432098160984 0.00936088596748525 0.005714448047909215 9.715726697991492e-286 
