#mmax= 10
#m-states: all states (FBR)
#Nr. of sites: 28
 
0.0  1.0015785140354642e-60 
0.1  0.0024810187959415316 
0.2  0.009691387787526116 
0.3  0.02090202141436566 
0.4  0.03467567802562716 
0.41  0.036102728888448156 
0.42  0.037524023184608096 
0.43  0.03893427344653998 
0.44  0.04032744125401857 
0.45  0.04169684858022976 
0.46  0.043033584699814505 
0.47  0.0443284869385124 
0.48  0.04557080075089292 
0.49  0.046751138021881994 
0.5  0.047863651932923475 
0.51  0.04890942517235706 
0.52  0.049897025158760044 
0.53  0.050839183638416836 
0.54  0.05174888134780637 
0.55  0.052635207479575605 
0.56  0.05350136749208839 
0.57  0.054351886741305304 
0.58  0.05518688674636832 
0.59  0.0560067939888432 
0.6  0.056812321732089645 
0.7  0.06414403994006769 
0.8  0.07046882332042133 
0.9  0.07611466606663381 
1.0  0.08127542672099423 
1.1  0.08607131882638715 
1.2  0.09058067229564618 
1.3  0.09485688006424932 
1.4  0.09893831569802328 
1.5  0.10285278919464888 
1.6  0.10662274075592927 
1.7  0.11026475361521834 
1.8  0.11379250505607376 
1.9  0.11721820126932488 
2.0  0.1205482473968381 
2.1  0.12379070606252027 
2.2  0.12695585757466527 
2.3  0.13004532710467384 
2.4  0.13306814986325294 
2.5  0.13602549458425914 
2.6  0.13892248710131058 
2.7  0.1417635177981481 
2.8  0.14455160641711592 
2.9  0.1472891539830343 
3.0  0.14997896734793453 
3.1  0.1526238655259533 
3.2  0.15522681521544357 
3.3  0.15778675629754413 
3.4  0.16030740365191412 
3.5  0.16279166287834507 
3.6  0.16524065701244273 
3.7  0.16765521398937977 
3.8  0.1700372652153026 
3.9  0.1723877649617951 
4.0  0.17471198844624425 
4.1  0.17700367116327498 
4.2  0.17926284523629937 
4.3  0.18150221925796092 
4.4  0.18371204033024974 
4.5  0.18589663814239404 
4.6  0.1880571734111678 
4.7  0.19019421695612135 
4.8  0.19230834904109922 
4.9  0.19440122741592708 
5.0  0.19647150999555762 
