#mmax= 10
#m-states: all states (FBR)
#Nr. of sites: 28
 
0.0  2.169347059639547e-14 
0.1  -3.119123211297278e-9 
0.2  8.686183018707218e-8 
0.3  3.759556859225252e-7 
0.4  -4.515063457372761e-6 
0.41  -7.10509576935773e-7 
0.42  -2.050898814728836e-6 
0.43  -3.550852852389956e-5 
0.44  -1.6368335191725016e-5 
0.45  -2.0811073949861176e-5 
0.46  -0.00012862835011206422 
0.47  -0.0003757525441971061 
0.48  -0.00016571854867357828 
0.49  0.00026089225950622004 
0.5  -0.0021626774719597556 
0.51  -0.001192675547525407 
0.52  -0.0015947990111088923 
0.53  -0.0011697278618891477 
0.54  -0.0005517967674880164 
0.55  -0.0005913688134227524 
0.56  -0.001544673839014975 
0.57  -0.0012914288475400397 
0.58  -0.000733738245913942 
0.59  -0.000975417050472322 
0.6  -0.001187942462471828 
0.7  -0.03414492521097972 
0.8  -0.05326742629302833 
0.9  0.09087468282176187 
1.0  0.0005696737026516304 
1.1  0.06794658449244108 
1.2  0.04405113384257221 
1.3  -0.002827062186083998 
1.4  -0.00985832551819485 
1.5  0.0078003293572163 
1.6  0.04015525773738862 
1.7  0.030621976404965345 
1.8  0.020167317429370113 
1.9  0.023962322549339866 
2.0  0.024047891857728064 
2.1  0.02575673072716241 
2.2  0.025414049308988437 
2.3  0.02672141281286024 
2.4  0.03359592588479722 
2.5  0.03039936661066291 
2.6  0.03301108516906446 
2.7  0.0334731306795456 
2.8  0.03320464867046077 
2.9  0.03816562860019469 
3.0  0.03727557402754903 
3.1  0.0366240540715882 
3.2  0.035593004606271024 
3.3  0.035427727316630214 
3.4  0.032541736592024445 
3.5  0.03298453775339818 
3.6  0.03393956953404449 
3.7  0.03387336784478595 
3.8  0.033770833880279356 
3.9  0.033728259576245 
4.0  0.03369583490855293 
4.1  0.03369240542563025 
4.2  0.034148659759445664 
4.3  0.034312723122333626 
4.4  0.03483472553652644 
4.5  0.03490820360004549 
4.6  0.03524333661269919 
4.7  0.03528046214682542 
4.8  0.035169163390806314 
4.9  0.03512683414901429 
5.0  0.035221746475098153 
