#mmax= 10
#m-states: all states (FBR)
#Nr. of sites: 28

0.0  -0.0  0.0
0.1  -0.0  6.617912271278191e-19
0.2  -0.0  3.4109322540791536e-19
0.3  1.0000050000176802e-5  1.000010000083771e-5
0.4  0.0001700088320009254  4.123340472368675e-5
0.41  0.00020001930833958396  4.4725900717941756e-5
0.42  0.0002800385959453219  5.292258494045023e-5
0.43  0.0003200497469858051  5.6577619697016755e-5
0.44  0.0004100379140989348  6.403749477066188e-5
0.45  0.0006199820832840046  7.873834354966302e-5
0.46  0.0007801879794183644  8.83393613462768e-5
0.47  0.0011005475805615967  0.00010493362430172752
0.48  0.0012505631293783558  0.00011185436864432301
0.49  0.0015402076114173482  0.0001241160686299563
0.5  0.0020616355384786727  0.00014364173661944525
0.51  0.0024199183466766475  0.00015557548622420684
0.52  0.0030725648367234226  0.00017536452182112625
0.53  0.003754449656812771  0.00019388219128837632
0.54  0.003984519908195737  0.00019972958928541593
0.55  0.004565989400705324  0.00021374245595709248
0.56  0.005652334350519257  0.00023791152550896384
0.57  0.006306276890238896  0.00025128788783691444
0.58  0.00678345890562324  0.0002607188411194711
0.59  0.007007084136377513  0.00026503569246282775
0.6  0.007472307881372816  0.0002736182456912395
0.7  0.015029060005678904  0.00038877027797497396
0.8  0.021341999752238897  0.0004638240238462165
0.9  0.027261433954911082  0.0005255732359008483
1.0  0.03441741669995819  0.0005896858121428577
1.1  0.0405911049181967  0.0006436188268688928
1.2  0.045864256254312896  0.0006819067764324325
1.3  0.053048316224791024  0.0007419196925252349
1.4  0.0580492440683629  0.0007848815285110399
1.5  0.06264766384048966  0.0008078666381930044
1.6  0.0689834223816677  0.0008524371324179796
1.7  0.07306404514262782  0.0008777612687708187
1.8  0.07894468052732781  0.0009223363621153557
1.9  0.08422498164647925  0.0009437313765009965
2.0  0.08673334574329886  0.0009533788817385018
2.1  0.08974133673865328  0.00097972908902733
2.2  0.09517024034883152  0.0010141396484324575
2.3  0.1011860756339894  0.0010451663384598324
2.4  0.10779273218714083  0.001083818972858494
2.5  0.10851416655416779  0.0010941918912927696
2.6  0.11298686464063347  0.0011101973868885904
2.7  0.11798105397949145  0.0011360452606392509
2.8  0.11829064486631966  0.0011523950433075466
2.9  0.12244261859803666  0.0011616416305301567
3.0  0.12750814935480276  0.0011767315744195086
3.1  0.12708628712681883  0.0011914143203015826
3.2  0.13192636270808483  0.0012191711821530151
3.3  0.13676876136007096  0.0012356763237882874
3.4  0.13429483132553321  0.001223887445959525
3.5  0.13746646231228632  0.001258954910412182
3.6  0.1418900284155904  0.0012808249826184099
3.7  0.14402581578139578  0.0012887003834309676
3.8  0.14697610330782654  0.0013195242830386289
3.9  0.1461859787964097  0.0013180317895698627
4.0  0.15310208452230778  0.0013278438475183066
4.1  0.15408236428774785  0.0013713389808416015
4.2  0.15393572270513894  0.0013573884357770795
4.3  0.15780922732731553  0.0013752908883152093
4.4  0.15848659581244595  0.0014026080063855107
4.5  0.16059242804431015  0.0013901512483677834
4.6  0.16280807051649865  0.0014139374782230158
4.7  0.16267631316967415  0.001415760000862155
4.8  0.16758309013507258  0.0014370788713800097
4.9  0.17050174086447983  0.0014754938189953742
5.0  0.16880197962874338  0.0014548960854889154
