#mmax= 10
#m-states: all states (FBR)
#Nr. of sites: 28

0.0  1.0  0.0
0.1  1.0  6.617912271278191e-19
0.2  1.0  3.4109322540791536e-19
0.3  0.9999900000000002  9.999999999837703e-6
0.4  0.9998300056186816  4.12263952765611e-5
0.41  0.9998000006941886  4.471695556884638e-5
0.42  0.9997200006112024  5.290776664901331e-5
0.43  0.999680001463471  5.655951494151342e-5
0.44  0.9995900461399577  6.401124235249321e-5
0.45  0.9993802100658961  7.868954231690292e-5
0.46  0.9992201162880895  8.827046691724226e-5
0.47  0.9989000577998233  0.00010481820338014057
0.48  0.9987502184988328  0.0001117145751235666
0.49  0.9984609778996033  0.00012392505125732045
0.5  0.9979404881723781  0.00014334590476393737
0.51  0.9975830072953116  0.00015519946140897458
0.52  0.9969321506598219  0.00017482652988856667
0.53  0.9962525894771864  0.00019315563512455611
0.54  0.9960234077584432  0.00019893534615025423
0.55  0.9954444188815038  0.00021276873486051335
0.56  0.9943636100361395  0.00023657056337429838
0.57  0.9937135659404965  0.00024970818310007575
0.58  0.993239496816012  0.00025895625056395724
0.59  0.9930174082375726  0.00026318505641988757
0.6  0.9925555404043386  0.0002715813057165553
0.7  0.985083312660455  0.0003829711132915133
0.8  0.9788841291862619  0.0004540299756783716
0.9  0.9731068051060167  0.0005114388924367053
1.0  0.9661681257441674  0.000569735635895992
1.1  0.9602216796087496  0.0006180167509638613
1.2  0.9551716119633246  0.0006513379948536809
1.3  0.9483341914473864  0.0007035878117298121
1.4  0.9436034794184228  0.0007406169412342673
1.5  0.9392743557140781  0.0007588084160916324
1.6  0.9333421525399316  0.0007956155080759638
1.7  0.9295412955145153  0.0008159153469256914
1.8  0.9240910432603551  0.0008523227711041396
1.9  0.9192244242048659  0.000867500931168194
2.0  0.9169215640755501  0.0008741736554002661
2.1  0.9141676162689452  0.0008956366059054594
2.2  0.9092181356795234  0.0009220741604664464
2.3  0.903764848621668  0.0009445845976626134
2.4  0.8978136650214579  0.0009730674842418764
2.5  0.8971661849735869  0.000981671964740168
2.6  0.893162392047956  0.0009915865537188035
2.7  0.8887128900277566  0.0010096180667850446
2.8  0.88843779520162  0.0010238313114774322
2.9  0.8847566720651648  0.0010277701831602132
3.0  0.8802862420400759  0.001035860615535651
3.1  0.8806576798976989  0.0010492281711136856
3.2  0.8764055288330614  0.001068488364632842
3.3  0.8721718826557504  0.0010777221456715672
3.4  0.8743322460636473  0.0010700842595548923
3.5  0.871563579734166  0.0010972592484427474
3.6  0.8677166754167466  0.0011113931957083588
3.7  0.8658653947789228  0.001115841066251204
3.8  0.8633146075332477  0.001139164588542084
3.9  0.8639970031189619  0.0011387755162038835
4.0  0.8580421245199045  0.0011393459559552919
4.1  0.8572014153197743  0.0011755137152605977
4.2  0.857327125908906  0.0011637259263867492
4.3  0.8540126887120423  0.001174515869291245
4.4  0.853434403309072  0.0011970339270061454
4.5  0.8516391045971907  0.001183907164414606
4.6  0.8497542656617353  0.0012014994034990046
4.7  0.849866234405422  0.0012032066207545366
4.8  0.8457063445149999  0.0012153467190945298
4.9  0.8432416216579486  0.001244197800675939
5.0  0.8446761499111753  0.0012289160240116174
