#mmax= 10
#m-states: all states (FBR)
#Nr. of sites: 28
 
0.0  2.517494026539069e-30 
0.1  1.3626303004186324 
0.2  2.807178667560699 
0.3  4.45180389006774 
0.4  6.538008198153001 
0.41  6.790508548023836 
0.42  7.0548105602032285 
0.43  7.332784188634928 
0.44  7.626042565308166 
0.45  7.936960035279028 
0.46  8.267135575539095 
0.47  8.618739783182944 
0.48  8.9914607013912 
0.49  9.381680476401257 
0.5  9.781159357370813 
0.51  10.178038760099357 
0.52  10.558560683817841 
0.53  10.913569284741138 
0.54  11.237558114867108 
0.55  11.531320955083695 
0.56  11.800208590131144 
0.57  12.045798075524848 
0.58  12.272536129486555 
0.59  12.483856694474165 
0.6  12.681259119739147 
0.7  14.189657720302023 
0.8  15.222913137806023 
0.9  16.005075474395095 
1.0  16.631438120279633 
1.1  17.151682343311773 
1.2  17.59491632527748 
1.3  17.979753008834646 
1.4  18.31869458582162 
1.5  18.62070782421464 
1.6  18.892352515774647 
1.7  19.138521216801138 
1.8  19.36312709211697 
1.9  19.569158965233843 
2.0  19.759181335478285 
2.1  19.935258012611097 
2.2  20.098860452982336 
2.3  20.251580357627205 
2.4  20.394452389372645 
2.5  20.528585577792082 
2.6  20.654843615057597 
2.7  20.773934589717438 
2.8  20.886537325255723 
2.9  20.99321759349733 
3.0  21.094487554751666 
3.1  21.190769647478263 
3.2  21.282436881147465 
3.3  21.36993707801594 
3.4  21.4535675151017 
3.5  21.5335254732591 
3.6  21.610107559887144 
3.7  21.683562395690096 
3.8  21.754080960843748 
3.9  21.821858289859247 
4.0  21.88702405786659 
4.1  21.949824832729682 
4.2  22.010413063923085 
4.3  22.068783010437492 
4.4  22.12518927643506 
4.5  22.179697192793924 
4.6  22.2324132105283 
4.7  22.283430313507985 
4.8  22.332848730526525 
4.9  22.380737447830885 
5.0  22.42717875904027 
