#mmax= 10
#m-states: all states (FBR)
#Nr. of sites: 28
 
0.0  0.0 
0.1  -0.6667435289399317 
0.2  -1.2821385596066381 
0.3  -1.784612708682666 
0.4  -2.081301686732678 
0.41  -2.093676474303385 
0.42  -2.1018862986451454 
0.43  -2.1054578893261646 
0.44  -2.1039822442979914 
0.45  -2.0968825843448564 
0.46  -2.083666578792945 
0.47  -2.0637409023940725 
0.48  -2.0369138978444137 
0.49  -2.003631755095512 
0.5  -1.9652876091398597 
0.51  -1.9241436622743728 
0.52  -1.883020388017311 
0.53  -1.8440620341400038 
0.54  -1.808760585289742 
0.55  -1.7773665420533935 
0.56  -1.749136536950179 
0.57  -1.7240098240432749 
0.58  -1.701281578462861 
0.59  -1.680417820157643 
0.6  -1.6612294048367076 
0.7  -1.5179330573762073 
0.8  -1.418856112314308 
0.9  -1.3418121069713975 
1.0  -1.2783922485056345 
1.1  -1.2244152041136942 
1.2  -1.1774576017020957 
1.3  -1.1359435352269498 
1.4  -1.0988216406739648 
1.5  -1.0652916384504976 
1.6  -1.0347820410302053 
1.7  -1.0068617940283326 
1.8  -0.9811571026381053 
1.9  -0.957410650109339 
2.0  -0.9353316947127753 
2.1  -0.9147126234422364 
2.2  -0.8954790445747594 
2.3  -0.8773985827793741 
2.4  -0.8604274856497259 
2.5  -0.8444073401390854 
2.6  -0.8292579163769361 
2.7  -0.8149182055295411 
2.8  -0.8013114178808814 
2.9  -0.7883745549151174 
3.0  -0.7760525009427227 
3.1  -0.7643063105349899 
3.2  -0.7531057861416149 
3.3  -0.742362968345694 
3.4  -0.7320600851813416 
3.5  -0.7221995495851439 
3.6  -0.7127371758928459 
3.7  -0.703637939821968 
3.8  -0.6948868167068202 
3.9  -0.6864591716972279 
4.0  -0.6783682541768243 
4.1  -0.6705329476107696 
4.2  -0.6629311252785396 
4.3  -0.6556435585940306 
4.4  -0.6485669345870423 
4.5  -0.6417185018006579 
4.6  -0.635086628484234 
4.7  -0.6286603424064828 
4.8  -0.6224251455276023 
4.9  -0.616379387798343 
5.0  -0.6105041806238215 
