#mmax= 10
#m-states: all states (FBR)
#Nr. of sites: 46
 
0.0  22.999999999999993 0.010869565217390909 
0.1  20.84255971623587 0.008852618727290928 
0.2  18.896541426014387 0.007076419262530442 
0.3  17.15641189244916 0.00556749764398079 
0.4  15.61587811384738 0.004430988157818616 
0.41  15.470567498060106 0.00434557912482858 
0.42  15.325997268468535 0.0042662923248422135 
0.43  15.182367461015286 0.004191351343864391 
0.44  15.039342304929677 0.004128997461039896 
0.45  14.896502969100784 0.004077773723615508 
0.46  14.753340160561574 0.004037403205228607 
0.47  14.609180887696512 0.004010148725058227 
0.48  14.463818218096101 0.003997946592912971 
0.49  14.318098831028289 0.004005320682793245 
0.5  14.175747539706814 0.004027727381800794 
0.51  14.040570195096105 0.004052437159195232 
0.52  13.914197399433034 0.004072351350442149 
0.53  13.795856926258312 0.004085381441651936 
0.54  13.683912055261866 0.004092227170448548 
0.55  13.577309991590774 0.0040953030011120495 
0.56  13.475196241647534 0.00409560037887291 
0.57  13.376855715333512 0.004094216893438141 
0.58  13.282113162242949 0.004091128227148633 
0.59  13.190515020405796 0.004087055901135672 
0.6  13.101693889722762 0.004082370902886545 
0.7  12.334694123997874 0.00401306936542678 
0.8  11.719006112026756 0.003928044496776195 
0.9  11.202725964428303 0.003844515560429307 
1.0  10.758100344929177 0.003765862207452897 
1.1  10.368173083996643 0.0036917836422141193 
1.2  10.021511324844097 0.003618260000968765 
1.3  9.710143903272323 0.003548740707058129 
1.4  9.42810790059783 0.0034832414411195556 
1.5  9.170882016338744 0.0034220484180428334 
1.6  8.934819729986128 0.0033636787084107 
1.7  8.71710935197675 0.0033085997791533206 
1.8  8.51539424976929 0.0032564203272713588 
1.9  8.32778429763961 0.003207482692908381 
2.0  8.152611134042182 0.003160646669335909 
2.1  7.9885764753097845 0.003116063401665481 
2.2  7.834503782915965 0.0030735439362928885 
2.3  7.689403973608637 0.003032934116736108 
2.4  7.55243166158745 0.0029941176479092446 
2.5  7.4228293561428265 0.0029570391849226274 
2.6  7.2999479632574245 0.0029214667239038095 
2.7  7.18322583958354 0.0028871766547204913 
2.8  7.072146890066472 0.0028541977511873373 
2.9  6.966266468424109 0.0028224416950686226 
3.0  6.865188035221932 0.0027918438303281556 
3.1  6.76855225186077 0.0027623241344120197 
3.2  6.676075831004803 0.0027337089547733173 
3.3  6.587368837554385 0.002706435879840874 
3.4  6.502246346982938 0.0026794715695201976 
3.5  6.420492321992241 0.002653434919060782 
3.6  6.341835149998792 0.002628438583317072 
3.7  6.266092472573183 0.00260417797702861 
3.8  6.193109027522168 0.0025809401528474885 
3.9  6.122700723154089 0.002558127969728985 
4.0  6.054720153801495 0.0025357127355104536 
4.1  5.989027178346827 0.0025146372502656833 
4.2  5.9254987541140185 0.0024937453548079525 
4.3  5.864017797146063 0.0024732248863321704 
4.4  5.804474461865514 0.002453362882940735 
4.5  5.746766499880455 0.0024340025977457325 
4.6  5.6908019074503 0.0024151431249579414 
4.7  5.636494961879823 0.0023967482315007116 
4.8  5.583760425652376 0.0023785669139732013 
4.9  5.532522501168293 0.0023608117707221155 
5.0  5.482716601773428 0.002344416592496401 
