#mmax= 10
#m-states: all states (FBR)
#Nr. of sites: 46
 
0.0  23.000000000000053 0.010869565217395682 
0.1  28.41218328972082 0.016025112971285727 
0.2  36.90591889551192 0.024659299144335622 
0.3  52.77701783389711 0.04257918380403869 
0.4  96.89530844305669 0.10312408232570003 
0.41  106.38141853487903 0.11762438035027423 
0.42  118.15691683362513 0.13626884748302925 
0.43  132.89338417261894 0.1597965038588487 
0.44  152.16643636240306 0.19078930124813764 
0.45  177.99039387006204 0.23143518770940819 
0.46  213.53304814386738 0.2839438862091389 
0.47  263.4662148771885 0.3490806389464336 
0.48  331.68483850469477 0.42173016259937945 
0.49  418.0179752651839 0.4919734689156158 
0.5  511.63422523450953 0.5478495533929872 
0.51  597.2774530991223 0.5852486766700093 
0.52  667.2774057115855 0.6079984182607622 
0.53  722.5972491022267 0.6216577793072249 
0.54  767.3560453673031 0.6302866422897608 
0.55  804.7784817802942 0.6360914215976196 
0.56  836.9457704093801 0.6402217184471167 
0.57  865.5043061239045 0.6433604290734485 
0.58  890.9098125189693 0.6457781862597697 
0.59  913.9453167293093 0.6477211321720218 
0.6  935.1282378811048 0.6493309849013823 
0.7  1083.4176155683365 0.6570697402507212 
0.8  1175.4843634858748 0.6598865821161382 
0.9  1242.0726710760525 0.6613652912944494 
1.0  1294.1358298880702 0.6622898977130312 
1.1  1336.7642538756236 0.6629290651938715 
1.2  1372.7581203377135 0.6634005146407038 
1.3  1403.8167401115288 0.6637643587925781 
1.4  1431.0561122565837 0.6640545886867677 
1.5  1455.244039492964 0.6642919183503294 
1.6  1476.9450730980052 0.6644899138390519 
1.7  1496.572817550235 0.6646577208317461 
1.8  1514.4575806677617 0.664801887778667 
1.9  1530.838270661208 0.6649269982900861 
2.0  1545.936558469554 0.665036776136299 
2.1  1559.899418748218 0.6651337297079952 
2.2  1572.8743028435877 0.6652200727615074 
2.3  1584.9724654297738 0.6652974360360389 
2.4  1596.2875621523299 0.6653671267352134 
2.5  1606.9037343809366 0.6654302463891184 
2.6  1616.8915881963921 0.665487683122401 
2.7  1626.3079622237528 0.6655401370811573 
2.8  1635.2081336171823 0.6655882433692384 
2.9  1643.6373566452821 0.6656325132579753 
3.0  1651.635975502615 0.6656733839463406 
3.1  1659.2391438931477 0.6657112277701516 
3.2  1666.4743034454764 0.6657463395617782 
3.3  1673.3801796599967 0.6657790619594046 
3.4  1679.9797966325605 0.6658096172739157 
3.5  1686.2830512784974 0.6658381349701706 
3.6  1692.3232877985108 0.6658648875105455 
3.7  1698.115772180665 0.665890014786129 
3.8  1703.6757769647281 0.6659136512124575 
3.9  1709.0194398730655 0.6659359296132921 
4.0  1714.159028452034 0.6659569537762253 
4.1  1719.109087453321 0.6659768378395967 
4.2  1723.8800573473936 0.6659956644054301 
4.3  1728.482607893194 0.6660135147798419 
4.4  1732.9256854354926 0.666030458814417 
4.5  1737.2198322939657 0.6660465715060924 
4.6  1741.3719875686536 0.6660619052260033 
4.7  1745.39009977765 0.6660765159653911 
4.8  1749.2817876322365 0.6660904555942917 
4.9  1753.0529500797807 0.6661037658559119 
5.0  1756.7093775187373 0.6661164882010766 
