#mmax= 10
#m-states: all states (FBR)
#Nr. of sites: 46
 
0.0  -3.947392617385113e-30 
0.1  0.025785978732209947 
0.2  0.05659625753984943 
0.3  0.0992747919495145 
0.4  0.16693335130628198 
0.41  0.1761233757680893 
0.42  0.18598923415829038 
0.43  0.1966143264020139 
0.44  0.2081383051305266 
0.45  0.22072674199229397 
0.46  0.23460740007429973 
0.47  0.2500521192026435 
0.48  0.2672046419858557 
0.49  0.28577969973106404 
0.5  0.3045562669247866 
0.51  0.32199654095607366 
0.52  0.3373616278816056 
0.53  0.3507764572810326 
0.54  0.3626898411587497 
0.55  0.3734642113415702 
0.56  0.3833406046892629 
0.57  0.3925311757631752 
0.58  0.4010888136154138 
0.59  0.4091264873537118 
0.6  0.41672717811831644 
0.7  0.4756500344362587 
0.8  0.5165096671370917 
0.9  0.5476610981570187 
1.0  0.5727509457951432 
1.1  0.5936829494011133 
1.2  0.6115832543800228 
1.3  0.6271709812112087 
1.4  0.6409354878055189 
1.5  0.6532236898613143 
1.6  0.6642943734827803 
1.7  0.6743422120874256 
1.8  0.6835233450273476 
1.9  0.6919533823672464 
2.0  0.6997384698367202 
2.1  0.7069515474084475 
2.2  0.7136645423514538 
2.3  0.719932518093529 
2.4  0.7258021627327318 
2.5  0.731315143096832 
2.6  0.7365068049158927 
2.7  0.7414060998085797 
2.8  0.7460405176419267 
2.9  0.7504329936804119 
3.0  0.7546040109257286 
3.1  0.7585713773794355 
3.2  0.7623497486386316 
3.3  0.7659568495872711 
3.4  0.7694060863091554 
3.5  0.7727027090977013 
3.6  0.7758627672949533 
3.7  0.7788943393962995 
3.8  0.7818056630945833 
3.9  0.784604727053823 
4.0  0.7872978546049871 
4.1  0.7898923823118267 
4.2  0.79239395686954 
4.3  0.7948080356299099 
4.4  0.7971391489212389 
4.5  0.7993927207674119 
4.6  0.8015723770148266 
4.7  0.8036822576128971 
4.8  0.8057262464895232 
4.9  0.8077073610830166 
5.0  0.8096285964064949 
