#mmax= 10
#m-states: all states (FBR)
#Nr. of sites: 46
 
0.0 1.5513785510822243e-27
0.1 -0.2819753049852807
0.2 -1.137197600689947
0.3 -2.598590817085988
0.4 -4.744949634321898
0.41 -5.003210901141166
0.42 -5.270481462137937
0.43 -5.547163567716282
0.44 -5.833739561195486
0.45 -6.1307881723621875
0.46 -6.439011211862653
0.47 -6.759279304135163
0.48 -7.092607158983675
0.49 -7.4399711280978895
0.5 -7.801817802587577
0.51 -8.177590825670046
0.52 -8.565923907302988
0.53 -8.965297745265417
0.54 -9.374442169153781
0.55 -9.792380730725503
0.56 -10.21835997000249
0.57 -10.651777597930987
0.58 -11.092129969071408
0.59 -11.538986974921901
0.6 -11.991972602788415
0.7 -16.799471942062162
0.8 -21.989960732191754
0.9 -27.458707956704373
1.0 -33.14488114849928
1.1 -39.00870265110086
1.2 -45.022124894548014
1.3 -51.164292752765824
1.4 -57.41908443579629
1.5 -63.773662736813336
1.6 -70.21757323900779
1.7 -76.74212652470308
1.8 -83.34000833320712
1.9 -90.0049688679167
2.0 -96.7316200335778
2.1 -103.51527006495965
2.2 -110.35180212313544
2.3 -117.23757802124737
2.4 -124.16936240869455
2.5 -131.14425994977634
2.6 -138.1596733948754
2.7 -145.21325971450395
2.8 -152.30288740535326
2.9 -159.42662088609075
3.0 -166.58269168746776
3.1 -173.76947984561895
3.2 -180.98549320702034
3.3 -188.2293657312091
3.4 -195.4998287720947
3.5 -202.795706855289
3.6 -210.1159103973657
3.7 -217.4594250543172
3.8 -224.8253053028546
3.9 -232.21266807251652
4.0 -239.62068708118937
4.1 -247.04858770198226
4.2 -254.4956426251087
4.3 -261.96116725106003
4.4 -269.44451756892033
4.5 -276.9450860998359
4.6 -284.4622987970387
4.7 -291.9956133243708
4.8 -299.54451580305033
4.9 -307.1085193403756
5.0 -314.68716142413626
