#mmax= 10
#m-states: all states (FBR)
#Nr. of sites: 46
 
0.0  0.0 
0.1  0.022975261137386828 
0.2  0.07702392770770637 
0.3  0.16005447689377805 
0.4  0.2919706463317732 
0.41  0.31099515543553696 
0.42  0.33222697058753303 
0.43  0.356250692901439 
0.44  0.3843369901319864 
0.45  0.4182392481381972 
0.46  0.46077358471451824 
0.47  0.5159714185786459 
0.48  0.5852352623371133 
0.49  0.6620813208343715 
0.5  0.7274523824632102 
0.51  0.7665437554376475 
0.52  0.7819659936013368 
0.53  0.7842224566329368 
0.54  0.7812669721073081 
0.55  0.7768204035444793 
0.56  0.7723373873121872 
0.57  0.768254026321437 
0.58  0.7647000104489999 
0.59  0.7616161480948127 
0.6  0.7589223377792113 
0.7  0.7442248981618079 
0.8  0.7384295221088731 
0.9  0.735471552671871 
1.0  0.7336354133336173 
1.1  0.7323305123891385 
1.2  0.7314457692775672 
1.3  0.7307847795399762 
1.4  0.7302116573686821 
1.5  0.7297294638673696 
1.6  0.7293350355727796 
1.7  0.7289848995958762 
1.8  0.728699181403541 
1.9  0.7284504359810616 
2.0  0.7282147421795492 
2.1  0.7280093009917168 
2.2  0.7278262811657508 
2.3  0.7276536396763629 
2.4  0.727503776610397 
2.5  0.7273676544847449 
2.6  0.7272394770858448 
2.7  0.7271217353338377 
2.8  0.7270131826310331 
2.9  0.7269122105028825 
3.0  0.7268151014422465 
3.1  0.7267257257782734 
3.2  0.7266390619958221 
3.3  0.7265577276678945 
3.4  0.7264817771375452 
3.5  0.7264096832254229 
3.6  0.7263416740995311 
3.7  0.7262767402903448 
3.8  0.7262149187473597 
3.9  0.7261560716458777 
4.0  0.7261003861067908 
4.1  0.7260469775146647 
4.2  0.7259959702222071 
4.3  0.7259471215009549 
4.4  0.7259004285379442 
4.5  0.7258555190587815 
4.6  0.7258124922920004 
4.7  0.7257710432043424 
4.8  0.7257312490161586 
4.9  0.7256929876691639 
5.0  0.7256560774863118 
