#mmax= 10
#m-states: all states (FBR)
#Nr. of sites: 46
 
0.0  -0.0 
0.1  0.006345539174850215 
0.2  0.026700722334086033 
0.3  0.06679065270801872 
0.4  0.1497157674397931 
0.41  0.16354415569947872 
0.42  0.17948433447656284 
0.43  0.19816953965062467 
0.44  0.22078449353125565 
0.45  0.2491624070795488 
0.46  0.2864864517158236 
0.47  0.33807881191008304 
0.48  0.4096296407824221 
0.49  0.5012213700210667 
0.5  0.5944134118020122 
0.51  0.6628476695081118 
0.52  0.699310210274222 
0.53  0.7142120094964505 
0.54  0.7188906498284146 
0.55  0.7194699975225222 
0.56  0.7186299600967795 
0.57  0.7174223251796539 
0.58  0.7162108812444127 
0.59  0.7151120198649534 
0.6  0.7141420555043002 
0.7  0.7089488797202353 
0.8  0.7071022828754848 
0.9  0.70628390294085 
1.0  0.7057320483401941 
1.1  0.7052350235949796 
1.2  0.7050086777825905 
1.3  0.704874679210414 
1.4  0.7046800332759839 
1.5  0.7045018861031785 
1.6  0.7043740665041559 
1.7  0.7042430477127517 
1.8  0.7041657873661332 
1.9  0.7041033732904289 
2.0  0.7040205821485903 
2.1  0.7039572725000498 
2.2  0.7039058638165869 
2.3  0.7038464001057091 
2.4  0.7038080560880958 
2.5  0.703775697087269 
2.6  0.7037416950386344 
2.7  0.703711086794791 
2.8  0.7036841588179183 
2.9  0.7036594923966335 
3.0  0.7036307312743265 
3.1  0.7036070733265053 
3.2  0.7035802262979745 
3.3  0.7035542827242873 
3.4  0.7035324063119377 
3.5  0.7035103766637316 
3.6  0.7034902024465873 
3.7  0.7034701143613526 
3.8  0.7034509832452793 
3.9  0.7034328796123422 
4.0  0.7034160035502172 
4.1  0.7033996672211942 
4.2  0.7033840907560165 
4.3  0.7033691163546266 
4.4  0.7033549801187026 
4.5  0.7033411099780223 
4.6  0.7033279984475055 
4.7  0.7033152059911097 
4.8  0.7033030724391627 
4.9  0.7032913674736128 
5.0  0.703280047428286 
