0.0  -0.0  0.0
0.1  0.006379162536907609  0.00025295429070393044
0.2  0.02718678662903396  0.0005248950078492196
0.3  0.06623947428843552  0.0008330840925935513
0.4  0.1511107768057279  0.001286836435990193
0.41  0.1623648807898136  0.0013392995965128057
0.42  0.1776970925568023  0.0014015981832513308
0.43  0.19854554592109486  0.001489853182929381
0.44  0.2188195655303428  0.0015806774050981967
0.45  0.24743561196171862  0.0016891119254602836
0.46  0.2891010629825457  0.001853441952403241
0.47  0.3378446004721101  0.0020336346321608344
0.48  0.4122264219656604  0.00230520019998683
0.49  0.5049912926483151  0.0026267692893312583
0.5  0.5936678549327108  0.0029481236431463534
0.51  0.6582036970064764  0.003157394803673547
0.52  0.7013687387070062  0.0032828357290123865
0.53  0.7186613547902451  0.0033509640404119734
0.54  0.7162469561814495  0.003327192594948752
0.55  0.723987755219356  0.003339322894685539
0.56  0.7268131164953782  0.0033467833568147087
0.57  0.7159493744998926  0.003305359615439699
0.58  0.717386492775893  0.0033216568020836236
0.59  0.713974732639123  0.00329960790023659
0.6  0.7086008004027561  0.003278401346459086
0.7  0.7068174249347049  0.003256126197769978
0.8  0.7079509095046788  0.0032493031256861263
0.9  0.7124144286628601  0.003264741802282575
1.0  0.708994978629984  0.0032489278209944785
1.1  0.7054267102672825  0.003238963115339948
1.2  0.7090176512490589  0.0032538377305209015
1.3  0.7085194614813305  0.0032482493081282806
1.4  0.7091952679373138  0.003246524120935411
1.5  0.7074958043802398  0.0032377008283241654
1.6  0.7083416809226405  0.0032441099460656536
1.7  0.6992984194496704  0.00321698125886268
1.8  0.7049614121618369  0.00323493905726042
1.9  0.7012850491920108  0.0032202466843361034
2.0  0.702870769489796  0.0032300399553152445
2.1  0.7033497998099741  0.0032293626129832028
2.2  0.702660295781654  0.003224456827356376
2.3  0.7080293073149652  0.003244382032186416
2.4  0.7027198982000452  0.0032255763375513553
2.5  0.702703108658327  0.0032322847294037607
2.6  0.7101221515687374  0.0032483105618797653
2.7  0.7070836330992797  0.0032389310467745023
2.8  0.7023868170344287  0.0032245303134540077
2.9  0.7011152336634415  0.0032248569014002946
3.0  0.7070435285700547  0.0032414949490392046
3.1  0.6955881183349024  0.003206898825810796
3.2  0.7047679634030424  0.003232119939852351
3.3  0.7061324035312596  0.0032345798355105345
3.4  0.7014627313592355  0.003222494270987256
3.5  0.7033126933135792  0.003227899830428221
3.6  0.6945451650657507  0.0032015503503679773
3.7  0.6995886279969371  0.003211092284849568
3.8  0.7054037210791941  0.003230024350803296
3.9  0.7040064183051792  0.003231201606908246
4.0  0.7037919343177286  0.0032273591575300814
4.1  0.7030493985876979  0.0032265343649970023
4.2  0.7059348867476867  0.003232979596933404
4.3  0.7017633962351426  0.003223045302760344
4.4  0.7057738879926378  0.00323312403479147
4.5  0.7029028756300939  0.0032245124844175687
4.6  0.7015347781446188  0.003226218412803399
4.7  0.6979762256312648  0.0032097634290042597
4.8  0.706957335410421  0.003239081226651271
4.9  0.7058079059658606  0.003233268546210332
5.0  0.700193215306226  0.0032197914200827013
0.0  -0.0  0.0
0.1  0.00602584179282777  0.000245805444347578
0.2  0.027485754118511237  0.000533397699260531
0.3  0.06506249048756062  0.0008203392644914573
0.4  0.15098622971248146  0.0012828975518055748
0.41  0.1643276400292166  0.0013505188026612428
0.42  0.18076174789480506  0.0014175795178260856
0.43  0.19826916962294006  0.001488967888926925
0.44  0.21901710089987417  0.0015802304511385225
0.45  0.24880331998179042  0.001693766753065545
0.46  0.28764819149875476  0.0018476670511601608
0.47  0.3417176540558144  0.002045703828079457
0.48  0.408449583759934  0.002291584936294751
0.49  0.4964304305903716  0.002620386932555506
0.5  0.593185494962837  0.002941584340839211
0.51  0.6587482808617853  0.003160717226929962
0.52  0.7034019293619782  0.0033034299268591013
0.53  0.7162506950892185  0.003337111278745217
0.54  0.7218351193295209  0.003342745216370189
0.55  0.7276110409292975  0.003358846927659983
0.56  0.7239163429256217  0.003343664225909318
0.57  0.7160901073888608  0.0033151515357127417
0.58  0.717980196338783  0.0033077135037607964
0.59  0.7147605602979116  0.0032982318627112297
0.6  0.7144525399107023  0.003300312071530444
0.7  0.7100958437885291  0.0032672195610357426
0.8  0.7101003512812332  0.003264125831449804
0.9  0.7045891281048564  0.0032432407585817305
1.0  0.7081154583595284  0.0032515399627005832
1.1  0.7083501113899682  0.003246142761049348
1.2  0.7031986012546649  0.0032283461195241813
1.3  0.7035173101383853  0.0032311275186510794
1.4  0.7032511113905962  0.0032323008670578027
1.5  0.7005536894273212  0.00321958861509388
1.6  0.7061644491665323  0.0032386251479667007
1.7  0.6991940723872938  0.0032174101136755082
1.8  0.6985219335451895  0.003218828578869819
1.9  0.6979455920429946  0.0032109442386292235
2.0  0.7070646470932562  0.003242530425820273
2.1  0.7030121066494043  0.0032310981708563377
2.2  0.7016840599713479  0.0032224990900340308
2.3  0.7072390116700736  0.0032394543942192333
2.4  0.6981485336566258  0.00321025473740938
2.5  0.7041527495299482  0.0032368956715663456
2.6  0.7009862599964912  0.0032228291411229154
2.7  0.7063427027424464  0.003236137167257684
2.8  0.7021854916016238  0.0032203718764239795
2.9  0.7094332565632404  0.0032464572566229854
3.0  0.7020920893220273  0.0032217613967855203
3.1  0.7092335126011776  0.00324467359264273
3.2  0.7043965958567142  0.003234873802056273
3.3  0.7079249528739798  0.0032444389566454465
3.4  0.7028494634925687  0.003229006145111295
3.5  0.7043454624367388  0.003231294830649062
3.6  0.7010855165611848  0.0032220390752441736
3.7  0.7068649439931011  0.0032359802748827666
3.8  0.7032447946333469  0.0032270574094623904
3.9  0.698539590053313  0.003212777180154267
4.0  0.7044390211125334  0.0032284852070430265
4.1  0.7044659420008677  0.0032362975844521646
4.2  0.7064561140424621  0.003238333319058328
4.3  0.7011533519238652  0.003220307173445663
4.4  0.7083231279278962  0.0032391749708273834
4.5  0.7029633830951545  0.003227449098730967
4.6  0.7041103637270507  0.0032252331016180183
4.7  0.710265958161578  0.0032482007827449337
4.8  0.7012676094581451  0.003219726252822135
4.9  0.6985549292870656  0.0032076149123634536
5.0  0.7062899931563601  0.0032372052739293895
