#mmax= 10
#m-states: all states (FBR)
#Nr. of sites: 46

0.0  0.0 0.0 0.0 NaN NaN 0.0 
0.1  -0.00012 0.002235721324427175 0.4998449840498401 0.030391732569841037 7.577029272633602 0.0 
0.2  -0.00234 0.0044815785265306775 2.0084546089460877 -0.03138796843104575 1.7644240588092535 0.0 
0.3  0.00042 0.0067269644533405675 4.525205075650756 -0.02096191211528076 0.7030536552205935 0.0 
0.4  0.00246 0.009167310395083108 8.403957987979881 -0.0023979866051422214 0.3305660250354068 0.0 
0.41  0.00156 0.009405490965207661 8.846326029660295 -0.005495808403689385 0.2974412180826138 0.0 
0.42  0.01562 0.009697695633964085 9.404530060900608 -0.001996365069910381 0.36524934155323097 0.0 
0.43  -0.0035 0.00996861430855424 9.937327123271231 -0.000854865039089059 0.2785351669572229 0.0 
0.44  -0.0123 0.010201917853584144 10.407912789127892 0.008228605045813586 0.26781420490840047 0.0 
0.45  -0.00364 0.010503264763382236 11.03185706897069 -0.006973985494797649 0.24684135145003605 0.0 
0.46  0.00112 0.010804052699406241 11.672755473154728 0.0025351128580305008 0.21198582289942625 0.0 
0.47  0.00988 0.011139203951568834 12.408186467464674 1.2447897447768172e-5 0.19425742009364066 0.0 
0.48  0.00608 0.011439761318200228 13.08681390173902 0.0022445021595280143 0.16667758125442855 0.0 
0.49  -0.0082 0.01177277849885641 13.859831358313581 0.008130380500878756 0.15980855325306642 0.0 
0.5  0.01064 0.012091035101896712 14.619312983529841 -0.007724377878488216 0.13342320684258357 0.0 
0.51  -0.0064 0.012373242152775226 15.309712137121371 0.000994013981458902 0.12960982642843621 0.0 
0.52  -0.0013 0.012690169167664198 16.104039350393503 0.003550447698581688 0.118542087284633 0.0 
0.53  0.00144 0.012974192173720324 16.83296625606257 0.005160669483007023 0.09913352747068505 0.0 
0.54  -0.00192 0.013182416352740835 17.377610089700898 -0.0003808110483834568 0.10913291935197522 0.0 
0.55  0.01732 0.013372134770330545 17.881398831588314 -0.0029221664110579137 0.08664316646536552 0.0 
0.56  0.02582 0.01353116270686455 18.3092364199642 0.00893003474962525 0.06447501330874328 0.0 
0.57  -0.00762 0.013736524534141186 18.869210627706273 -0.0017092066404411005 0.06783662108311717 0.0 
0.58  -0.02826 0.013928156865125283 19.399355365953657 -0.003112692532248562 0.07268147108586431 0.0 
0.59  0.00592 0.014062746074087785 19.77608271442714 0.0010186090607345038 0.04676838524664628 0.0 
0.6  0.01218 0.01424261721024089 20.285214499745 0.002055833254105216 0.056368049239775786 0.0 
0.7  -0.01774 0.015389510105725033 23.683702129421295 0.00699426990728478 0.0025072958299872106 0.0 
0.8  -0.00411 0.016401988334687152 26.902522133121337 -0.0013089563435535344 0.03215889150426232 0.0 
0.9  -0.00454 0.01704905570954022 29.06703005870059 -0.006610147711914865 0.029014147732974394 0.0 
1.0  -0.0244 0.017743832585885955 31.48435948359483 -0.004121801811792516 0.004675801476891284 0.0 
1.1  -0.02493 0.018366324024408957 33.73218581695817 -0.005999488515988029 0.010825363818398603 0.0 
1.2  0.02349 0.018920072988511935 35.79691618906189 0.010533952409294953 0.03993664215435766 0.0 
1.3  0.035 0.019368497654361678 37.513870138701385 -0.00660469989701033 0.02195016919651005 0.0 
1.4  0.01219 0.01981298916328366 39.25545395843958 -0.0045152995964134815 -0.016556055658053292 0.0 
1.5  0.02929 0.020290156181345144 41.16904378633785 0.0027073963648862422 0.0034201266413966813 0.0 
1.6  -0.01951 0.02054374634905086 42.20455140541406 -0.0030586525583435604 0.00507963732424388 0.0 
1.7  0.01822 0.020985801970733537 44.04038843548435 0.00423037044719479 0.012819308013800601 1.09967363e-316 
1.8  -0.01687 0.021368027984753287 45.65926199571996 0.00827552962645607 -0.00121243705314944 0.0 
1.9  0.02497 0.021640516354987493 46.831194811048114 0.005877385836424791 0.029144324487133666 7.058898770233665e-299 
2.0  0.01059 0.021978362291196537 48.304840900308996 -0.011163830497984792 0.013187323512765303 8.89719497588628e-291 
2.1  0.00712 0.022321336776204844 49.82420754767548 -0.013661976295840919 0.006909749753500005 6.759926296063732e-298 
2.2  -0.04281 0.022530549245313416 50.7625649295493 -0.004669214389673352 -0.01325825816912074 2.0694052443393503e-285 
2.3  0.04633 0.022863124513845985 52.27224625356253 0.006486297896378847 0.011033687471262432 2.40098063937993e-270 
2.4  -0.00508 0.023225028222918474 53.94019359553596 0.009481656384589324 0.013559070601349088 7.252319218632473e-269 
2.5  0.01651 0.023496257041068253 55.20740949399494 -0.009228628633427556 -0.01812874021011801 2.3605967640134404e-262 
2.6  -0.01649 0.023797601645070048 56.63258440574407 0.012442537231402885 0.009964876859682281 4.2267023145850416e-256 
2.7  0.03869 0.02397359543689227 57.47332781717818 -0.002359920774506512 -0.0031022742149060534 3.6806020823520906e-244 
2.8  0.00188 0.024321206381814175 59.15210798667986 -0.0038430471936238067 0.005152322945609189 1.81805207024373e-239 
2.9  0.01353 0.024486908042414313 59.960866547765484 -0.006262722642295193 -0.01180043334326264 4.896013256957564e-242 
3.0  0.0262 0.024715485917789305 61.08552441524414 -0.003742471626560562 0.022881178953884085 1.5414268705920847e-232 
3.1  0.01397 0.024961425823033255 62.30727791187914 0.010151208726561375 0.031528706376529936 6.803670447380838e-232 
3.2  -0.00485 0.02515948717229641 63.29997947729477 -0.002070954909129951 -0.0061489532868712615 4.8490546981781023e-225 
3.3  -0.01421 0.025368727135632266 64.35723164821648 -0.008426790787471505 0.021927155249605867 9.171221691974649e-223 
3.4  0.02823 0.02564654183553957 65.77451081220813 -0.0018441678864561594 0.017763707601415657 1.1129915053424491e-209 
3.5  0.03339 0.025865823812270407 66.90408414874149 -0.002953589701733587 -0.017725998867001103 3.6754185711795915e-212 
3.6  -0.01387 0.026006509562346042 67.63385396163962 0.010536410885668352 0.0016466571880799918 1.1567701336782924e-204 
3.7  -0.00154 0.026254113374263675 68.92784690686908 -0.000722545675913059 0.006959213357631278 2.4913316600149806e-206 
3.8  -0.02006 0.02646149236286156 70.02105780697806 0.0033225037929371986 -0.006443526777866193 8.358664633219306e-202 
3.9  -0.04077 0.02656205062671809 70.5542533496335 0.0013031262460602303 -0.018710418303646836 1.5946991433754704e-199 
4.0  0.01477 0.026837572934678918 72.02553210242104 -0.00010750426245586648 -0.003302393119573921 2.6088956657229943e-198 
4.1  -0.0269 0.026931450330982352 72.53030169301694 0.0037250804391752196 -0.023072472215150075 1.2187165979277314e-193 
4.2  0.01034 0.027066530195327367 73.25970568145682 -0.00487490853557206 -0.0005928178898297887 2.5826091715919886e-200 
4.3  -0.01158 0.027342921120270855 74.76353353893539 -0.009447588897432631 0.0014413536819049 5.0033552660204664e-204 
4.4  0.01917 0.027379180435254325 74.96195213062131 0.007638226008286851 -0.0017633043657281355 6.271421049615561e-184 
4.5  0.01156 0.027698666679559836 76.72161358253582 0.0017703531229768495 0.00889869984901237 7.343467382198768e-189 
4.6  0.00778 0.027941646373684223 78.07356020720208 0.007192984490813937 -0.01228624210251228 5.102354360320046e-183 
4.7  -0.01461 0.028052105708580008 78.6920634685347 -0.0075841950270158255 -0.016156417291431246 2.644623839374941e-182 
4.8  0.00728 0.028276666453361455 79.95698657146572 -0.019931244676859795 0.017050460206477158 3.361335193798377e-184 
4.9  0.01652 0.02836193073271192 80.4399114887149 0.011250362212727202 0.01756619093364664 1.942867796235071e-175 
5.0  0.0064 0.02846281243512168 81.01316917169173 -0.005686376905853126 0.007686616888784581 1.4502136759833256e-172 
