#mmax= 10
#m-states: all states (FBR)
#Nr. of sites: 46
 
0.0  -2.0221723222511527e-59 
0.1  0.0024810405656197306 
0.2  0.00969160502397384 
0.3  0.02090257981258624 
0.4  0.03466980136837735 
0.41  0.03609486077170787 
0.42  0.03751349302054308 
0.43  0.038920163658000474 
0.44  0.04030857111254297 
0.45  0.04167088347788885 
0.46  0.04299722807244973 
0.47  0.044275473264865556 
0.48  0.04548952883814648 
0.49  0.04662572857046858 
0.5  0.047683795529663855 
0.51  0.04868287731002695 
0.52  0.04964564127752452 
0.53  0.05058448551270664 
0.54  0.05150263096893646 
0.55  0.05240038881477847 
0.56  0.053278213572269355 
0.57  0.05413617454120117 
0.58  0.054975309648944204 
0.59  0.05579624247649753 
0.6  0.05660011976105581 
0.7  0.06387048709720448 
0.8  0.07013157497317225 
0.9  0.07572289781254923 
1.0  0.08083714752588467 
1.1  0.08559314875887124 
1.2  0.09006745121327035 
1.3  0.09431267563257241 
1.4  0.09836620573205059 
1.5  0.10225540287041751 
1.6  0.10600242532576147 
1.7  0.10962299369623593 
1.8  0.11312952551755014 
1.9  0.1165353044782495 
2.0  0.11984595504161356 
2.1  0.12307281829664256 
2.2  0.12621976646889763 
2.3  0.12929331845240413 
2.4  0.13229897056480172 
2.5  0.13524080854820747 
2.6  0.13812260280935557 
2.7  0.14094880140573376 
2.8  0.14372205551968256 
2.9  0.14644540812952075 
3.0  0.1491213047832684 
3.1  0.1517525364958839 
3.2  0.15434093929783277 
3.3  0.15689026367957054 
3.4  0.15939663019103534 
3.5  0.16186963700447538 
3.6  0.1643062588159923 
3.7  0.16670909687372573 
3.8  0.1690784963144532 
3.9  0.17141639006169046 
4.0  0.1737249932935649 
4.1  0.1760047996433084 
4.2  0.1782564243719001 
4.3  0.18048063392130567 
4.4  0.1826796347393137 
4.5  0.1848529181562121 
4.6  0.1870023212604175 
4.7  0.1891281879691177 
4.8  0.19123086013916474 
4.9  0.19331197965696434 
5.0  0.19537299153485357 
