#mmax= 10
#m-states: all states (FBR)
#Nr. of sites: 46
 
0.0  3.3165099416703036e-14 
0.1  3.9556265253981895e-9 
0.2  1.5630842505527245e-6 
0.3  5.425178557363671e-8 
0.4  -2.66410787118482e-6 
0.41  -3.5989009941153735e-6 
0.42  -1.8462853239642187e-6 
0.43  6.754315184132658e-6 
0.44  9.489568206392135e-6 
0.45  0.0005434200636286777 
0.46  6.757797042890095e-5 
0.47  -0.0001049635027078754 
0.48  0.0002081790244789331 
0.49  -0.0018786121079102049 
0.5  -0.004607485748331978 
0.51  -0.0033275597899015893 
0.52  -0.0031648745988603123 
0.53  0.000722484316938377 
0.54  -0.000597781755124094 
0.55  -0.0016061730853288293 
0.56  -0.0037477262302239647 
0.57  -0.0018814974605562745 
0.58  -0.009527820290571323 
0.59  -0.005644862679993126 
0.6  -0.005058138199134882 
0.7  -0.3514991707064301 
0.8  -0.3572530869080783 
0.9  -0.059759768255173575 
1.0  0.0008369726663276953 
1.1  0.40633039534351373 
1.2  0.32616292449192347 
1.3  -0.04479564461239634 
1.4  -0.19701450132982978 
1.5  -0.3082935118409762 
1.6  -0.33317468433840774 
1.7  -0.39520774627362104 
1.8  -0.37553898716556205 
1.9  -0.34451306852977187 
2.0  -0.3739791832756223 
2.1  -0.3773903710349277 
2.2  -0.3679773067643846 
2.3  -0.3861415546144033 
2.4  -0.3690391425751285 
2.5  -0.345842597495309 
2.6  -0.33253122073663477 
2.7  -0.31756287554176366 
2.8  -0.29878241996640453 
2.9  -0.2786025409412631 
3.0  -0.27587614426629214 
3.1  -0.26301917937322394 
3.2  -0.2647918306651263 
3.3  -0.26916638013914745 
3.4  -0.2643638998776492 
3.5  -0.26453722712727823 
3.6  -0.2623915202035762 
3.7  -0.26346284151355504 
3.8  -0.2644450299922439 
3.9  -0.26494295645752364 
4.0  -0.26448165816344377 
4.1  -0.26455430621797543 
4.2  -0.2645228582908371 
4.3  -0.2646826408298044 
4.4  -0.2641322010905968 
4.5  -0.26466592139305345 
4.6  -0.26446422054800756 
4.7  -0.26488705469348617 
4.8  -0.26468921151959585 
4.9  -0.26466289932858966 
5.0  -0.2647418275323845 
