#mmax= 10
#m-states: all states (FBR)
#Nr. of sites: 46

0.0  -0.0  0.0
0.1  -0.0  8.474179157624895e-20
0.2  -0.0  4.763087621236679e-19
0.3  -0.0  3.9284054069804073e-19
0.4  -0.0  3.0442540429378583e-19
0.41  -0.0  2.964518198020187e-19
0.42  -0.0  2.998377770284113e-19
0.43  -0.0  3.1312382570312137e-19
0.44  1.0000050000287824e-5  1.000010000100001e-5
0.45  1.0000050000287824e-5  1.000010000100001e-5
0.46  -0.0  3.0927787906095264e-19
0.47  1.0000050000287824e-5  1.0000100000999988e-5
0.48  -0.0  3.0435251421629096e-19
0.49  2.000020000268671e-5  1.4142347759123537e-5
0.5  2.000020000268671e-5  1.4142347759121814e-5
0.51  5.00012500415517e-5  2.2361350619943782e-5
0.52  4.000080002137398e-5  2.000050001472744e-5
0.53  0.00013000845073070266  3.605803688163357e-5
0.54  0.0001400098009135703  3.741938040002949e-5
0.55  0.00017001445163132754  4.123476751562851e-5
0.56  0.00019001805227913173  4.3593348945131654e-5
0.57  0.0002800392072981613  5.292270049128571e-5
0.58  0.00018001620192711993  4.243043791205857e-5
0.59  0.00026003380582819774  5.0997080134018615e-5
0.6  0.0004000800212158519  6.32585223838174e-5
0.7  0.000940442061347507  9.699968086831908e-5
0.8  0.001501125848761704  0.00012256703663327364
0.9  0.0024730535320256187  0.00015735745478258605
1.0  0.003355564949419548  0.00018333509925222587
1.1  0.005001660035998375  0.00022390774194358922
1.2  0.00630959752803121  0.0002515818306670556
1.3  0.00784010713039692  0.00028054320499891
1.4  0.009180263511680822  0.00030365938735952126
1.5  0.011018671006030652  0.00033283463946534873
1.6  0.012201746653584356  0.00035034678962867394
1.7  0.014657244747283558  0.00038415512833915003
1.8  0.015595984333189787  0.0003963507290422896
1.9  0.016711215655778638  0.00041034370932911126
2.0  0.019414057272880075  0.00044257113367873735
2.1  0.020624485748924833  0.0004570609064215448
2.2  0.023359440028709953  0.0004858113183984746
2.3  0.024523998247261578  0.0004980442992814369
2.4  0.02604853597553513  0.0005136276774342714
2.5  0.028574673248411172  0.0005423103558368828
2.6  0.030506042632491574  0.0005637900787725202
2.7  0.03234372829971957  0.0005767488331234431
2.8  0.0347164726183639  0.0005934914748638731
2.9  0.03522594606134221  0.0005984851488346596
3.0  0.03749592623459643  0.0006177784974824727
3.1  0.04049332944109037  0.0006435708070140287
3.2  0.04145905313683355  0.0006498277072665728
3.3  0.042592337827186896  0.0006580835901531072
3.4  0.04496376021887377  0.0006772061657955691
3.5  0.04564728538854702  0.0006833727058306447
3.6  0.04813608239537201  0.0007120627561329293
3.7  0.050559247650417326  0.0007229225185902535
3.8  0.05214669210794982  0.0007299231942937564
3.9  0.05379412789249322  0.0007477419046870514
4.0  0.05627915257325845  0.0007640336139161204
4.1  0.05642605555125299  0.0007699696124546121
4.2  0.057642552049270046  0.000778926621987797
4.3  0.060556344785249086  0.0007927702001551828
4.4  0.06137076538608637  0.0007999033849384269
4.5  0.0646481536258648  0.0008158631185219622
4.6  0.06591707812966138  0.0008269145174653443
4.7  0.06738405306050636  0.0008391584790530279
4.8  0.06940182796335367  0.0008471613273362891
4.9  0.06927206312256588  0.0008543574035159517
5.0  0.07078639799134856  0.0008704395736692931
