#mmax= 10
#m-states: all states (FBR)
#Nr. of sites: 46

0.0  1.0  0.0
0.1  1.0  8.474179157624895e-20
0.2  1.0  4.763087621236679e-19
0.3  1.0  3.9284054069804073e-19
0.4  1.0  3.0442540429378583e-19
0.41  1.0  2.964518198020187e-19
0.42  1.0  2.998377770284113e-19
0.43  1.0  3.1312382570312137e-19
0.44  0.99999  1.0e-5
0.45  0.99999  1.0e-5
0.46  1.0  3.0927787906095264e-19
0.47  0.99999  9.999999999999979e-6
0.48  1.0  3.0435251421629096e-19
0.49  0.99998  1.4142064912168354e-5
0.5  0.99998  1.4142064912166631e-5
0.51  0.9999500000000001  2.2360232552412788e-5
0.52  0.99996  1.9999699994726848e-5
0.53  0.9998700000000017  3.605334933683902e-5
0.54  0.9998600000000012  3.741414168677353e-5
0.55  0.9998300000000065  4.122775760515112e-5
0.56  0.9998100000000075  4.3585066208832406e-5
0.57  0.9997200000000207  5.290788213514924e-5
0.58  0.9998200000000171  4.242280043323513e-5
0.59  0.9997400000000316  5.098382089318538e-5
0.6  0.9996000000001238  6.323321897487172e-5
0.7  0.9990600000156944  9.69085011698252e-5
0.8  0.9985000002770892  0.00012238318611228574
0.9  0.997530001945555  0.00015696878217542063
1.0  0.9966500586667504  0.0001827209374254054
1.1  0.995010827437519  0.0002227906275809572
1.2  0.9937102661831534  0.00024999944791900483
1.3  0.9921905463483476  0.000278352315842185
1.4  0.9908617464549168  0.0003008844708864853
1.5  0.9890418121973343  0.0003291873749788549
1.6  0.9878723928071124  0.00034609792138276817
1.7  0.9854496497675355  0.000378565536678218
1.8  0.9845250032404326  0.000390217202794708
1.9  0.9834276421384196  0.0004035433465318609
2.0  0.9807731818886375  0.00043406189899015675
2.1  0.9795867442945208  0.00044773080526578366
2.2  0.9769112796402455  0.00047459455672036854
2.3  0.9757742717651778  0.0004859788134381424
2.4  0.974287800452299  0.0005004211800988592
2.5  0.9718297217543362  0.0005270333222174529
2.6  0.9699545709704964  0.0005468507639732222
2.7  0.9681737361660293  0.0005583930725945217
2.8  0.9658792306480359  0.0005732410891376859
2.9  0.9653872661629578  0.0005777699416726229
3.0  0.96319834155691  0.0005950432242246374
3.1  0.9603155703316315  0.0006180310665864654
3.2  0.9593886184916908  0.0006234373063321002
3.3  0.9583019739133883  0.0006306428034437318
3.4  0.9560321276003725  0.0006474308515096285
3.5  0.9553788788595531  0.0006528798495397005
3.6  0.953004091173514  0.0006785987197669699
3.7  0.9506976004046033  0.0006872807037022062
3.8  0.9491896180038774  0.0006928355179638605
3.9  0.9476271764253226  0.0007085805498334832
4.0  0.9452752230451846  0.0007222220448085792
4.1  0.9451363694991443  0.0007277262841400152
4.2  0.9439873134685225  0.0007352968492793718
4.3  0.941240733517285  0.0007461876047047091
4.4  0.9404744797423447  0.0007522887197941075
4.5  0.9373972251760575  0.0007647878234259723
4.6  0.9362084932322916  0.0007741643944281375
4.7  0.9348361057178318  0.0007844756446380314
4.8  0.9329517186592394  0.0007903606163200334
4.9  0.9330727908457606  0.0007971776468783667
5.0  0.9316608755096013  0.0008109544952829377
