#mmax= 10
#m-states: all states (FBR)
#Nr. of sites: 46
 
0.0  -1.7763266778233009e-28 
0.1  2.271516637280763 
0.2  4.682871590452063 
0.3  7.437952982963469 
0.4  10.966443819132357 
0.41  11.398395613287708 
0.42  11.853186921006502 
0.43  12.333849856529847 
0.44  12.845505129498939 
0.45  13.39422470439626 
0.46  13.9883830586459 
0.47  14.637955803801992 
0.48  15.347860518154324 
0.49  16.106708023168345 
0.5  16.867874316310864 
0.51  17.57352427989431 
0.52  18.196604624294007 
0.53  18.74269342230626 
0.54  19.22933342387975 
0.55  19.670583851228397 
0.56  20.07583297960137 
0.57  20.453313730325636 
0.58  20.80519041994684 
0.59  21.135886251731826 
0.6  21.448689089465656 
0.7  23.875083432879514 
0.8  25.555163157054896 
0.9  26.832882045941602 
1.0  27.859380517137758 
1.1  28.713843319839963 
1.2  29.443107058530273 
1.3  30.077067396241226 
1.4  30.63604196918201 
1.5  31.134418215194437 
1.6  31.582911639979464 
1.7  31.989563738243902 
1.8  32.36077626635739 
1.9  32.701382463779545 
2.0  33.01565552654468 
2.1  33.306679834266895 
2.2  33.57734340316837 
2.3  33.82991800357184 
2.4  34.06632476325246 
2.5  34.28825756382287 
2.6  34.49715556439287 
2.7  34.69421522557947 
2.8  34.88054704283846 
2.9  35.057087841196946 
3.0  35.22466937626082 
3.1  35.38402100293818 
3.2  35.53574562780963 
3.3  35.68055207610046 
3.4  35.81894040620644 
3.5  35.95121962470344 
3.6  36.07797308510448 
3.7  36.19954367513703 
3.8  36.31626053304106 
3.9  36.428450141468225 
4.0  36.53637936867803 
4.1  36.640336053000915 
4.2  36.74054699639439 
4.3  36.837232122280106 
4.4  36.930584583835355 
4.5  37.0208106169024 
4.6  37.1080662677065 
4.7  37.19251493168543 
4.8  37.27431016267341 
4.9  37.353580815754114 
5.0  37.43045203673157 
