#mmax= 10
#m-states: all states (FBR)
#Nr. of sites: 46
 
0.0  0.0 
0.1  -1.1111475943313154 
0.2  -2.1360400011588383 
0.3  -2.970587345235317 
0.4  -3.454443010349667 
0.41  -3.4728437037236883 
0.42  -3.4836713838834346 
0.43  -3.486205168439221 
0.44  -3.479281398625241 
0.45  -3.4615213147430315 
0.46  -3.431050055302413 
0.47  -3.385610439683034 
0.48  -3.3236516287908158 
0.49  -3.2466215352704646 
0.5  -3.162842304695468 
0.51  -3.083679936870997 
0.52  -3.015331369621756 
0.53  -2.9577528446597925 
0.54  -2.9082905717360155 
0.55  -2.8646943408577377 
0.56  -2.825505768584538 
0.57  -2.789410820982751 
0.58  -2.7561938072532177 
0.59  -2.725194320814794 
0.6  -2.6959660741414155 
0.7  -2.4708318832478713 
0.8  -2.3122281358857673 
0.9  -2.1881326288757603 
1.0  -2.085587956356313 
1.1  -1.9981105967898654 
1.2  -1.9218606114292487 
1.3  -1.8543732417368335 
1.4  -1.793945017933658 
1.5  -1.739352171435293 
1.6  -1.6896648332543505 
1.7  -1.644164194309748 
1.8  -1.6022257401267501 
1.9  -1.5634802572534614 
2.0  -1.5274243838922719 
2.1  -1.493860200886761 
2.2  -1.4624389973529486 
2.3  -1.432954689363035 
2.4  -1.405227440279532 
2.5  -1.3790761244654297 
2.6  -1.3543493431776952 
2.7  -1.33094073419338 
2.8  -1.308723748951756 
2.9  -1.2876031255784104 
3.0  -1.2674888846030323 
3.1  -1.2483090208635834 
3.2  -1.2300069390712098 
3.3  -1.212493844673262 
3.4  -1.1956665222944451 
3.5  -1.179597715306883 
3.6  -1.164148556831582 
3.7  -1.14929840230355 
3.8  -1.135005693784813 
3.9  -1.1212374240461922 
4.0  -1.1079759114536076 
4.1  -1.095178848968712 
4.2  -1.082818937265092 
4.3  -1.0708705189341612 
4.4  -1.0593228823796046 
4.5  -1.0481381823688662 
4.6  -1.0373093020392992 
4.7  -1.0268133391050631 
4.8  -1.016629070644866 
4.9  -1.0067495670183644 
5.0  -0.9971651984393082 
