#mmax= 10
#m-states: all states (FBR)
#Nr. of sites: 2
 
0.0  0.9999999999999999 0.2499999999999999 
0.1  1.1014758028693001 0.2971743512345647 
0.2  1.204353589424319 0.33864969223402375 
0.3  1.3063905514728549 0.37460259405560703 
0.4  1.4057095573994898 0.40547179274157685 
0.41  1.4154316745672624 0.40830025061154795 
0.42  1.425110356468501 0.41108417052026724 
0.43  1.434760746986531 0.4138272038070806 
0.44  1.4443529761401634 0.4165245519248647 
0.45  1.4539158851609217 0.4191838555007744 
0.46  1.4634147625905525 0.42179641871940765 
0.47  1.4728849812113791 0.42437269217002294 
0.48  1.4822947181085886 0.4269049779282884 
0.49  1.4916522379869799 0.4293963366567338 
0.5  1.5009654703333808 0.4318496688976968 
0.51  1.5102425203559042 0.4342678861299242 
0.52  1.519461555319556 0.4366460067272735 
0.53  1.528623880898685 0.43898521906630694 
0.54  1.537738876224826 0.44128863637117066 
0.55  1.5468074120854138 0.44355720101956597 
0.56  1.5558216799750597 0.4457896480758168 
0.57  1.56478311950312 0.44798705533166827 
0.58  1.573699092115001 0.4501518619966052 
0.59  1.5825628791265134 0.45228310571667296 
0.6  1.5913655169983416 0.4543792760858051 
0.7  1.6765119305744665 0.47366030949042404 
0.8  1.7563946192734003 0.49024309372459873 
0.9  1.8311532414659961 0.5045853050153426 
1.0  1.901129494823794 0.5170822805832207 
1.1  1.9666462036845833 0.5280441190132176 
1.2  2.0280849016332936 0.5377294336406033 
1.3  2.085758066387525 0.5463380505022285 
1.4  2.1400148562274115 0.554040149643628 
1.5  2.1911194112784265 0.5609654808533846 
1.6  2.239404896576405 0.5672337584857982 
1.7  2.2849979564756704 0.5729193325051689 
1.8  2.3280620092833626 0.5780915075812141 
1.9  2.36889626567938 0.582826865847667 
2.0  2.4075815295753014 0.587166524598229 
2.1  2.444309167762727 0.5911597769049486 
2.2  2.479210568238106 0.5948436561298001 
2.3  2.5123326269188553 0.5982418783971035 
2.4  2.5439049304372787 0.6013958167331229 
2.5  2.573900901034455 0.6043155367200841 
2.6  2.602531768175582 0.6070351810066388 
2.7  2.6297869805180705 0.6095631599351571 
2.8  2.655793126044839 0.6119210712082694 
2.9  2.6806325858985756 0.6141244706007764 
3.0  2.7043367087453056 0.6161827825247719 
3.1  2.7270405944384994 0.618114755106184 
3.2  2.748726939382968 0.6199234542913492 
3.3  2.7694819398951385 0.6216213884008209 
3.4  2.7893532034008306 0.623216773829479 
3.5  2.8083810423635613 0.6247166548237861 
3.6  2.8266817743399377 0.6261344900262684 
3.7  2.844179410587276 0.6274660272476407 
3.8  2.8610121759724954 0.6287259170368505 
3.9  2.8772043426481617 0.6299182230948177 
4.0  2.8927029136791877 0.6310402961382984 
4.1  2.9077017482908176 0.6321103272032103 
4.2  2.9220627892008166 0.6331181015168346 
4.3  2.935942905249271 0.6340780996939285 
4.4  2.9493040202831446 0.6349882898290167 
4.5  2.962199886429646 0.635854230268482 
4.6  2.9746239304460116 0.6366763542458029 
4.7  2.986633725448107 0.6374601564973275 
4.8  2.998247400734845 0.6382078483286078 
4.9  3.0094601700139356 0.6389197926702668 
5.0  3.020302726760925 0.6395990598973569 
