#mmax= 10
#m-states: all states (FBR)
#Nr. of sites: 2
 
0.0  0.9999999999999997 0.24999999999999967 
0.1  0.9484831958225433 0.22361063417975802 
0.2  0.8953993274099974 0.195089234006119 
0.3  0.8428379967836221 0.1655738413003286 
0.4  0.7924975168169462 0.13626949274164446 
0.41  0.7876546820521007 0.13340857775743542 
0.42  0.7828281956154495 0.13054957043633264 
0.43  0.7780406004434125 0.12770305044660746 
0.44  0.7732907662470024 0.12487825327790847 
0.45  0.7685818920914648 0.1220741431988579 
0.46  0.763900166838639 0.11927986775257582 
0.47  0.7592749910233088 0.11651820493991027 
0.48  0.7546777709769982 0.11376807177171999 
0.49  0.7501218527419141 0.11103970460372192 
0.5  0.7456130214190624 0.10833817916928778 
0.51  0.7411412935679382 0.1056575191314163 
0.52  0.7367139395397899 0.10300205509851601 
0.53  0.7323231258446272 0.10036676167120073 
0.54  0.7279795767121298 0.09776040654977969 
0.55  0.723678098716359 0.09517988348652529 
0.56  0.7194202293687522 0.09262628570833065 
0.57  0.7152023877324968 0.09009755433363031 
0.58  0.711034546888061 0.0876020014211758 
0.59  0.7069063984842325 0.08513215284195186 
0.6  0.7028215339105345 0.08269038251824978 
0.7  0.6643614535951564 0.05995581504018643 
0.8  0.6302095713933851 0.04051390326731241 
0.9  0.6000493373038069 0.0244010386583301 
1.0  0.5735147801185622 0.011498198784300917 
1.1  0.5501782298490365 0.0015232289663650311 
1.2  0.5296382969185771 -0.005859400130497017 
1.3  0.5114975347886196 -0.0110392155792578 
1.4  0.49542382815046204 -0.014370992451676834 
1.5  0.48111017156470703 -0.016210591080937364 
1.6  0.4683158233586349 -0.016827493681981887 
1.7  0.4567982082851922 -0.016523961283533728 
1.8  0.4463658719357566 -0.015521650663875342 
1.9  0.4368845819848854 -0.013970953701081257 
2.0  0.4282069446508688 -0.012045005386685403 
2.1  0.4202314154508893 -0.009848806346657524 
2.2  0.41286364769151523 -0.007477457095546702 
2.3  0.4060130369131707 -0.005025800316789564 
2.4  0.3996332316733725 -0.002517185191228899 
2.5  0.3936475184270441 -3.096931293389282e-5 
2.6  0.38802706552024696 0.00243247932862245 
2.7  0.38271657056367975 0.004822820421555907 
2.8  0.37768869859767906 0.007135381557451859 
2.9  0.3729150269360169 0.009360276019500846 
3.0  0.36836489544063444 0.01148029966014863 
3.1  0.36402613166912823 0.013508585080505453 
3.2  0.359869316407191 0.015424120305460032 
3.3  0.3558820599669568 0.017233818184310135 
3.4  0.3520495017080167 0.018938843603618305 
3.5  0.3483579866038101 0.020538983051572535 
3.6  0.3448052233867081 0.022053838138908377 
3.7  0.34136678851292557 0.02345963110138216 
3.8  0.3380462666935785 0.024783164201529262 
3.9  0.33483357600737906 0.026024513207830835 
4.0  0.3317122273297778 0.027169033237024798 
4.1  0.3286944835013757 0.028256686137046128 
4.2  0.3257553728534561 0.029254005520202964 
4.3  0.3229044184721124 0.030193360558882998 
4.4  0.3201295018144004 0.0310608090073754 
4.5  0.31742998098727204 0.03187280643972423 
4.6  0.31479858307493247 0.03262361676079817 
4.7  0.31223562640105523 0.03332406185057679 
4.8  0.3097375892533861 0.03397663111607696 
4.9  0.3072988443366391 0.0345792722245416 
5.0  0.304917985649145 0.03513748627706004 
