#mmax= 10
#m-states: all states (FBR)
#Nr. of sites: 2
 
0.0  -1.6765536378512783e-29 
0.1  0.02497949934592308 
0.2  0.04987645841716246 
0.3  0.07461427412686594 
0.4  0.09910353710822899 
0.41  0.10154317830969228 
0.42  0.1039692760419856 
0.43  0.10640067371498996 
0.44  0.1088218711936099 
0.45  0.11124888862620644 
0.46  0.113657464714642 
0.47  0.11607998611736649 
0.48  0.11848624454281813 
0.49  0.12088704536460228 
0.5  0.12328924587627205 
0.51  0.1256919069620357 
0.52  0.1280877474297228 
0.53  0.13047350337173985 
0.54  0.13285922646855897 
0.55  0.13524275540099384 
0.56  0.13762095467194607 
0.57  0.1399927536179404 
0.58  0.14236681950159397 
0.59  0.14473463880545104 
0.6  0.14709352545455606 
0.7  0.17043669208497939 
0.8  0.19330209533290976 
0.9  0.21560128938525072 
1.0  0.23732213747122938 
1.1  0.25841221676728376 
1.2  0.27886159927605825 
1.3  0.2986278005883296 
1.4  0.3177193421892237 
1.5  0.3361147914220665 
1.6  0.3538603599677837 
1.7  0.37089808238049005 
1.8  0.38721394061008696 
1.9  0.40289042383258555 
2.0  0.417894237113576 
2.1  0.43227029160703423 
2.2  0.4460371079653298 
2.3  0.4591728319170623 
2.4  0.4717690810557965 
2.5  0.4837742097315586 
2.6  0.4952794168491779 
2.7  0.5062517755427315 
2.8  0.5167409123240078 
2.9  0.526773806421162 
3.0  0.5363508020951911 
3.1  0.5455333630573405 
3.2  0.5542981278964572 
3.3  0.5626819999363983 
3.4  0.5707013525575675 
3.5  0.5783695144851067 
3.6  0.5857434988640131 
3.7  0.5927730995515997 
3.8  0.5995292213347841 
3.9  0.6060189593292086 
4.0  0.6122075705072904 
4.1  0.61819811589814 
4.2  0.6239090810302315 
4.3  0.62942366186357 
4.4  0.6347167610515576 
4.5  0.6398149337108626 
4.6  0.644711256763454 
4.7  0.6494346759264245 
4.8  0.6539924949962735 
4.9  0.6583795071769927 
5.0  0.6626103562076967 
