#mmax= 10
#m-states: all states (FBR)
#Nr. of sites: 2
 
0.0 8.058785549429023e-29
0.1 -0.006236057598822103
0.2 -0.02478025918023755
0.3 -0.05516435036514432
0.4 -0.09667913203885228
0.41 -0.10141034803556613
0.42 -0.1062433440171534
0.43 -0.11117718989879494
0.44 -0.11621094781188918
0.45 -0.1213436776172496
0.46 -0.1265744324026838
0.47 -0.13190226594834212
0.48 -0.13732622543543205
0.49 -0.14284535879343238
0.5 -0.14845871292874951
0.51 -0.15416533364117413
0.52 -0.1599642660510309
0.53 -0.1658545565269882
0.54 -0.17183525367238398
0.55 -0.17790540706612035
0.56 -0.1840640683783708
0.57 -0.1903102922898654
0.58 -0.19664313777948905
0.59 -0.20306166589624297
0.6 -0.20956494235901602
0.7 -0.27905716275289194
0.8 -0.3560410019789373
0.9 -0.4396968010911593
1.0 -0.5292920114646478
1.1 -0.6241826211707533
1.2 -0.7238081487838883
1.3 -0.8276833954707854
1.4 -0.935389142924663
1.5 -1.0465629417293485
1.6 -1.1608907067804815
1.7 -1.2780992561830946
1.8 -1.3979499867771814
1.9 -1.520233535121324
2.0 -1.6447652270338722
2.1 -1.7713814134549608
2.2 -1.899936343039343
2.3 -2.030299589652941
2.4 -2.162353988021124
2.5 -2.295993739573632
2.6 -2.431123064412276
2.7 -2.5676548166999424
2.8 -2.7055095379853213
2.9 -2.8446145079613103
3.0 -2.9849029744445374
3.1 -3.1263135539567415
3.2 -3.2687895752753207
3.3 -3.4122786788848742
3.4 -3.556732354151862
3.5 -3.7021055564909204
3.6 -3.848356435770299
3.7 -3.9954459163654263
3.8 -4.143337634996101
3.9 -4.291997556919668
4.0 -4.441393785456029
4.1 -4.591496559848991
4.2 -4.742277769084737
4.3 -4.893711162945408
4.4 -5.04577193635339
4.5 -5.198436779102067
4.6 -5.351683674831136
4.7 -5.5054918821319205
4.8 -5.65984177768911
4.9 -5.814714785825402
5.0 -5.970093341747983
