#mmax= 10
#m-states: all states (FBR)
#Nr. of sites: 2
 
0.0  -0.0 
0.1  0.006205876026816597 
0.2  0.02431703899817771 
0.3  0.05291375393155768 
0.4  0.08994269137197017 
0.41  0.09401405088831273 
0.42  0.09814855553940863 
0.43  0.10234233496985322 
0.44  0.10658597905441629 
0.45  0.11088483147931578 
0.46  0.11523064825265301 
0.47  0.119623356535095 
0.48  0.12406010104479716 
0.49  0.12853730770818467 
0.5  0.13305362821267694 
0.51  0.1376132481644319 
0.52  0.14220464666883495 
0.53  0.14682911533416962 
0.54  0.15148399966285825 
0.55  0.15616963100674813 
0.56  0.16088090054960807 
0.57  0.16561787281326498 
0.58  0.17037724943479624 
0.59  0.1751590068315363 
0.6  0.17995670191903798 
0.7  0.2285864663146112 
0.8  0.2772317213941495 
0.9  0.3245988628866693 
1.0  0.3697709360688458 
1.1  0.4121357759005855 
1.2  0.45134140539480205 
1.3  0.4872315333798121 
1.4  0.5197953645511786 
1.5  0.5491192284799236 
1.6  0.5753643918653021 
1.7  0.5987188129174459 
1.8  0.6194023536506547 
1.9  0.6376504650661077 
2.0  0.6536886824256353 
2.1  0.6677373562767571 
2.2  0.6800053188043564 
2.3  0.6906907922305721 
2.4  0.6999663960101267 
2.5  0.7080044648326027 
2.6  0.7149424415357242 
2.7  0.7209225795721129 
2.8  0.7260585954288815 
2.9  0.7304543045332171 
3.0  0.7342087602788584 
3.1  0.7373927364400965 
3.2  0.7400918319714267 
3.3  0.7423650340778891 
3.4  0.7442693995952322 
3.5  0.7458561801581628 
3.6  0.7471526814393787 
3.7  0.7482232330634961 
3.8  0.7490781209951927 
3.9  0.7497490867117504 
4.0  0.7502831168891805 
4.1  0.7506607981253384 
4.2  0.7509454240648783 
4.3  0.7511193724838747 
4.4  0.7512148691937377 
4.5  0.7512363475446058 
4.6  0.7512036503409015 
4.7  0.7511160395621722 
4.8  0.7509824221710227 
4.9  0.7508175143599198 
5.0  0.7506239063471012 
