#mmax= 10
#m-states: all states (FBR)
#Nr. of sites: 2
 
0.0  0.0 
0.1  0.022562627756549204 
0.2  0.07167435529056217 
0.3  0.13500813094187167 
0.4  0.20488748854888553 
0.41  0.21199945197875197 
0.42  0.21912762646490494 
0.43  0.2262620876594357 
0.44  0.23338818467556097 
0.45  0.24051330871475265 
0.46  0.24762777707486505 
0.47  0.2547261680352592 
0.48  0.2618097979047179 
0.49  0.26887140116625985 
0.5  0.27590822610986315 
0.51  0.282928047755487 
0.52  0.2899142454723901 
0.53  0.29687065217246483 
0.54  0.3037919883663152 
0.55  0.3106802088504152 
0.56  0.317529003035084 
0.57  0.3243398399795854 
0.58  0.3311069039700615 
0.59  0.33783314397119824 
0.6  0.3445106913201381 
0.7  0.40851307912513746 
0.8  0.4667688559020555 
0.9  0.5189133030121243 
1.0  0.5650315097724437 
1.1  0.6054731333187415 
1.2  0.6407161698761584 
1.3  0.6712995290894445 
1.4  0.6977469781359726 
1.5  0.720561184293945 
1.6  0.7401860906745398 
1.7  0.7570436504461625 
1.8  0.7715038304226035 
1.9  0.7838634747744622 
2.0  0.7944151932348433 
2.1  0.8033889248656557 
2.2  0.8109939720735032 
2.3  0.8174319657158359 
2.4  0.8228267689478082 
2.5  0.8273530030564834 
2.6  0.8310925372461262 
2.7  0.8341799923245625 
2.8  0.8366897552820002 
2.9  0.8386963907531861 
3.0  0.8402820220926126 
3.1  0.8414778475642946 
3.2  0.8423659356587614 
3.3  0.8429794092936505 
3.4  0.8433593729790174 
3.5  0.8435442314268695 
3.6  0.8435310236355936 
3.7  0.8434010958532003 
3.8  0.8431305707212742 
3.9  0.842745733561033 
4.0  0.8423077094535285 
4.1  0.8417493434624882 
4.2  0.8411716252284817 
4.3  0.8405183909820643 
4.4  0.839834866788707 
4.5  0.8391134159187084 
4.6  0.8383791671176817 
4.7  0.8376186646066031 
4.8  0.836838876506459 
4.9  0.8360593924939931 
5.0  0.8352773785673504 
