#mmax= 10
#m-states: all states (FBR)
#Nr. of sites: 2
 
0.0  -7.647132347236285e-59 
0.1  0.0024797502072002693 
0.2  0.009684151772044425 
0.3  0.0209617661912074 
0.4  0.035394773913890815 
0.41  0.03696825612618391 
0.42  0.03856640276758836 
0.43  0.040184068552051776 
0.44  0.041819274544909656 
0.45  0.04347184830627712 
0.46  0.045142935571652346 
0.47  0.04682580446211878 
0.48  0.048525721072464105 
0.49  0.05023880107063547 
0.5  0.051963009840475145 
0.51  0.053700808197511544 
0.52  0.05544831156454716 
0.53  0.05720720013516899 
0.54  0.058973952783355654 
0.55  0.06074944344108165 
0.56  0.06253209590132164 
0.57  0.06432244801753004 
0.58  0.06611682518165958 
0.59  0.0679176168310772 
0.6  0.06972254272623393 
0.7  0.08787116061909453 
0.8  0.10577027822362167 
0.9  0.12299849935486978 
1.0  0.1392715472818772 
1.1  0.1544382537863886 
1.2  0.168426494629756 
1.3  0.1812433052342213 
1.4  0.19291896606354839 
1.5  0.20352272292519727 
1.6  0.21311305440684547 
1.7  0.22179689872858463 
1.8  0.22966918720028479 
1.9  0.23678243594572462 
2.0  0.2432364980007826 
2.1  0.2490900487250957 
2.2  0.25441016738519817 
2.3  0.25928148374655013 
2.4  0.2637192796402138 
2.5  0.26781688619325644 
2.6  0.27157657895852144 
2.7  0.2750733716210725 
2.8  0.27832531538043653 
2.9  0.2813600330338195 
3.0  0.28422078991125327 
3.1  0.28690189998878074 
3.2  0.28945811925758363 
3.3  0.29189586347442065 
3.4  0.29423409483282703 
3.5  0.29649225548073593 
3.6  0.2986482715724165 
3.7  0.3007730535312991 
3.8  0.30282657965462495 
3.9  0.3048249135404033 
4.0  0.3068228620323688 
4.1  0.3087383639332449 
4.2  0.31067256474381943 
4.3  0.31255714409083774 
4.4  0.31443494620072177 
4.5  0.31629208922313407 
4.6  0.31815133567290654 
4.7  0.3199935370243414 
4.8  0.32182239467371543 
4.9  0.32365653521271087 
5.0  0.32548999406621887 
