#mmax= 10
#m-states: all states (FBR)
#Nr. of sites: 2
 
0.0  -6.987479568972916e-15 
0.1  -2.724884678215225e-16 
0.2  1.8709479924653366e-14 
0.3  3.3254679244955222e-15 
0.4  1.1043260335717865e-15 
0.41  2.2187815958268144e-16 
0.42  7.410904190645998e-16 
0.43  -7.9061576790532e-15 
0.44  -7.236131728668717e-15 
0.45  -3.3035244082668506e-15 
0.46  1.8934175429918926e-14 
0.47  7.66886445047073e-15 
0.48  1.5050577813137398e-15 
0.49  -5.218298019515102e-16 
0.5  -1.5541800863260688e-15 
0.51  -8.32283442223219e-16 
0.52  -4.321970433961789e-16 
0.53  -9.429235723426417e-16 
0.54  -1.4844964683440796e-15 
0.55  -7.979747034439912e-16 
0.56  -1.5956981513982108e-15 
0.57  1.6826901957571397e-16 
0.58  1.1659990208715128e-16 
0.59  2.1800309886583533e-16 
0.6  -7.862614223440656e-16 
0.7  -2.344181620130128e-16 
0.8  5.308573345505083e-15 
0.9  2.1264154760953586e-15 
1.0  1.0070593186528557e-15 
1.1  1.3275704341696717e-15 
1.2  -1.0059659463414217e-14 
1.3  -3.7653154328716164e-15 
1.4  -1.758712798706463e-15 
1.5  8.937209776542894e-15 
1.6  -7.145910264917249e-15 
1.7  -1.5562647668163485e-14 
1.8  5.070038011437213e-13 
1.9  8.557069572566313e-11 
2.0  -2.582975192469704e-11 
2.1  -2.9128518380179426e-11 
2.2  -2.25946339972659e-11 
2.3  -1.7545732884476e-11 
2.4  -1.3831608572581159e-11 
2.5  -1.1173936455557458e-11 
2.6  -9.113572974679757e-12 
2.7  -7.572720117555274e-12 
2.8  -6.39159735058127e-12 
2.9  -5.46008091067103e-12 
3.0  -4.734248553483808e-12 
3.1  -4.1322958292241005e-12 
3.2  -3.647024600513396e-12 
3.3  -3.2551707701087964e-12 
3.4  -2.931366746760594e-12 
3.5  -2.6691993759739377e-12 
3.6  -2.446916539725113e-12 
3.7  -2.257974441792878e-12 
3.8  -2.105992754452595e-12 
3.9  -1.9626575508327696e-12 
4.0  -1.8432654231130276e-12 
4.1  -1.7330646238115508e-12 
4.2  -1.6404979043931608e-12 
4.3  -1.5572059997380633e-12 
4.4  -1.4836921062864506e-12 
4.5  -1.4174156777492062e-12 
4.6  -1.359312011754301e-12 
4.7  -1.3070406268133166e-12 
4.8  -1.2593603621463934e-12 
4.9  -1.2164514514897848e-12 
5.0  -1.17784423729305e-12 
