#mmax= 10
#m-states: all states (FBR)
#Nr. of sites: 2
 
0.0  -1.6765536378512783e-29 
0.1  0.049805998340410884 
0.2  0.09850766330511798 
0.3  0.1451488219407571 
0.4  0.18903184588344757 
0.41  0.1932483156351044 
0.42  0.19743304277701165 
0.43  0.2015914999013372 
0.44  0.2057117023205641 
0.45  0.20980549919210562 
0.46  0.2138596930707043 
0.47  0.21788742023403354 
0.48  0.22187745708073822 
0.49  0.22583274249258337 
0.5  0.22975639056716246 
0.51  0.2336523091110625 
0.52  0.23751169453377693 
0.53  0.24133572011441884 
0.54  0.24512776715762444 
0.55  0.24888864587771703 
0.56  0.25261544115365087 
0.57  0.25630914689681267 
0.58  0.25997229093483576 
0.59  0.2636030230948162 
0.6  0.2671979368251772 
0.7  0.3014091255308358 
0.8  0.332589843554073 
0.9  0.3609888421324052 
1.0  0.3869046060811028 
1.1  0.41060592946029917 
1.2  0.43235664316159705 
1.3  0.4523761554554105 
1.4  0.4708742608853468 
1.5  0.4880166140175378 
1.6  0.5039744118258659 
1.7  0.5188435822142193 
1.8  0.5327212338759608 
1.9  0.5457364778169569 
2.0  0.557946100504905 
2.1  0.569433989424543 
2.2  0.5802616193040584 
2.3  0.590462032197654 
2.4  0.6001182563756718 
2.5  0.6092363535752584 
2.6  0.617889016899221 
2.7  0.6260831878913196 
2.8  0.6338637877922204 
2.9  0.6412617249164454 
3.0  0.6482923243962859 
3.1  0.6549995179232339 
3.2  0.6613831922981381 
3.3  0.6674719924845051 
3.4  0.6732830472714821 
3.5  0.6788309883908259 
3.6  0.6841513646710585 
3.7  0.6892253755201797 
3.8  0.6940940303067527 
3.9  0.6987661020347995 
4.0  0.7032285854070479 
4.1  0.7075371356655671 
4.2  0.7116547350915851 
4.3  0.7156263077639947 
4.4  0.7194424586224667 
4.5  0.723119079782527 
4.6  0.7266553354331069 
4.7  0.7300680140593839 
4.8  0.7333628935615563 
4.9  0.7365393692219754 
5.0  0.7396065575082761 
