#mmax= 10
#m-states: all states (FBR)
#Nr. of sites: 2
 
0.0  7.468279222896645e-88 
0.1  -0.024826498994487804 
0.2  -0.04863120488795552 
0.3  -0.07053454781389115 
0.4  -0.08992830877521858 
0.41  -0.0917051373254121 
0.42  -0.09346376673502606 
0.43  -0.09519082618634725 
0.44  -0.09688983112695419 
0.45  -0.09855661056589918 
0.46  -0.1002022283560623 
0.47  -0.10180743411666705 
0.48  -0.1033912125379201 
0.49  -0.10494569712798109 
0.5  -0.10646714469089041 
0.51  -0.1079604021490268 
0.52  -0.10942394710405416 
0.53  -0.11086221674267897 
0.54  -0.11226854068906549 
0.55  -0.11364589047672319 
0.56  -0.11499448648170481 
0.57  -0.11631639327887229 
0.58  -0.1176054714332418 
0.59  -0.11886838428936516 
0.6  -0.12010441137062111 
0.7  -0.13097243344585643 
0.8  -0.13928774822116324 
0.9  -0.14538755274715445 
1.0  -0.1495824686098734 
1.1  -0.15219371269301538 
1.2  -0.1534950438855388 
1.3  -0.15374835486708086 
1.4  -0.15315491869612308 
1.5  -0.1519018225954713 
1.6  -0.1501140518580822 
1.7  -0.14794549983372932 
1.8  -0.14550729326587386 
1.9  -0.14284605398437136 
2.0  -0.14005186339132905 
2.1  -0.1371636978175088 
2.2  -0.1342245113387286 
2.3  -0.1312892002805917 
2.4  -0.12834917531987533 
2.5  -0.12546214384369977 
2.6  -0.12260960005004312 
2.7  -0.11983141234858806 
2.8  -0.11712287546821266 
2.9  -0.11448791849528345 
3.0  -0.11194152230109478 
3.1  -0.10946615486589335 
3.2  -0.10708506440168093 
3.3  -0.10478999254810678 
3.4  -0.10258169471391462 
3.5  -0.1004614739057193 
3.6  -0.0984078658070454 
3.7  -0.09645227596858001 
3.8  -0.09456480897196853 
3.9  -0.09274714270559091 
4.0  -0.09102101489975754 
4.1  -0.0893390197674271 
4.2  -0.08774565406135364 
4.3  -0.08620264590042467 
4.4  -0.0847256975709091 
4.5  -0.08330414607166434 
4.6  -0.08194407866965288 
4.7  -0.08063333813295946 
4.8  -0.07937039856528273 
4.9  -0.0781598620449827 
5.0  -0.07699620130057942 
