#mmax= 5
#m-states: all states (FBR)
#Nr. of sites: 5
 
0.0  2.5 0.09999999999999998 
0.1  2.305137568303219 0.08474142877146384 
0.2  2.1240829379610493 0.07128008197801594 
0.3  1.9600978525543555 0.060023108500263156 
0.4  1.8141277975049224 0.05136871060204862 
0.41  1.8005494819200278 0.05066387412526929 
0.42  1.7871545939807802 0.04998952308642057 
0.43  1.7739469236714778 0.04934600186250049 
0.44  1.7609238540901857 0.048732906979977564 
0.45  1.7480869037145332 0.048150535163228314 
0.46  1.7354127502040626 0.047513665093096846 
0.47  1.7229629794223578 0.04703389400532554 
0.48  1.7106750883744424 0.04649486532859126 
0.49  1.698585648559836 0.04603122213244992 
0.5  1.6866856846399763 0.04559753912041542 
0.51  1.6749744314757888 0.04519077180730924 
0.52  1.6634513002869062 0.04481553586626086 
0.53  1.6521174442941742 0.04446851497362225 
0.54  1.6409715234838842 0.04414937615098791 
0.55  1.6300141014995844 0.04385713170899552 
0.56  1.6192447545701745 0.043590918210362206 
0.57  1.6086630309083123 0.043349889140490205 
0.58  1.5982682165409678 0.043132787588075816 
0.59  1.5880595180996684 0.04293862236201895 
0.6  1.5780365569558377 0.04276623033632798 
0.7  1.487608535113937 0.0419723145226123 
0.8  1.4131096199071052 0.04206186220911301 
0.9  1.351177807710436 0.04227155853664344 
1.0  1.2986422361550234 0.04232325042186802 
1.1  1.2531218057353013 0.042183497984379814 
1.2  1.2129696362707745 0.04190245224859912 
1.3  1.177050782001149 0.04152663654743227 
1.4  1.1445720026628574 0.04110081577990843 
1.5  1.1149494440449048 0.040648607835253814 
1.6  1.0877452971942123 0.04018722628246452 
1.7  1.0626210672496124 0.03973480569921517 
1.8  1.0393025444048554 0.03928166005806233 
1.9  1.017570268929945 0.0388389843816217 
2.0  0.9972441778828779 0.03840855075542238 
2.1  0.9781708365962537 0.037990958835108724 
2.2  0.9602213328115103 0.0375863676663285 
2.3  0.9432853555710806 0.03719462555073516 
2.4  0.9272677172832736 0.03681540438846076 
2.5  0.9120857271377846 0.036448285672727176 
2.6  0.8976670681860188 0.03609280813843596 
2.7  0.8839481751358245 0.03574850080241443 
2.8  0.8708728726339465 0.03541489880696569 
2.9  0.8584008336327892 0.03509488512225689 
3.0  0.8464613363962787 0.034780442641357046 
