#mmax= 5
#m-states: all states (FBR)
#Nr. of sites: 5
 
0.0  2.4999999999999996 0.09999999999999987 
0.1  2.960301740172864 0.13739917334803853 
0.2  3.584331206462433 0.18900280060643693 
0.3  4.447069053330975 0.2569292754235154 
0.4  5.627146444772379 0.3377417242891695 
0.41  5.764283618792533 0.34615135354748505 
0.42  5.904855701201247 0.35456612093267126 
0.43  6.048785569477199 0.3629705638951969 
0.44  6.1959871196517495 0.37134980470085177 
0.45  6.346354083414775 0.37968596924380305 
0.46  6.499775879882319 0.38797210994312015 
0.47  6.6559127629420844 0.39617310161646146 
0.48  6.814886981088422 0.4042993740730989 
0.49  6.976629524954873 0.4123361976617873 
0.5  7.140488887869179 0.4202480983312923 
0.51  7.30646734845525 0.42803176607695337 
0.52  7.474386514515689 0.43568443063065665 
0.53  7.643860483189886 0.44318513623525047 
0.54  7.8147769461826035 0.45053092765302016 
0.55  7.986771697185184 0.45770843660262406 
0.56  8.15958242544545 0.4647105354591736 
0.57  8.33293307987144 0.47153072431217335 
0.58  8.506520816206946 0.4781625890842153 
0.59  8.680064171625792 0.4846017004423253 
0.6  8.853230435535165 0.49084260971787186 
0.7  10.511305837836305 0.5423661962302526 
0.8  11.917806162253846 0.5763255487771912 
0.9  13.026668873361654 0.5979325132011256 
1.0  13.886047559087347 0.6118914947021314 
1.1  14.561543840971742 0.6212678634496716 
1.2  15.106442020229379 0.6278619327625614 
1.3  15.558207900736123 0.6327101506582433 
1.4  15.9418961359884 0.6364161400245741 
1.5  16.274480105342644 0.6393446961167346 
1.6  16.567462424223198 0.6417222500649623 
1.7  16.8289491424422 0.6436961461506017 
1.8  17.064808672139744 0.6453646171300307 
1.9  17.2794145861164 0.6467968208919849 
2.0  17.47606058430969 0.6480416273120043 
2.1  17.65734939114899 0.6491351901559965 
2.2  17.825338511001604 0.6501046008759228 
2.3  17.981691613844394 0.650970645215547 
2.4  18.127776208561606 0.6517495767820258 
2.5  18.264730652795087 0.6524543070565028 
2.6  18.39351374778089 0.6530952409915891 
2.7  18.514940892024903 0.6536808681849303 
2.8  18.629711947068998 0.6542181950989161 
2.9  18.738329941198344 0.65471252621559 
3.0  18.841622264787038 0.6551703621014147 
