#mmax= 5
#m-states: all states (FBR)
#Nr. of sites: 5
 
0.0  0.0 
0.1  0.025595271401643995 
0.2  0.05485472381560276 
0.3  0.0917987809876433 
0.4  0.14048442286915658 
0.41  0.14611004983325937 
0.42  0.15187648202413379 
0.43  0.15778268637445728 
0.44  0.1638259298270625 
0.45  0.17000321150912612 
0.46  0.17631185507184705 
0.47  0.18273985603833598 
0.48  0.18929297669279127 
0.49  0.1959692899195124 
0.5  0.20274388577779512 
0.51  0.20961693929059366 
0.52  0.21658387892431982 
0.53  0.22362890920135983 
0.54  0.23074823018107446 
0.55  0.23792756167917062 
0.56  0.2451566651047668 
0.57  0.2524245959831356 
0.58  0.2597191740646213 
0.59  0.26702894296561674 
0.6  0.27434014814232505 
0.7  0.3452690257298401 
0.8  0.4068243043449086 
0.9  0.4562725772589088 
1.0  0.4951219473821815 
1.1  0.5259325372904208 
1.2  0.5509197647401314 
1.3  0.5716970594863978 
1.4  0.5893689349438773 
1.5  0.604695926332825 
1.6  0.618198720983076 
1.7  0.6302479286912989 
1.8  0.6411118013937692 
1.9  0.6509924450506475 
2.0  0.6600421055592327 
2.1  0.6683810450390532 
2.2  0.6761045390405696 
2.3  0.6832896449027638 
2.4  0.6899997190166869 
2.5  0.6962875107882243 
2.6  0.7021974506812176 
2.7  0.7077673278220058 
2.8  0.7130295784727356 
2.9  0.7180081424644457 
3.0  0.722739673078031 
