#mmax= 5
#m-states: all states (FBR)
#Nr. of sites: 5
 
0.0 3.816294609880543e-29
0.1 -0.025035962483023866
0.2 -0.10058964487128819
0.3 -0.22807741262766967
0.4 -0.40995248357063474
0.41 -0.43124649354640354
0.42 -0.4531168720705452
0.43 -0.4755660622457185
0.44 -0.4985962747967676
0.45 -0.5222094984298735
0.46 -0.5464072866186491
0.47 -0.5711909489786962
0.48 -0.5965613384140767
0.49 -0.6225189905412982
0.5 -0.6490638966809641
0.51 -0.6761957721257872
0.52 -0.7039132676446016
0.53 -0.7322150174260713
0.54 -0.7610989199377158
0.55 -0.7905622935387484
0.56 -0.8206018659593539
0.57 -0.8512137695913538
0.58 -0.8823935432374768
0.59 -0.9141361387218012
0.6 -0.946435934291479
0.7 -1.2984847562629405
0.8 -1.6970124215960745
0.9 -2.1323312727626558
1.0 -2.5960544287009846
1.1 -3.081924247750088
1.2 -3.5855084247123017
1.3 -4.103669368691733
1.4 -4.634133831383558
1.5 -5.175205329353496
1.6 -5.725577799868958
1.7 -6.284217433166127
1.8 -6.850286731888993
1.9 -7.423092374276905
2.0 -8.00205119597318
2.1 -8.586665491755717
2.2 -9.17650536295774
2.3 -9.771195676511873
2.4 -10.370406218712759
2.5 -10.973844114428552
2.6 -11.581247888232461
2.7 -12.192382739497539
2.8 -12.80703673152842
2.9 -13.425017239112549
3.0 -14.04615016105285
