#mmax= 5
#m-states: all states (FBR)
#Nr. of sites: 5
 
0.0  0.0 
0.1  0.02297136686619829 
0.2  0.0767446868391507 
0.3  0.15626888070315395 
0.4  0.2605022418215111 
0.41  0.272124703616384 
0.42  0.28392579447512134 
0.43  0.29588996500695924 
0.44  0.30800038298335 
0.45  0.3202382984987757 
0.46  0.3325866964146556 
0.47  0.3450076598502219 
0.48  0.3575015977331636 
0.49  0.3700469939717037 
0.5  0.3825922005350349 
0.51  0.3951250714125334 
0.52  0.4076226680925082 
0.53  0.42004926990034697 
0.54  0.4323872389565903 
0.55  0.44460368288296803 
0.56  0.456673318210194 
0.57  0.46857107975245915 
0.58  0.48027132468759726 
0.59  0.49175113450411123 
0.6  0.5029859564924707 
0.7  0.5986574665010039 
0.8  0.661053851019298 
0.9  0.696594521425366 
1.0  0.7154291173787654 
1.1  0.725061838616353 
1.2  0.729869122110407 
1.3  0.7321805088804009 
1.4  0.7332000770925191 
1.5  0.7335494336960442 
1.6  0.7335535260303649 
1.7  0.7333832320599505 
1.8  0.7331317531126919 
1.9  0.7328470005400418 
2.0  0.7325552267895206 
2.1  0.7322698802894838 
2.2  0.7319975688665518 
2.3  0.7317411397358351 
2.4  0.7315013792966306 
2.5  0.7312779848962107 
2.6  0.7310701077166379 
2.7  0.7308766588841885 
2.8  0.7306964768264561 
2.9  0.7305280460748421 
3.0  0.7303705859484771 
