#mmax= 5
#m-states: all states (FBR)
#Nr. of sites: 5

0.0  -0.0  0.0
0.1  0.004761317101710502  0.0010924586547420608
0.2  0.027115685246066112  0.0026216457952794444
0.3  0.06332968668407866  0.00403971415109463
0.4  0.12530675127980467  0.005776270285562165
0.41  0.13832763283644284  0.006255719272380934
0.42  0.13055340759183073  0.006068322505528293
0.43  0.146916315970718  0.006277419219451557
0.44  0.16359652473611178  0.006661116152198253
0.45  0.16370249580960675  0.00668532885155174
0.46  0.1837908795795734  0.007092788843060939
0.47  0.19147898685260717  0.00725832580430281
0.48  0.19719807128206052  0.007414005938989053
0.49  0.2111246559023611  0.0076707350125348244
0.5  0.22828848784893352  0.008112771761705335
0.51  0.2220729401963331  0.007926223740626986
0.52  0.24737821675006721  0.008388096248788939
0.53  0.2522025532665848  0.008580152433587535
0.54  0.2834554316983819  0.009047854997170741
0.55  0.27970238568443756  0.009034531883869334
0.56  0.30278232436200697  0.009439495713838873
0.57  0.3075579852977913  0.009587787095509859
0.58  0.33544857950060364  0.010028031111381681
0.59  0.3345534566868073  0.010086433744037664
0.6  0.33558444184961667  0.010107934844392008
0.7  0.46871038719109326  0.012348483714470063
0.8  0.5610250181748201  0.013815076574079684
0.9  0.5941334412852148  0.014390991315858113
1.0  0.6632297813290697  0.015557744640728028
1.1  0.6925776241747003  0.016112917804843304
1.2  0.6724892391678715  0.015630014658727643
1.3  0.6761691476678668  0.015767619202590406
1.4  0.6904374521075242  0.01596833420075578
1.5  0.730805753188319  0.01656841139076147
1.6  0.6675816371010377  0.01573603390287539
1.7  0.7340459911358052  0.01669616451026304
1.8  0.7244450008647881  0.016454510570117438
1.9  0.6858404814237193  0.016024584806199525
2.0  0.7107813352556271  0.01629237290709932
2.1  0.7335106974004174  0.016747260807431136
2.2  0.6910607336214216  0.015933482496545717
2.3  0.7129395801766942  0.016248003365020712
2.4  0.7031382504973371  0.016204998213912046
2.5  0.7213132183440013  0.016426832365361396
2.6  0.7224694537705216  0.016428663775083147
2.7  0.7328781712446797  0.016647416319670153
2.8  0.7080262155916972  0.01625584065091395
2.9  0.7184681584693197  0.016522426970004375
3.0  0.6928551935854307  0.015945209712051413
