#mmax= 5
#m-states: all states (FBR)
#Nr. of sites: 5
 
0.0  -0.0 
0.1  0.006344210184242524 
0.2  0.026575520833616185 
0.3  0.06467298895154669 
0.4  0.12760950174430707 
0.41  0.13556348462219064 
0.42  0.143841006618251 
0.43  0.15244345948722982 
0.44  0.161370863001109 
0.45  0.170621098342202 
0.46  0.18019296445406577 
0.47  0.1900677056255946 
0.48  0.20025604813065145 
0.49  0.21075098479948082 
0.5  0.22151662819832468 
0.51  0.2325493962755981 
0.52  0.24383660447064345 
0.53  0.2553495632713342 
0.54  0.26707536003050125 
0.55  0.27898390274115353 
0.56  0.2910500924529095 
0.57  0.30324658666761034 
0.58  0.3155428997667573 
0.59  0.32790882009868294 
0.6  0.34030958130729816 
0.7  0.4596390412362961 
0.8  0.5543471441481161 
0.9  0.6171607114483996 
1.0  0.6547582550473581 
1.1  0.6762911163259766 
1.2  0.6885061166254928 
1.3  0.695487505328026 
1.4  0.6995307074956757 
1.5  0.7019046973663177 
1.6  0.7033123357862069 
1.7  0.7041501088700884 
1.8  0.7046463439881496 
1.9  0.7049344971694943 
2.0  0.7050944069220518 
2.1  0.7051746167124259 
2.2  0.7052050894297395 
2.3  0.7052045810611707 
2.4  0.7051849608158902 
2.5  0.7051538052071437 
2.6  0.7051159796249776 
2.7  0.7050746175372282 
2.8  0.705031734527741 
2.9  0.7049885779457131 
3.0  0.704945896963947 
