#mmax= 5
#m-states: all states (FBR)
#Nr. of sites: 5

0.0  0.0 0.0 0.0 NaN NaN 0.0 
0.1  -0.002 0.003535834488686207 0.050008502125531394 -0.6887930216629106 76.98767749728131 0.0 
0.2  -0.004 0.006519710626758227 0.17002650662665658 -0.1991944956239938 23.84797111840259 0.0 
0.3  -0.0135 0.010086122642893653 0.4069194798699681 -0.14460370960941568 8.562060862983126 0.0 
0.4  -0.002 0.013694739372168344 0.7501835458864712 -0.00538867025535206 4.210661802324434 0.0 
0.41  0.013 0.01376608609160826 0.7580205051262815 0.034018145365308075 4.783394784380057 0.0 
