#mmax= 5
#m-states: all states (FBR)
#Nr. of sites: 5
 
0.0  0.0 
0.1  0.0024807079704810137 
0.2  0.009688129235598059 
0.3  0.02089626338970243 
0.4  0.034793631168014434 
0.41  0.03626069886171083 
0.42  0.0377332282998286 
0.43  0.03920859282309543 
0.44  0.040684719192463366 
0.45  0.0421591029672053 
0.46  0.043629541325599736 
0.47  0.04509301866789854 
0.48  0.046547835854743466 
0.49  0.047991728161103614 
0.5  0.0494220380974265 
0.51  0.050837011083397665 
0.52  0.05223430205049963 
0.53  0.05361207865182585 
0.54  0.054968533142934956 
0.55  0.056302000789095905 
0.56  0.05761095643830262 
0.57  0.05889404057298576 
0.58  0.060150074561216973 
0.59  0.061378052993850886 
0.6  0.06257718834616245 
0.7  0.07292490895305548 
0.8  0.08061520386716482 
0.9  0.08656446874949965 
1.0  0.09157689446390734 
1.1  0.09612090015987988 
1.2  0.10042024378534695 
1.3  0.10457024916507976 
1.4  0.10860899272001098 
1.5  0.11254965398411311 
1.6  0.11639881293128523 
1.7  0.1201588910934619 
1.8  0.12383372726892486 
1.9  0.1274250891268729 
2.0  0.13093599715600862 
2.1  0.1343696890353318 
2.2  0.13772945134673656 
2.3  0.14101868572857568 
2.4  0.1442407429889334 
2.5  0.14739887423367024 
2.6  0.15049619877614848 
2.7  0.153535678506942 
2.8  0.1565201062951463 
2.9  0.15945260490795532 
3.0  0.16233367565623366 
