#mmax= 5
#m-states: all states (FBR)
#Nr. of sites: 5
 
0.0  4.554837717367488e-15 
0.1  -4.652863615412571e-10 
0.2  -1.3127381618433991e-8 
0.3  1.1710541257764203e-6 
0.4  -6.376372531066633e-7 
0.41  2.0265432593739893e-8 
0.42  -3.6241988802436667e-8 
0.43  -1.4278004564004991e-8 
0.44  -3.8017783262146686e-10 
0.45  -8.2550857578039e-10 
0.46  -9.040429982754055e-9 
0.47  1.0330694575819067e-8 
0.48  -2.5049346297140855e-8 
0.49  -7.287851078658404e-9 
0.5  -2.0030736278489456e-8 
0.51  -1.632936319921526e-7 
0.52  4.379656046907845e-7 
0.53  1.7179283616228627e-7 
0.54  6.433592651643425e-7 
0.55  2.4901341090112136e-7 
0.56  7.521886640896558e-7 
0.57  3.0907143465484463e-7 
0.58  9.71676712526594e-7 
0.59  4.234673813748398e-7 
0.6  1.1527114092502127e-6 
0.7  7.224055126671861e-6 
0.8  1.7169762132081607e-5 
0.9  1.3601566017728653e-5 
1.0  1.621174293454418e-5 
1.1  1.2959002112528118e-5 
1.2  1.91321245231696e-5 
1.3  2.0007025517178326e-5 
1.4  2.46527136975283e-5 
1.5  2.6338210761240065e-5 
1.6  2.714359708299586e-5 
1.7  2.7329785778824938e-5 
1.8  2.659224809589963e-5 
1.9  2.6378906769892737e-5 
2.0  2.6478851179000282e-5 
2.1  2.6587516252998163e-5 
2.2  2.6702444653720693e-5 
2.3  2.6820533374884072e-5 
2.4  2.6942470405656353e-5 
2.5  2.706528795690601e-5 
2.6  2.717830984372296e-5 
2.7  2.7278303931889783e-5 
2.8  2.7368139226207412e-5 
2.9  2.745100939112076e-5 
3.0  2.7530413091473926e-5 
