#mmax= 5
#m-states: all states (FBR)
#Nr. of sites: 5

0.0  -0.0  0.0
0.1  -0.0  1.73710421323825e-18
0.2  0.0012507819016526025  0.0005594366418383978
0.3  0.008788506033079123  0.001485719160613699
0.4  0.02071304159754157  0.0022876996634770812
0.41  0.02096830643619641  0.0023019005587966933
0.42  0.0245488729214127  0.0024929346236242057
0.43  0.027371196796132015  0.0026342061531956667
0.44  0.029428810690812168  0.0027328367039208402
0.45  0.028914010164642245  0.00270847808201685
0.46  0.028914010164642245  0.0027084780820168506
0.47  0.03744229547587003  0.0030887549954836894
0.48  0.0317486983145803  0.002840164213953624
0.49  0.044997365930735805  0.003392514324065171
0.5  0.045782192655127674  0.0034226484561257434
0.51  0.04892767362342347  0.003541078016925573
0.52  0.05129308298798901  0.003627819425918961
0.53  0.05551270993025883  0.003778118798189873
0.54  0.05287348960706791  0.0036847603282629793
0.55  0.0650719967437148  0.004100386332192968
0.56  0.06533555034582196  0.004108849682774942
0.57  0.05789397841890262  0.0038606202026025254
0.58  0.061077112617857594  0.003968496191847697
0.59  0.07444936371783782  0.004396162560281894
0.6  0.07769130771586988  0.004494696270244602
0.7  0.11934357371890686  0.005629944588861528
0.8  0.16162994469250566  0.006623084598518698
0.9  0.18116578242685097  0.007046278434510221
1.0  0.21553288780487545  0.007752828636591201
1.1  0.23516752266279747  0.00813811450813871
1.2  0.2502933761355148  0.008427178746088223
1.3  0.2860371221329408  0.00908966601003092
1.4  0.2877908414771214  0.009123072799832165
1.5  0.3059941723876755  0.009892094788338664
1.6  0.31797747848492636  0.009669027837721642
1.7  0.34805948097778966  0.010277843503421018
1.8  0.345614932745531  0.0103306882207286
1.9  0.3492027879905686  0.010264445969614087
2.0  0.37181263582108054  0.010571913264814398
2.1  0.3822547951922852  0.01075094993749813
2.2  0.3611629256869627  0.010682633051982438
2.3  0.4049390777641542  0.011172252737399711
2.4  0.4057127576683058  0.011170818883682414
2.5  0.41803640009489157  0.011328686693532906
2.6  0.43277230204079614  0.011633626435773906
2.7  0.42686978743906207  0.011498997705592545
2.8  0.43917454619689755  0.012369002476227693
2.9  0.43758721123942945  0.011710763713701276
3.0  0.46382900477783  0.012270156233513208
