#mmax= 5
#m-states: all states (FBR)
#Nr. of sites: 5

0.0  1.0  0.0
0.1  1.0  1.73710421323825e-18
0.2  0.99875  0.0005587373460360999
0.3  0.9912500000000002  0.0014727191179583292
0.4  0.9795  0.0022408018203758013
0.41  0.97925  0.002254136122201662
0.42  0.97575  0.0024324809590013188
0.43  0.973  0.0025630825870593837
0.44  0.971  0.0026535844395071356
0.45  0.9715  0.00263128645667937
0.46  0.9715  0.0026312864566793706
0.47  0.96325  0.002975243249399664
0.48  0.96875  0.002751409082267573
0.49  0.956  0.0032432436938063035
0.5  0.95525  0.0032694849377141164
0.51  0.9522500000000002  0.003371991541617377
0.52  0.9500002008296047  0.0034464291831965543
0.53  0.946  0.00357410038308762
0.54  0.9485000000000002  0.003494995171357437
0.55  0.937  0.0038420619932648106
0.56  0.9367530828142118  0.0038489776071596233
0.57  0.94375  0.003643460316206133
0.58  0.9407506932302123  0.0037333655435621785
0.59  0.9282544762245423  0.004080757574792412
0.6  0.9252500000000017  0.004158717724043826
0.7  0.8875028257278711  0.004996591731305944
0.8  0.8507559730589734  0.005634628782264675
0.9  0.8342970354430738  0.00587868920881834
1.0  0.8061117585759404  0.006249646326180444
1.1  0.7904384221874842  0.006432678391394236
1.2  0.7785723350195733  0.006561168233969228
1.3  0.7512347279938167  0.006828472772600219
1.4  0.7499184276673466  0.006841560409544875
1.5  0.7363909108443435  0.007284448691343292
1.6  0.7276191753162906  0.007035370061393278
1.7  0.7060568780118704  0.00725674209672003
1.8  0.7077849794579881  0.007311905950095272
1.9  0.7052500995174557  0.007239001541561881
2.0  0.6894834149166194  0.007289158860026537
2.1  0.6823211788991842  0.007335600835639835
2.2  0.6968654519348235  0.007444357909623625
2.3  0.6670174458148228  0.007452087484898018
2.4  0.6665015874016531  0.007445368518550692
2.5  0.6583382644133883  0.007458107935903499
2.6  0.648708184519407  0.00754682868452787
2.7  0.652548516709556  0.007503653896431003
2.8  0.6445682628714757  0.007972666439555066
2.9  0.645592221074932  0.007560377956412126
3.0  0.6288710792236347  0.0077163463928120605
