#mmax= 5
#m-states: all states (FBR)
#Nr. of sites: 5
 
0.0  0.0 
0.1  0.20127472640480465 
0.2  0.4104571415331201 
0.3  0.6363813691692835 
0.4  0.887531540874224 
0.41  0.914200321817123 
0.42  0.941143063933217 
0.43  0.9683496713538491 
0.44  0.9958091134296454 
0.45  1.0235064340449915 
0.46  1.0514312980947436 
0.47  1.0795352482713185 
0.48  1.1078394720275897 
0.49  1.1363332752377902 
0.5  1.1649327069153363 
0.51  1.1936382463662685 
0.52  1.2224323272103796 
0.53  1.251263869188315 
0.54  1.2801202711098016 
0.55  1.308955998944478 
0.56  1.3377389888534164 
0.57  1.366435545169579 
0.58  1.3950086097668564 
0.59  1.4234240448840945 
0.6  1.45164102572174 
0.7  1.7166622303423398 
0.8  1.9373708310230122 
0.9  2.1108061902872897 
1.0  2.245706705575305 
1.1  2.3523720340682552 
1.2  2.4389274359266033 
1.3  2.5110462358096686 
1.4  2.5725309385351443 
1.5  2.6259683642852094 
1.6  2.67312654377207 
1.7  2.715261527178041 
1.8  2.753287372779288 
1.9  2.7878920325010044 
2.0  2.8195976368662645 
2.1  2.848817936207002 
2.2  2.875882124310203 
2.3  2.901057567331664 
2.4  2.924564808760419 
2.5  2.946587994917743 
2.6  2.967282606039719 
2.7  2.9867811477384043 
2.8  3.005197537678414 
2.9  3.0226182201108203 
3.0  3.039165171440436 
