#mmax= 5
#m-states: all states (FBR)
#Nr. of sites: 5
 
0.0  0.0 
0.1  -0.09889364079822867 
0.2  -0.19103824627070903 
0.3  -0.26918624521871026 
0.4  -0.3255938493975978 
0.41  -0.3297601224840854 
0.42  -0.33363713583668186 
0.43  -0.33721892585602 
0.44  -0.34050539412139536 
0.45  -0.34349358800848706 
0.46  -0.3461838778073554 
0.47  -0.34857582411797455 
0.48  -0.3506675652564246 
0.49  -0.3524561155597406 
0.5  -0.3539571638041559 
0.51  -0.3551704892038939 
0.52  -0.35609681151310035 
0.53  -0.35674823238287556 
0.54  -0.3571273503855038 
0.55  -0.3572457522277954 
0.56  -0.3571123284343492 
0.57  -0.3567371612370368 
0.58  -0.35613191350837103 
0.59  -0.35530827302162743 
0.6  -0.3542804331524399 
0.7  -0.3355861274229795 
0.8  -0.31007361364337777 
0.9  -0.28571588125165454 
1.0  -0.265218916046579 
1.1  -0.24864188490657219 
1.2  -0.2352483769660776 
1.3  -0.22425799786407724 
1.4  -0.21505519875963494 
1.5  -0.2071846589539094 
1.6  -0.20033165983976564 
1.7  -0.1942698124128458 
1.8  -0.1888401672042112 
1.9  -0.18392225229841436 
2.0  -0.17942921462933364 
2.1  -0.17529375605078965 
2.2  -0.17146396814792475 
2.3  -0.16789898772060896 
2.4  -0.16456593269367115 
2.5  -0.16143795176484582 
2.6  -0.15849280331484808 
2.7  -0.1557118364503809 
2.8  -0.15307922378747152 
2.9  -0.15058565025303766 
3.0  -0.14820647912831214 
